0 0.8625 0.1320 0.8662 0.1500 0.8712 0.1580 0.9150 0.1920 0.9387 0.2240 0.9525 0.2580 0.9563 0.2920 0.9613 0.3100 0.9888 0.3140 0.9988 0.3120 0.9988 0.2460 0.9962 0.2440 0.9962 0.2380 0.9912 0.2260 0.9825 0.2120 0.9700 0.2020 0.9712 0.1960 0.9550 0.1600 0.9200 0.1160 0.9050 0.1040 0.8850 0.1020 0.8725 0.1100
0 0.2013 0.1280 0.2062 0.1480 0.2125 0.1580 0.2338 0.1740 0.2512 0.1760 0.2900 0.1900 0.3738 0.1880 0.3875 0.1840 0.3962 0.1540 0.4113 0.1300 0.4275 0.1200 0.4587 0.1140 0.4512 0.1080 0.4363 0.0820 0.4213 0.0720 0.4012 0.0720 0.3887 0.0780 0.3575 0.0780 0.3275 0.0700 0.2700 0.0740 0.2537 0.0660 0.2313 0.0660 0.2175 0.0740 0.2075 0.0880 0.2013 0.1080
0 0.4600 0.6220 0.4587 0.6460 0.5125 0.7040 0.5300 0.7640 0.4562 0.8280 0.4200 0.9280 0.3950 0.9760 0.3513 0.9900 0.3488 0.9980 0.6500 0.9980 0.7013 0.7900 0.7000 0.7540 0.6850 0.7040 0.6625 0.6740 0.6188 0.6480 0.5625 0.6500 0.5262 0.6280 0.4975 0.6220 0.4813 0.6320 0.4688 0.6200
0 0.9750 0.7040 0.9550 0.6980 0.9125 0.7140 0.9287 0.6700 0.9275 0.6580 0.9175 0.6580 0.8588 0.7340 0.7863 0.7260 0.7450 0.7460 0.7063 0.8040 0.6687 0.9320 0.6587 0.9980 0.8725 0.9980 0.8700 0.9640 0.8562 0.9080 0.8700 0.8360 0.8712 0.7920 0.9237 0.7500 0.9675 0.7280 0.9738 0.7200
0 0.9988 0.3200 0.9625 0.3160 0.9125 0.3480 0.8738 0.4020 0.8562 0.4180 0.8337 0.4640 0.8075 0.4980 0.8063 0.5140 0.8125 0.5400 0.8225 0.5400 0.8300 0.5640 0.8275 0.6060 0.8313 0.6140 0.8488 0.6180 0.8575 0.6120 0.9038 0.5480 0.9100 0.5440 0.9325 0.5420 0.9375 0.5500 0.9587 0.5500 0.9663 0.5180 0.9838 0.5100 0.9988 0.4960
0 0.8450 0.4220 0.8100 0.4040 0.7925 0.3460 0.7725 0.3080 0.7425 0.2900 0.7163 0.2960 0.6600 0.3360 0.6300 0.3720 0.5850 0.4920 0.5525 0.5260 0.5563 0.5580 0.5463 0.6100 0.5687 0.6420 0.6088 0.6400 0.6525 0.6540 0.6813 0.6160 0.6987 0.6080 0.7600 0.6940 0.7725 0.6860 0.7700 0.6480 0.8137 0.6660 0.8137 0.6400 0.7975 0.6200 0.7725 0.6120 0.7338 0.5700 0.7262 0.5400 0.7788 0.4880 0.7875 0.4440 0.7937 0.4440 0.8050 0.4760 0.8137 0.4800 0.8200 0.4420 0.8375 0.4420
0 0.3475 0.2900 0.3725 0.2880 0.3950 0.2660 0.4412 0.2520 0.4700 0.2100 0.5188 0.2140 0.5387 0.2420 0.5513 0.2760 0.5913 0.2760 0.6412 0.3440 0.6525 0.3340 0.6475 0.3020 0.6525 0.2900 0.6687 0.2940 0.6813 0.3180 0.7137 0.2920 0.7488 0.2840 0.7500 0.2720 0.7087 0.2000 0.6613 0.1580 0.5537 0.1260 0.4475 0.1200 0.4200 0.1260 0.4000 0.1500 0.3837 0.2340 0.3688 0.2560 0.3550 0.2640
0 0.4675 0.2140 0.4562 0.2300 0.4487 0.2520 0.4437 0.3140 0.4500 0.3540 0.4363 0.3860 0.4313 0.4120 0.4325 0.4480 0.4288 0.4640 0.4387 0.5500 0.4662 0.5860 0.4825 0.5880 0.5025 0.6020 0.5312 0.6000 0.5437 0.5900 0.5513 0.5740 0.5525 0.5460 0.5487 0.5200 0.5713 0.5040 0.5800 0.4860 0.5863 0.4460 0.5850 0.4240 0.5500 0.3140 0.5475 0.2840 0.5375 0.2440 0.5250 0.2260 0.5075 0.2140
0 0.3575 0.3640 0.3400 0.3640 0.3125 0.3820 0.2888 0.4260 0.2812 0.4720 0.2787 0.6040 0.2487 0.6720 0.2387 0.7240 0.2400 0.7480 0.2200 0.8220 0.2188 0.8400 0.2238 0.8460 0.2400 0.8120 0.2450 0.8200 0.2512 0.9520 0.2587 0.9800 0.2700 0.9940 0.2988 0.9920 0.2963 0.9360 0.3250 0.8820 0.3325 0.8940 0.3275 0.9800 0.3375 0.9860 0.3525 0.9740 0.3625 0.8700 0.3800 0.7780 0.3837 0.7120 0.4213 0.6340 0.4338 0.5860 0.4338 0.5140 0.4213 0.4400 0.3962 0.3900
0 0.1425 0.3000 0.1462 0.3720 0.1588 0.3960 0.1425 0.4400 0.0975 0.5100 0.0850 0.5380 0.0675 0.6020 0.0700 0.6740 0.0800 0.7040 0.1350 0.7440 0.1537 0.7500 0.1850 0.7300 0.1963 0.7480 0.2050 0.7480 0.2175 0.7020 0.2087 0.6820 0.2050 0.6580 0.2162 0.6480 0.2325 0.6040 0.2400 0.5280 0.2612 0.5060 0.2725 0.4720 0.2725 0.4400 0.2562 0.4000 0.2825 0.3520 0.2825 0.3440 0.2537 0.3260 0.2213 0.3200 0.1862 0.3240 0.1688 0.3080
0 0.1412 0.3420 0.1263 0.3440 0.0900 0.3620 0.0150 0.4280 0.0163 0.4360 0.0250 0.4420 0.0362 0.4580 0.0462 0.4800 0.0537 0.5060 0.0563 0.5440 0.0550 0.5660 0.0488 0.5880 0.0512 0.5980 0.0650 0.5980 0.0737 0.5620 0.0912 0.5160 0.1125 0.4800 0.1388 0.4440 0.1550 0.4020 0.1550 0.3940 0.1500 0.3760 0.1450 0.3680
0 0.6338 0.0760 0.6350 0.0900 0.6488 0.1080 0.6963 0.1240 0.7137 0.1440 0.7462 0.1440 0.7700 0.1320 0.8000 0.1340 0.8187 0.1420 0.8450 0.1400 0.8588 0.1440 0.8600 0.1400 0.8512 0.1160 0.8313 0.0940 0.7863 0.0660 0.7550 0.0560 0.7225 0.0380 0.6913 0.0360 0.6825 0.0420 0.6675 0.0440 0.6450 0.0600
0 0.7562 0.1460 0.7575 0.1600 0.7700 0.1800 0.7638 0.1900 0.7438 0.1960 0.7462 0.2260 0.7425 0.2380 0.7550 0.2480 0.7925 0.2360 0.8213 0.2380 0.8263 0.2500 0.8325 0.2980 0.8538 0.3260 0.8462 0.3400 0.7987 0.3500 0.8063 0.3840 0.8225 0.3860 0.8725 0.3700 0.8788 0.3620 0.8888 0.3640 0.9550 0.3140 0.9500 0.2560 0.9337 0.2200 0.9175 0.1980 0.8612 0.1500 0.8438 0.1420 0.8200 0.1440 0.7925 0.1340 0.7650 0.1360
0 0.0000 0.1860 0.0000 0.3020 0.0187 0.3360 0.0400 0.3500 0.0750 0.3620 0.0850 0.3620 0.1100 0.3460 0.1388 0.3380 0.1388 0.2980 0.1412 0.2940 0.1713 0.3020 0.1888 0.3160 0.2112 0.2860 0.2475 0.2640 0.2562 0.2460 0.2525 0.2360 0.2400 0.2300 0.1925 0.2320 0.1688 0.2260 0.1325 0.2260 0.1025 0.1980 0.0762 0.1880 0.0563 0.1880 0.0488 0.1780 0.0338 0.1700 0.0175 0.1720
0 0.4525 0.0940 0.4537 0.1040 0.4738 0.1200 0.5487 0.1220 0.6100 0.1420 0.6350 0.1460 0.6700 0.1600 0.6863 0.1800 0.7000 0.1900 0.7050 0.1880 0.7100 0.1760 0.7100 0.1540 0.7063 0.1400 0.6937 0.1260 0.6488 0.1140 0.6088 0.0880 0.5663 0.0720 0.5375 0.0500 0.5125 0.0480 0.4900 0.0640 0.4775 0.0680
