0 0.6737 0.2460 0.6625 0.2360 0.6375 0.2300 0.6350 0.2260 0.6375 0.2140 0.6338 0.2100 0.6000 0.2160 0.5850 0.2280 0.5625 0.2280 0.4975 0.3040 0.4662 0.3600 0.4512 0.4120 0.4475 0.4980 0.4662 0.5460 0.5150 0.5540 0.5563 0.5280 0.5613 0.5340 0.5637 0.5500 0.5713 0.5540 0.5775 0.5440 0.5925 0.4900 0.5925 0.4780 0.5863 0.4620 0.5950 0.4200 0.5938 0.3880 0.6212 0.3620 0.6400 0.3280 0.6600 0.3240 0.6625 0.3060 0.6512 0.2780 0.6787 0.2700
0 0.9988 0.4040 0.9775 0.4000 0.9725 0.4020 0.9587 0.4260 0.9437 0.4340 0.9113 0.4340 0.8900 0.4460 0.8600 0.4560 0.8562 0.4660 0.8562 0.4840 0.8850 0.5040 0.8962 0.5240 0.9062 0.5340 0.9025 0.5420 0.8938 0.5480 0.8912 0.5560 0.8912 0.5640 0.8975 0.5700 0.9150 0.5620 0.9363 0.5420 0.9637 0.5600 0.9800 0.5620 0.9988 0.5720
0 0.9413 0.0340 0.9350 0.0320 0.9313 0.0400 0.9225 0.0420 0.9150 0.0480 0.9000 0.0680 0.8825 0.0760 0.8738 0.0840 0.8675 0.0940 0.8625 0.1080 0.8625 0.1160 0.8775 0.1440 0.8812 0.1600 0.8850 0.1660 0.8938 0.1720 0.9038 0.1740 0.9050 0.1760 0.9200 0.1760 0.9287 0.1700 0.9387 0.1560 0.9437 0.1360 0.9463 0.0980 0.9600 0.0860 0.9625 0.0780 0.9550 0.0560
0 0.9637 0.0860 0.9537 0.0940 0.9475 0.1040 0.9450 0.1400 0.9463 0.1460 0.9513 0.1500 0.9550 0.1580 0.9575 0.1820 0.9625 0.1980 0.9663 0.2040 0.9637 0.2100 0.9450 0.2100 0.9387 0.2140 0.9387 0.2200 0.9437 0.2340 0.9575 0.2460 0.9663 0.2460 0.9825 0.2560 0.9988 0.2620 0.9988 0.1000 0.9850 0.0860 0.9788 0.0840
0 0.8175 0.6800 0.7850 0.7180 0.7837 0.7480 0.7950 0.8340 0.7950 0.9020 0.7913 0.9460 0.7812 0.9980 0.8788 0.9980 0.8912 0.9020 0.8888 0.8740 0.8788 0.8380 0.9012 0.8280 0.8925 0.7900 0.9000 0.7760 0.9000 0.7660 0.8875 0.7280 0.8812 0.7220 0.8738 0.7220 0.8612 0.7420 0.8387 0.7320 0.8300 0.7180 0.8275 0.6860
0 0.1062 0.8240 0.0988 0.8640 0.0963 0.9060 0.1013 0.9400 0.1100 0.9620 0.1175 0.9980 0.3225 0.9980 0.3212 0.9840 0.3038 0.9260 0.2988 0.8800 0.2900 0.8480 0.2750 0.8080 0.2587 0.7820 0.2362 0.7600 0.1925 0.7360 0.1737 0.7360 0.1462 0.7540 0.1288 0.7740
0 0.2275 0.5860 0.2150 0.6460 0.2162 0.7320 0.2313 0.7420 0.2475 0.7360 0.2475 0.6900 0.2525 0.6860 0.2575 0.7620 0.2975 0.8500 0.3175 0.9460 0.3350 0.9920 0.5325 0.9980 0.6225 0.9840 0.6338 0.9440 0.6312 0.9240 0.5988 0.8920 0.5837 0.8620 0.5950 0.7940 0.5913 0.7480 0.5475 0.7520 0.4925 0.7220 0.4575 0.7180 0.4350 0.6200 0.3950 0.5600 0.3613 0.5280 0.3225 0.5180 0.2838 0.5240 0.2550 0.5460
0 0.0125 0.1260 0.0000 0.1280 0.0000 0.3360 0.0025 0.3380 0.0025 0.3720 0.0075 0.3960 0.0075 0.4180 0.0138 0.4300 0.0238 0.4300 0.0638 0.3580 0.0663 0.3580 0.0750 0.3740 0.0875 0.3660 0.0813 0.3460 0.0788 0.3260 0.0887 0.3080 0.0912 0.2760 0.0887 0.2600 0.0762 0.2320 0.0725 0.2100 0.0587 0.1620 0.0537 0.1520 0.0300 0.1300
0 0.0325 0.0700 0.0213 0.0900 0.0088 0.1220 0.0312 0.1260 0.0525 0.1460 0.0612 0.1620 0.0712 0.1940 0.0813 0.1980 0.0862 0.2060 0.0912 0.2260 0.1087 0.2460 0.1175 0.2480 0.1288 0.2400 0.1350 0.2300 0.1425 0.2020 0.1550 0.1840 0.1537 0.1600 0.1600 0.1520 0.1700 0.1500 0.1750 0.1440 0.1750 0.1380 0.1663 0.1260 0.1462 0.1300 0.1338 0.1020 0.1237 0.0940 0.1138 0.0780 0.0950 0.0660 0.0813 0.0520 0.0700 0.0480 0.0563 0.0500 0.0413 0.0600
0 0.3312 0.3200 0.3162 0.3160 0.2762 0.2860 0.2637 0.2580 0.2700 0.2240 0.2700 0.1900 0.2537 0.1460 0.2400 0.1260 0.2238 0.1180 0.2112 0.1200 0.1787 0.1440 0.1375 0.2160 0.1375 0.2260 0.1550 0.2200 0.1525 0.2480 0.1550 0.2880 0.1475 0.3080 0.1313 0.3360 0.1075 0.3620 0.0800 0.3760 0.0788 0.3960 0.1113 0.3940 0.1325 0.3780 0.1800 0.3720 0.1975 0.3740 0.2275 0.4020 0.2550 0.4100 0.2863 0.3700 0.2938 0.3520 0.3225 0.3340
0 0.4575 0.2160 0.4437 0.2000 0.4387 0.2000 0.4338 0.2100 0.4000 0.2000 0.3837 0.2320 0.3850 0.2460 0.3638 0.2680 0.3500 0.3060 0.2650 0.4020 0.2400 0.4540 0.2300 0.4880 0.2213 0.5360 0.2238 0.5780 0.2325 0.5740 0.2650 0.5320 0.3013 0.5140 0.3663 0.5260 0.4037 0.5660 0.4163 0.5660 0.4225 0.5560 0.4412 0.4880 0.4500 0.4020 0.4612 0.3620 0.4775 0.3320 0.4650 0.2780 0.4700 0.2480
0 0.4450 0.0400 0.4475 0.0580 0.4512 0.0620 0.4587 0.0620 0.4738 0.0460 0.4900 0.0480 0.4888 0.0720 0.4963 0.1000 0.4900 0.1260 0.4750 0.1600 0.4750 0.1680 0.4813 0.1740 0.4863 0.1720 0.4950 0.1580 0.4988 0.1420 0.5100 0.1260 0.5250 0.1640 0.5425 0.1780 0.5475 0.1900 0.5613 0.1920 0.5650 0.1880 0.5675 0.1680 0.5837 0.1300 0.5900 0.1380 0.5925 0.1360 0.5863 0.1080 0.5837 0.0740 0.5750 0.0480 0.5787 0.0320 0.5687 0.0000 0.4938 0.0000 0.4850 0.0140 0.4675 0.0300 0.4550 0.0320
0 0.5787 0.0440 0.5962 0.1400 0.6075 0.1540 0.6825 0.1880 0.6850 0.2060 0.6950 0.2080 0.7037 0.2200 0.7013 0.2420 0.7063 0.2500 0.7312 0.2460 0.7600 0.2700 0.7712 0.2700 0.7775 0.2600 0.7750 0.1900 0.7863 0.1820 0.7925 0.1640 0.8125 0.1600 0.8313 0.1680 0.8363 0.1620 0.8350 0.1520 0.8263 0.1460 0.8075 0.1420 0.7662 0.1180 0.7400 0.1100 0.6937 0.0800 0.6438 0.0620 0.6312 0.0420 0.6175 0.0320 0.5900 0.0300 0.5813 0.0360
0 0.8100 0.0820 0.8000 0.1020 0.7975 0.1320 0.8300 0.1440 0.8375 0.1520 0.8387 0.1640 0.8337 0.1700 0.8075 0.1640 0.8037 0.1960 0.8037 0.2260 0.8063 0.2340 0.8213 0.2520 0.8363 0.2820 0.8538 0.3000 0.9038 0.3120 0.9313 0.3280 0.9463 0.3280 0.9487 0.3180 0.9450 0.3120 0.9263 0.3020 0.9413 0.2900 0.9400 0.2860 0.9175 0.2680 0.9087 0.2320 0.8788 0.1720 0.8775 0.1520 0.8600 0.1160 0.8575 0.1040 0.8413 0.0880 0.8213 0.0900 0.8150 0.0820
0 0.7288 0.3300 0.7025 0.3600 0.6737 0.3660 0.6538 0.3860 0.6388 0.4180 0.6300 0.4640 0.6288 0.5380 0.6162 0.6080 0.6138 0.6960 0.6212 0.8000 0.6200 0.8760 0.6400 0.9240 0.6288 0.9920 0.6388 0.9980 0.7762 0.9980 0.7900 0.9360 0.7913 0.8200 0.7812 0.7560 0.7700 0.6000 0.7775 0.5180 0.7762 0.4680 0.7638 0.4160 0.7350 0.3700
