0 0.2850 0.3460 0.2787 0.3940 0.2075 0.5220 0.2162 0.5280 0.2750 0.4660 0.2938 0.4700 0.2988 0.4940 0.2537 0.5780 0.2537 0.6020 0.2700 0.6020 0.3125 0.5420 0.3438 0.5320 0.3912 0.6160 0.4512 0.6400 0.4625 0.6580 0.4625 0.7460 0.4275 0.8140 0.4225 0.8520 0.4375 0.8520 0.4963 0.7700 0.5025 0.7720 0.4913 0.8480 0.5112 0.8480 0.5288 0.8120 0.5337 0.7620 0.5475 0.7300 0.5775 0.6980 0.6075 0.6340 0.6088 0.5860 0.5988 0.5480 0.5012 0.4220 0.3638 0.3360 0.3700 0.3100 0.3588 0.2980
0 0.8788 0.0720 0.8812 0.0760 0.8800 0.0820 0.8812 0.0960 0.8838 0.1020 0.8875 0.1000 0.8938 0.1160 0.8900 0.1360 0.8950 0.1440 0.8975 0.1460 0.9300 0.1460 0.9375 0.1420 0.9563 0.1420 0.9587 0.1380 0.9575 0.1280 0.9550 0.1220 0.9550 0.1160 0.9663 0.0960 0.9675 0.0740 0.9587 0.0480 0.9525 0.0420 0.9400 0.0200 0.9325 0.0160 0.9225 0.0160 0.9163 0.0200 0.9062 0.0360 0.9050 0.0420 0.8988 0.0540 0.8875 0.0640 0.8825 0.0660
0 0.9012 0.0320 0.8962 0.0220 0.8788 0.0060 0.8688 0.0040 0.8675 0.0000 0.8562 0.0000 0.8550 0.0040 0.8475 0.0040 0.8400 0.0080 0.8287 0.0200 0.8213 0.0240 0.7875 0.0240 0.7762 0.0340 0.7738 0.0340 0.7788 0.0440 0.7812 0.0660 0.7937 0.0700 0.8050 0.0840 0.8125 0.0900 0.8250 0.0880 0.8263 0.0860 0.8363 0.0860 0.8562 0.0960 0.8612 0.0960 0.8688 0.1020 0.8750 0.0940 0.8762 0.0840 0.8812 0.0700 0.9000 0.0460
0 0.8013 0.0840 0.7963 0.0760 0.7887 0.0720 0.7812 0.0720 0.7750 0.0760 0.7638 0.0700 0.7450 0.0700 0.7275 0.0820 0.7013 0.0880 0.6850 0.0960 0.6713 0.1080 0.6613 0.1260 0.6538 0.1540 0.6525 0.1780 0.6475 0.1980 0.6512 0.2040 0.6575 0.2040 0.6613 0.2140 0.6687 0.2120 0.6887 0.1980 0.7238 0.1960 0.7450 0.2060 0.7512 0.2060 0.7562 0.2020 0.7675 0.1840 0.7825 0.1340 0.8013 0.1080
0 0.7612 0.0400 0.7550 0.0240 0.7388 0.0080 0.7300 0.0040 0.7125 0.0060 0.6813 0.0280 0.6813 0.0340 0.6700 0.0480 0.6538 0.0500 0.6312 0.0680 0.6162 0.0760 0.5988 0.0780 0.5938 0.0840 0.5962 0.0880 0.5938 0.0980 0.6000 0.1060 0.6112 0.1100 0.6212 0.1180 0.6275 0.1180 0.6488 0.1340 0.6575 0.1340 0.6625 0.1180 0.6687 0.1080 0.6837 0.0940 0.7050 0.0840 0.7200 0.0820 0.7425 0.0680 0.7588 0.0660 0.7612 0.0580
0 0.5887 0.0880 0.5737 0.0740 0.5363 0.0060 0.5288 0.0000 0.4925 0.0000 0.4788 0.0080 0.4500 0.0100 0.4113 0.0280 0.3912 0.0320 0.3750 0.0460 0.3613 0.0740 0.3375 0.0900 0.3563 0.1220 0.3825 0.1420 0.3962 0.1440 0.4100 0.1300 0.4250 0.1360 0.4325 0.1040 0.4425 0.0800 0.4375 0.0520 0.4575 0.0420 0.5075 0.0520 0.5450 0.0900 0.5575 0.0900 0.5737 0.0980
0 0.2625 0.3200 0.2338 0.3040 0.1825 0.3060 0.1000 0.3720 0.0638 0.4160 0.0387 0.4560 0.0138 0.5340 0.0075 0.5680 0.0100 0.6300 0.0000 0.6800 0.0175 0.6560 0.0675 0.7000 0.1150 0.7020 0.1600 0.7480 0.1825 0.7580 0.1975 0.7560 0.2013 0.7400 0.2362 0.7380 0.2362 0.7180 0.1663 0.6680 0.1437 0.6240 0.1400 0.6040 0.1825 0.5680 0.1988 0.5320 0.2050 0.4880 0.2175 0.4860 0.2375 0.4640 0.2462 0.4100 0.2675 0.4080 0.2737 0.3840 0.2587 0.3560 0.2750 0.3460
0 0.4425 0.0580 0.4487 0.0780 0.4313 0.1160 0.4238 0.1740 0.4288 0.2020 0.4500 0.2460 0.4650 0.2580 0.5112 0.2800 0.5600 0.2600 0.5775 0.2600 0.5962 0.2760 0.6200 0.2700 0.6212 0.2640 0.6088 0.2460 0.6062 0.2340 0.5925 0.2340 0.5750 0.2240 0.5500 0.1820 0.5500 0.1620 0.5437 0.1360 0.5763 0.1480 0.5875 0.1400 0.5850 0.1340 0.5563 0.1120 0.5212 0.0660 0.5062 0.0540 0.4625 0.0480
0 0.6462 0.7200 0.6800 0.7460 0.7238 0.7420 0.7425 0.7720 0.7725 0.9480 0.7900 0.9980 0.9988 0.9940 0.9988 0.9480 0.9762 0.9260 0.9563 0.8440 0.9050 0.7520 0.9337 0.7400 0.9413 0.6980 0.8888 0.7160 0.8825 0.7040 0.8850 0.6880 0.9025 0.6780 0.9150 0.6580 0.9113 0.6300 0.8775 0.6420 0.8287 0.6120 0.7937 0.6060 0.7812 0.5900 0.7350 0.5780 0.7175 0.6060 0.6887 0.6280 0.6750 0.6520 0.6700 0.6940
0 0.8812 0.2740 0.8775 0.2900 0.8775 0.3040 0.8712 0.3140 0.8662 0.3400 0.8638 0.3440 0.8738 0.3760 0.9025 0.3780 0.9163 0.3740 0.9437 0.4140 0.9888 0.4440 0.9988 0.4460 0.9988 0.2960 0.9862 0.2860 0.9637 0.2760 0.9463 0.2600 0.9213 0.2500 0.9000 0.2540 0.8900 0.2620
0 0.7850 0.1400 0.7825 0.1520 0.7825 0.1820 0.7875 0.2040 0.8150 0.2560 0.8425 0.2760 0.8588 0.2820 0.8738 0.2820 0.8862 0.2620 0.9038 0.2460 0.9563 0.2540 0.9675 0.2500 0.9712 0.2400 0.9700 0.2320 0.9375 0.2240 0.8825 0.1900 0.8800 0.1860 0.8788 0.1640 0.8688 0.1340 0.8712 0.1300 0.8875 0.1280 0.8900 0.1200 0.8712 0.1120 0.8512 0.0960 0.8387 0.0900 0.8113 0.0940
0 0.4075 0.1700 0.3987 0.1560 0.3513 0.1220 0.3275 0.0880 0.3025 0.0800 0.2888 0.0820 0.2587 0.0980 0.2562 0.1040 0.2600 0.1200 0.2537 0.1280 0.2200 0.1280 0.1963 0.1500 0.1825 0.1720 0.1713 0.2120 0.1537 0.2500 0.1462 0.2580 0.1450 0.2720 0.1725 0.3000 0.2387 0.2980 0.2712 0.3140 0.2888 0.3300 0.3050 0.3260 0.3050 0.3100 0.2750 0.2700 0.2750 0.2620 0.3187 0.1960 0.3713 0.1840 0.3962 0.1880 0.4075 0.1800
0 0.2575 0.1120 0.2475 0.1040 0.2175 0.1020 0.1812 0.0880 0.1550 0.0940 0.0900 0.1600 0.0775 0.1800 0.0512 0.2420 0.0500 0.2580 0.0750 0.2820 0.1037 0.2900 0.1437 0.3160 0.1550 0.3140 0.1575 0.3080 0.1562 0.2980 0.1437 0.2840 0.1350 0.2660 0.1375 0.2520 0.1562 0.2360 0.1700 0.2100 0.1825 0.1660 0.1963 0.1460 0.2200 0.1240 0.2550 0.1240
0 0.0300 0.2540 0.0000 0.2560 0.0000 0.6540 0.0063 0.6280 0.0050 0.5700 0.0075 0.5520 0.0413 0.4400 0.0963 0.3720 0.1000 0.3460 0.1225 0.3460 0.1375 0.3340 0.1375 0.3240 0.1175 0.3020 0.0737 0.2860 0.0475 0.2620
0 0.1975 0.0000 0.1875 0.0000 0.1825 0.0060 0.1700 0.0060 0.1613 0.0100 0.1263 0.0380 0.1013 0.0680 0.0788 0.0840 0.0688 0.1060 0.0612 0.1380 0.0625 0.1560 0.0675 0.1720 0.0750 0.1800 0.0887 0.1580 0.1025 0.1420 0.1250 0.1240 0.1400 0.1040 0.1537 0.0920 0.1675 0.0860 0.2087 0.0900 0.2112 0.0820 0.2075 0.0520 0.2087 0.0400 0.2050 0.0200
0 0.4487 0.0060 0.4475 0.0000 0.3362 0.0000 0.3350 0.0040 0.2925 0.0140 0.2737 0.0260 0.2537 0.0480 0.2412 0.0500 0.2338 0.0720 0.2313 0.0960 0.2500 0.1000 0.2712 0.0860 0.2925 0.0780 0.3125 0.0780 0.3287 0.0860 0.3362 0.0860 0.3588 0.0720 0.3725 0.0460 0.3925 0.0280 0.4238 0.0200 0.4462 0.0100
