0 0.7600 0.0160 0.7575 0.0720 0.7625 0.1180 0.7675 0.1300 0.7837 0.1480 0.7987 0.1480 0.8213 0.0940 0.8287 0.1060 0.8375 0.1120 0.8725 0.1120 0.8762 0.1160 0.9038 0.0940 0.9187 0.0960 0.9363 0.1040 0.9425 0.1020 0.9437 0.0960 0.9387 0.0760 0.9325 0.0660 0.9263 0.0620 0.9050 0.0240 0.8812 0.0000 0.7662 0.0000
0 0.5925 0.4140 0.5900 0.4280 0.6000 0.4560 0.5613 0.4720 0.5613 0.5140 0.6188 0.5720 0.6737 0.6480 0.6850 0.8340 0.7312 0.7540 0.7450 0.7600 0.7762 0.8700 0.7688 0.9280 0.7700 0.9980 0.9313 0.9980 0.9475 0.9240 0.9500 0.8400 0.9363 0.7180 0.9062 0.6240 0.8588 0.5580 0.8063 0.5060 0.7025 0.4280 0.6675 0.3860 0.6375 0.3740 0.6312 0.3840 0.6388 0.4100 0.6125 0.4040
0 0.2238 0.6040 0.2188 0.6760 0.1950 0.7240 0.1888 0.7520 0.1888 0.7940 0.2013 0.9060 0.2162 0.9480 0.2437 0.9520 0.2662 0.9980 0.5162 0.9980 0.4725 0.8920 0.3650 0.7120 0.3287 0.6700 0.3050 0.6520 0.2425 0.6500 0.2362 0.6380 0.2325 0.6100
0 0.0000 0.1540 0.0000 0.3280 0.0138 0.3400 0.0413 0.4180 0.0737 0.6180 0.0775 0.6920 0.0875 0.6960 0.0975 0.6700 0.0912 0.5820 0.0925 0.5360 0.1000 0.5100 0.1225 0.4840 0.1363 0.5920 0.1425 0.6020 0.1512 0.6020 0.1562 0.5920 0.1512 0.5000 0.1613 0.4620 0.1650 0.4100 0.1588 0.3300 0.1400 0.2820 0.0875 0.1900 0.0413 0.1600
0 0.1237 0.2460 0.1537 0.3040 0.1613 0.3320 0.1675 0.3800 0.1650 0.4700 0.1900 0.4940 0.1963 0.5340 0.2362 0.6080 0.2437 0.6420 0.2562 0.6440 0.2612 0.6280 0.2400 0.5380 0.2888 0.5540 0.3738 0.5620 0.3787 0.5540 0.3750 0.5220 0.3550 0.4900 0.3362 0.4320 0.3500 0.4200 0.3463 0.4080 0.3300 0.3960 0.3025 0.3940 0.2750 0.3580 0.2137 0.3180 0.2013 0.3000 0.1888 0.2600 0.1700 0.2380 0.1437 0.2340
0 0.0475 0.1220 0.0512 0.1260 0.0775 0.1260 0.1075 0.1120 0.1250 0.1880 0.1300 0.1880 0.1325 0.1800 0.1363 0.1240 0.1450 0.0960 0.1888 0.0920 0.2200 0.0680 0.2362 0.1220 0.2437 0.1320 0.2512 0.1300 0.2637 0.1020 0.2675 0.0700 0.2812 0.0320 0.2825 0.0080 0.2800 0.0000 0.1037 0.0000 0.0762 0.0220 0.0488 0.0600 0.0462 0.0720
0 0.2850 0.0560 0.2737 0.0800 0.2737 0.0880 0.2838 0.0960 0.2750 0.1100 0.2562 0.1280 0.2562 0.1400 0.2650 0.1600 0.2750 0.1660 0.3200 0.1720 0.3237 0.1780 0.3237 0.2060 0.3262 0.2180 0.3325 0.2160 0.3375 0.2080 0.3400 0.1820 0.3725 0.1920 0.3762 0.2020 0.3775 0.2380 0.3800 0.2460 0.3837 0.2460 0.3975 0.1960 0.4313 0.1520 0.4300 0.1380 0.4250 0.1220 0.4138 0.1060 0.4062 0.0720 0.3900 0.0520 0.3362 0.0400
0 0.5325 0.1180 0.4988 0.1040 0.4625 0.1080 0.4350 0.1560 0.4213 0.1700 0.3975 0.2100 0.3837 0.2700 0.3850 0.3100 0.3900 0.3260 0.4000 0.3400 0.4163 0.3500 0.4625 0.3440 0.4800 0.3280 0.4863 0.3280 0.4925 0.3480 0.4988 0.3460 0.5050 0.3300 0.5088 0.3080 0.5088 0.2940 0.5012 0.2860 0.5025 0.2400 0.5250 0.2040 0.5262 0.1580 0.5325 0.1340
0 0.6012 0.0200 0.5763 0.0160 0.5675 0.0200 0.5575 0.0320 0.5513 0.0500 0.5463 0.0840 0.5325 0.1400 0.5288 0.1760 0.5300 0.2360 0.5375 0.2720 0.5375 0.2940 0.5400 0.3040 0.5450 0.3080 0.5500 0.3080 0.5575 0.2960 0.5600 0.2780 0.5650 0.2660 0.5787 0.2660 0.5875 0.2560 0.6262 0.1940 0.6300 0.1800 0.6362 0.1340 0.6362 0.1120 0.6312 0.0780 0.6188 0.0340
0 0.8950 0.2500 0.8562 0.1880 0.8013 0.1600 0.7462 0.1540 0.6587 0.1780 0.6275 0.1980 0.5387 0.3380 0.5288 0.3720 0.5575 0.3860 0.5687 0.4140 0.5825 0.4160 0.6212 0.3960 0.6388 0.3680 0.6825 0.3920 0.6987 0.3520 0.7475 0.3660 0.7975 0.3640 0.8025 0.3740 0.8000 0.3920 0.7762 0.4460 0.7775 0.4520 0.7950 0.4460 0.8213 0.4020 0.8250 0.4360 0.8050 0.4880 0.8087 0.5000 0.8300 0.4880 0.8562 0.4200 0.8575 0.3920 0.8825 0.3500 0.8925 0.3120
0 0.9025 0.1000 0.8850 0.1120 0.8738 0.1320 0.8650 0.1900 0.8800 0.2180 0.8988 0.2400 0.9200 0.2960 0.9150 0.4420 0.9050 0.4860 0.9050 0.5080 0.9087 0.5200 0.9200 0.5220 0.9337 0.4480 0.9637 0.4340 0.9663 0.4400 0.9575 0.4880 0.9575 0.5200 0.9600 0.5300 0.9663 0.5340 0.9725 0.5280 0.9812 0.4540 0.9988 0.4140 0.9988 0.2320 0.9925 0.2020 0.9788 0.1740 0.9363 0.1100
