0 0.1187 0.0000 0.0575 0.0000 0.0462 0.0340 0.0350 0.0520 0.0300 0.0680 0.0288 0.0900 0.0238 0.1160 0.0238 0.1280 0.0275 0.1380 0.0275 0.1480 0.0325 0.1560 0.0437 0.1540 0.0475 0.1580 0.0537 0.1580 0.0587 0.1540 0.0625 0.1480 0.0762 0.1380 0.0950 0.1040 0.1000 0.1160 0.1050 0.1140 0.1062 0.1040 0.1113 0.0880 0.1150 0.0580 0.1200 0.0420 0.1212 0.0220 0.1237 0.0160 0.1237 0.0120
0 0.8650 0.1500 0.8688 0.1780 0.8725 0.1900 0.8788 0.2000 0.8875 0.2060 0.9075 0.2040 0.9150 0.1980 0.9213 0.1980 0.9513 0.2120 0.9650 0.1760 0.9738 0.1660 0.9900 0.1400 0.9988 0.1340 0.9988 0.0980 0.9425 0.0980 0.9275 0.0940 0.9187 0.0880 0.9075 0.0860 0.8862 0.0980 0.8788 0.1060 0.8712 0.1200
0 0.7825 0.1240 0.7825 0.1340 0.7875 0.1560 0.7900 0.1940 0.8000 0.2100 0.8050 0.2260 0.8100 0.2560 0.8163 0.2700 0.8175 0.2820 0.8237 0.2860 0.8550 0.2880 0.8612 0.2920 0.8700 0.2860 0.8762 0.2720 0.8762 0.2640 0.8738 0.2560 0.8638 0.2400 0.8588 0.2240 0.8600 0.2180 0.8675 0.2220 0.8738 0.2220 0.8650 0.1960 0.8538 0.1800 0.8337 0.1720 0.8187 0.1460 0.8037 0.1300 0.7900 0.1240
0 0.6200 0.0000 0.6100 0.0320 0.6100 0.0740 0.6338 0.2760 0.6375 0.2840 0.6450 0.2780 0.6450 0.1800 0.6512 0.1540 0.6575 0.1520 0.6750 0.1860 0.6787 0.3240 0.6887 0.3300 0.6937 0.3220 0.6975 0.2700 0.7063 0.2660 0.7325 0.3180 0.7300 0.4000 0.7362 0.4100 0.7450 0.4100 0.7475 0.3680 0.7750 0.3600 0.7788 0.3060 0.7887 0.2580 0.7950 0.2540 0.8150 0.2900 0.8025 0.2240 0.7875 0.1960 0.7812 0.1320 0.7425 0.0260 0.7275 0.0040
0 0.1412 0.4460 0.1200 0.4660 0.0788 0.4780 0.0537 0.4980 0.0187 0.5720 0.0000 0.6340 0.0000 0.9980 0.1163 0.9980 0.1363 0.9520 0.1562 0.8300 0.1562 0.7200 0.1625 0.6900 0.1638 0.6120 0.1725 0.5760 0.1888 0.5480 0.1837 0.5300 0.1512 0.4780
0 0.4387 0.2080 0.4288 0.2420 0.3987 0.2500 0.3762 0.2740 0.2913 0.4680 0.2487 0.5340 0.2162 0.6080 0.2000 0.5540 0.1850 0.5580 0.1762 0.5740 0.1638 0.6380 0.1625 0.8840 0.1837 0.9440 0.1925 0.9460 0.2512 0.8840 0.3025 0.8500 0.3175 0.8320 0.3525 0.7400 0.4138 0.6240 0.4575 0.5780 0.4850 0.5840 0.4850 0.4960 0.5000 0.4280 0.4975 0.3320 0.4850 0.2860 0.4487 0.2420
0 0.6338 0.7440 0.6238 0.7240 0.6225 0.7080 0.6088 0.7000 0.5938 0.6540 0.5387 0.5960 0.4813 0.5900 0.4425 0.6000 0.4138 0.6300 0.3575 0.7360 0.2838 0.9200 0.2625 0.9980 0.5800 0.9980 0.6025 0.9460 0.6200 0.8420 0.6162 0.7640 0.6338 0.7620
0 0.9263 0.5120 0.9137 0.4980 0.8800 0.4820 0.8488 0.4800 0.8250 0.4900 0.8013 0.5200 0.7775 0.6000 0.7750 0.6680 0.7338 0.8160 0.6613 0.9980 0.9038 0.9980 0.9125 0.9280 0.9450 0.8160 0.9550 0.7320 0.9550 0.6460 0.9487 0.5820
0 0.8962 0.2080 0.8825 0.2340 0.8838 0.2400 0.8925 0.2460 0.8912 0.2520 0.8800 0.2660 0.8788 0.2760 0.8700 0.2900 0.8700 0.2980 0.9062 0.3480 0.9237 0.3540 0.9425 0.3700 0.9675 0.4360 0.9838 0.4600 0.9988 0.4740 0.9988 0.2680 0.9738 0.2340 0.9413 0.2100 0.9213 0.2020
0 0.4750 0.0600 0.4600 0.0800 0.4625 0.0880 0.4725 0.0980 0.4700 0.1100 0.4612 0.1300 0.4487 0.1320 0.4487 0.1440 0.4550 0.1600 0.4575 0.1760 0.4625 0.1820 0.4575 0.2100 0.4512 0.2260 0.4512 0.2400 0.4587 0.2520 0.4763 0.2680 0.4888 0.2880 0.5012 0.3320 0.5262 0.3360 0.5413 0.3300 0.5550 0.3180 0.5650 0.3020 0.5825 0.2480 0.5837 0.2260 0.5750 0.1720 0.5625 0.1380 0.5525 0.1200 0.5487 0.0960 0.5400 0.0780 0.5138 0.0600
0 0.4025 0.0000 0.4100 0.0140 0.4150 0.0340 0.4225 0.0440 0.4562 0.0500 0.4850 0.0500 0.4900 0.0560 0.5150 0.0560 0.5238 0.0620 0.5813 0.0680 0.5962 0.0720 0.6012 0.0660 0.6012 0.0580 0.5900 0.0300 0.5900 0.0200 0.5975 0.0080 0.5950 0.0000
0 0.2587 0.0440 0.2462 0.0800 0.2475 0.1460 0.2612 0.1720 0.2838 0.1920 0.2963 0.2240 0.3038 0.2340 0.3137 0.2360 0.3225 0.2240 0.3275 0.2240 0.3438 0.2340 0.3600 0.2520 0.3825 0.2580 0.3987 0.2460 0.4188 0.2400 0.4200 0.2040 0.4238 0.1980 0.4325 0.2020 0.4400 0.1920 0.4375 0.1800 0.4288 0.1660 0.4050 0.1480 0.3875 0.1120 0.3588 0.0920 0.3412 0.0460 0.3287 0.0300 0.3137 0.0200 0.3013 0.0200 0.2700 0.0320
0 0.1437 0.1240 0.1500 0.1320 0.1850 0.1300 0.2387 0.1140 0.2425 0.1100 0.2462 0.0720 0.2612 0.0360 0.3000 0.0180 0.3162 0.0180 0.3275 0.0260 0.3438 0.0480 0.3600 0.0900 0.3787 0.1000 0.4037 0.0900 0.4163 0.0700 0.4213 0.0520 0.4075 0.0140 0.3975 0.0000 0.2400 0.0000 0.1888 0.0400 0.1600 0.0380 0.1650 0.0680 0.1600 0.0880 0.1437 0.1140
0 0.2325 0.0000 0.1663 0.0000 0.1650 0.0040 0.1613 0.0040 0.1525 0.0120 0.1425 0.0260 0.1237 0.0280 0.1200 0.0520 0.1163 0.0620 0.1150 0.0820 0.1075 0.1080 0.1087 0.1140 0.1187 0.1160 0.1237 0.1100 0.1450 0.1060 0.1575 0.0900 0.1625 0.0680 0.1625 0.0620 0.1575 0.0560 0.1550 0.0460 0.1550 0.0380 0.1575 0.0340 0.1775 0.0340 0.1825 0.0380 0.1875 0.0380 0.2025 0.0280 0.2162 0.0120 0.2325 0.0020
0 0.0150 0.2260 0.0112 0.3320 0.0288 0.3760 0.0400 0.3720 0.0375 0.3240 0.0437 0.3400 0.0563 0.3320 0.0737 0.3520 0.1288 0.3760 0.1425 0.4020 0.1737 0.4120 0.1850 0.3940 0.2175 0.4140 0.2375 0.4360 0.2562 0.4200 0.2512 0.4020 0.2512 0.3680 0.2913 0.4140 0.3075 0.4160 0.3150 0.4040 0.2675 0.3580 0.2462 0.3160 0.2500 0.3020 0.2750 0.3140 0.2875 0.3080 0.2775 0.3040 0.2550 0.2760 0.2288 0.2640 0.2025 0.2240 0.1638 0.2080 0.1300 0.1840 0.0788 0.1680 0.0362 0.1840
