0 0.3325 0.0420 0.3212 0.0360 0.2963 0.0380 0.2787 0.0500 0.2600 0.0760 0.2512 0.1200 0.2400 0.1460 0.2325 0.2060 0.2338 0.2420 0.2400 0.2600 0.2375 0.3220 0.2400 0.3260 0.2512 0.3180 0.2562 0.3080 0.2537 0.2800 0.2587 0.2640 0.2700 0.2760 0.2888 0.2860 0.2975 0.3000 0.3075 0.3000 0.3150 0.2920 0.3137 0.2540 0.3200 0.2260 0.3312 0.2280 0.3275 0.2140 0.3287 0.2020 0.3262 0.1900 0.3287 0.1860 0.3337 0.1880 0.3400 0.1840 0.3525 0.1480 0.3463 0.0760 0.3412 0.0560
0 0.2437 0.4280 0.2387 0.4540 0.2587 0.5080 0.2425 0.5300 0.2037 0.5380 0.2037 0.5720 0.1950 0.5900 0.2263 0.5980 0.2625 0.5640 0.3275 0.5880 0.3750 0.7140 0.4188 0.7520 0.4512 0.7600 0.4537 0.7960 0.4250 0.8700 0.4150 0.9340 0.4363 0.9120 0.4425 0.9500 0.4537 0.9540 0.4975 0.8660 0.5775 0.8060 0.5988 0.7440 0.6162 0.7260 0.5837 0.6260 0.5288 0.5300 0.4838 0.4820 0.3787 0.4100 0.3800 0.3920 0.3675 0.3780 0.3250 0.3780
0 0.9125 0.0920 0.9100 0.0960 0.9187 0.1080 0.9350 0.1380 0.9337 0.1600 0.9263 0.1820 0.9213 0.2120 0.8925 0.2420 0.8800 0.2440 0.8538 0.2340 0.8387 0.2340 0.8375 0.2420 0.8425 0.2520 0.8475 0.2520 0.8600 0.2680 0.8888 0.2700 0.8925 0.2740 0.9075 0.2760 0.9463 0.3020 0.9788 0.3040 0.9988 0.2640 0.9988 0.1520 0.9862 0.1300 0.9775 0.1220 0.9525 0.1140 0.9263 0.0960
0 0.7925 0.1040 0.7925 0.1140 0.7975 0.1180 0.8125 0.1160 0.8400 0.1260 0.8375 0.1640 0.8325 0.1680 0.7950 0.1700 0.7900 0.1820 0.7900 0.1940 0.7937 0.2020 0.8050 0.2060 0.8313 0.2060 0.8800 0.2280 0.9038 0.2260 0.9200 0.2080 0.9213 0.1940 0.9287 0.1660 0.9287 0.1400 0.9200 0.1140 0.9087 0.1020 0.9087 0.0860 0.8975 0.0720 0.8775 0.0580 0.8588 0.0560
0 0.2250 0.0260 0.2050 0.0340 0.2000 0.0420 0.1613 0.0420 0.1237 0.0800 0.0963 0.0920 0.0825 0.1080 0.0575 0.1180 0.0450 0.1360 0.0413 0.1560 0.0413 0.1800 0.0500 0.2120 0.0563 0.2200 0.0813 0.2220 0.0875 0.2260 0.1037 0.2220 0.1013 0.2020 0.1025 0.1620 0.0988 0.1480 0.0988 0.1320 0.1013 0.1280 0.1125 0.1280 0.1263 0.1360 0.1950 0.0560 0.2112 0.0420 0.2238 0.0380
0 0.4238 0.7820 0.3563 0.7320 0.3038 0.7100 0.2288 0.7140 0.1737 0.7320 0.0575 0.8020 0.0187 0.8120 0.0000 0.8260 0.0000 0.9980 0.2537 0.9980 0.2825 0.9740 0.3013 0.9920 0.3875 0.9980 0.3825 0.9560 0.4125 0.9160 0.4188 0.8940 0.4213 0.8620 0.4138 0.7960
0 0.8862 0.6460 0.8562 0.6380 0.7738 0.6700 0.6775 0.6560 0.6038 0.6220 0.6075 0.6800 0.6438 0.7100 0.6775 0.7660 0.6038 0.8700 0.5962 0.9320 0.5150 0.9960 0.4688 0.9880 0.4175 0.9500 0.4037 0.9480 0.4037 0.9680 0.4225 0.9980 0.7812 0.9980 0.8000 0.9400 0.8200 0.8220 0.8425 0.7760 0.8500 0.7140
0 0.1075 0.2320 0.1025 0.2280 0.0950 0.2320 0.0712 0.2240 0.0587 0.2260 0.0275 0.2500 0.0000 0.2840 0.0000 0.4800 0.0238 0.4540 0.0537 0.3960 0.0663 0.3840 0.0912 0.3700 0.1187 0.3240 0.1300 0.3180 0.1388 0.3060 0.1400 0.2960 0.1363 0.2940 0.1075 0.2980 0.1050 0.2940 0.1050 0.2880 0.1150 0.2740 0.1150 0.2580
0 0.3800 0.0900 0.3850 0.1020 0.4037 0.1060 0.4238 0.1260 0.4537 0.1320 0.5012 0.1680 0.5325 0.1780 0.5700 0.1760 0.5887 0.1840 0.6262 0.1840 0.6450 0.1600 0.6512 0.1280 0.6375 0.0880 0.6112 0.0680 0.5575 0.0620 0.5062 0.0440 0.4788 0.0280 0.4450 0.0200 0.4238 0.0280 0.4000 0.0140 0.4012 0.0280 0.4150 0.0600 0.4050 0.0820
0 0.2687 0.0520 0.2612 0.0400 0.2512 0.0340 0.2200 0.0420 0.1875 0.0660 0.1263 0.1400 0.1113 0.1320 0.1025 0.1320 0.1013 0.1500 0.1050 0.1640 0.1037 0.2040 0.1175 0.2560 0.1225 0.2600 0.1425 0.2400 0.1650 0.2260 0.1800 0.2080 0.1988 0.2340 0.2288 0.2300 0.2313 0.2260 0.2300 0.2120 0.2112 0.2020 0.2137 0.1840 0.2188 0.1780 0.2338 0.1720 0.2375 0.1480 0.2550 0.0980 0.2575 0.0780 0.2687 0.0580
0 0.8875 0.6500 0.8738 0.6700 0.8550 0.7100 0.8425 0.7840 0.8425 0.8000 0.8562 0.8340 0.8588 0.8660 0.8675 0.9040 0.8938 0.9580 0.9250 0.9980 0.9988 0.9980 0.9988 0.7200 0.9775 0.6740 0.9387 0.6420 0.9200 0.6380 0.8975 0.6500
0 0.7175 0.2340 0.7050 0.2100 0.6813 0.1940 0.6425 0.1920 0.6162 0.2060 0.5700 0.2080 0.5600 0.2180 0.5637 0.2280 0.6025 0.2320 0.5787 0.2640 0.5450 0.2680 0.5050 0.2920 0.4650 0.2980 0.4425 0.3160 0.4400 0.3260 0.4450 0.3340 0.5025 0.3560 0.4788 0.4200 0.4850 0.4500 0.5487 0.4480 0.5537 0.4520 0.5513 0.4700 0.5713 0.4780 0.5850 0.4480 0.5875 0.4220 0.5988 0.4240 0.6125 0.4380 0.6075 0.4040 0.6100 0.3960 0.6375 0.3780 0.6913 0.3580 0.7025 0.3460 0.7225 0.2620
