0 0.6662 0.0052 0.6491 0.1128 0.6591 0.1701 0.6449 0.2101 0.6506 0.2691 0.6420 0.3160 0.6591 0.3229 0.6761 0.2378 0.6818 0.2326 0.7173 0.2934 0.7670 0.3333 0.7855 0.3351 0.7955 0.3229 0.7884 0.2830 0.7940 0.2309 0.8111 0.2326 0.8267 0.2465 0.8352 0.2465 0.8366 0.2378 0.8239 0.2257 0.8125 0.1962 0.7969 0.1892 0.7898 0.1267 0.7642 0.0833 0.7670 0.0417 0.7727 0.0677 0.7784 0.0573 0.7827 0.0677 0.7855 0.0625 0.7727 0.0226 0.7770 0.0052
0 0.0000 0.5243 0.0000 0.9965 0.0568 0.9965 0.0668 0.9809 0.0710 0.9392 0.0923 0.9028 0.1065 0.8542 0.0838 0.8542 0.0696 0.8646 0.0398 0.9410 0.0142 0.9253 0.0284 0.8819 0.0568 0.8542 0.0696 0.8177 0.0668 0.8073 0.0540 0.8142 0.0469 0.7378 0.0341 0.6875 0.0455 0.6285
0 0.6591 0.0017 0.4574 0.0017 0.4531 0.0069 0.4560 0.0347 0.4759 0.0365 0.4929 0.0260 0.5142 0.0330 0.4872 0.1042 0.4702 0.1111 0.4276 0.1632 0.4020 0.1528 0.3778 0.1580 0.3736 0.1701 0.3977 0.1823 0.3864 0.2031 0.4062 0.2101 0.4332 0.1927 0.4517 0.1927 0.4688 0.2014 0.4759 0.2656 0.4929 0.3247 0.5028 0.3385 0.5199 0.3385 0.5327 0.3038 0.5653 0.2760 0.5810 0.2847 0.6023 0.2812 0.5994 0.2691 0.5781 0.2500 0.5938 0.1753 0.6449 0.1076 0.6591 0.0469
0 0.9986 0.2622 0.9602 0.3108 0.9176 0.4132 0.8636 0.4740 0.8608 0.4913 0.8665 0.4965 0.8864 0.4896 0.8736 0.5174 0.8082 0.5903 0.7926 0.6372 0.7798 0.7257 0.7543 0.7274 0.7259 0.7448 0.7131 0.7604 0.7003 0.8021 0.6903 0.8073 0.7060 0.8212 0.7102 0.8420 0.6776 0.9080 0.7045 0.9531 0.7386 0.9444 0.7656 0.9201 0.8466 0.9236 0.8551 0.9115 0.8665 0.8507 0.9474 0.8333 0.9986 0.7865
0 0.0000 0.1389 0.0000 0.5174 0.0384 0.6094 0.0540 0.6319 0.0895 0.6528 0.1193 0.6528 0.1406 0.6389 0.1903 0.5851 0.2031 0.5503 0.2116 0.5417 0.2102 0.5087 0.1889 0.4601 0.1889 0.4375 0.1364 0.3247 0.1406 0.2847 0.1321 0.2431 0.1179 0.2170 0.0852 0.1840 0.0994 0.1806 0.0994 0.1719 0.0540 0.1267 0.0440 0.1389 0.0298 0.1424
0 0.0000 0.0035 0.0000 0.1319 0.0085 0.1389 0.0355 0.1389 0.0440 0.1319 0.0469 0.1215 0.0639 0.1285 0.0824 0.1458 0.0994 0.1094 0.1207 0.0764 0.1477 0.0990 0.1676 0.1076 0.1804 0.1076 0.1903 0.0972 0.1861 0.0868 0.1591 0.0729 0.1420 0.0451 0.1406 0.0330 0.1605 0.0087 0.1577 0.0035
0 0.4091 0.9931 0.4119 0.9983 0.6321 0.9948 0.6250 0.9688 0.6094 0.9323 0.5824 0.8872 0.5682 0.8698 0.5384 0.8507 0.5170 0.8455 0.4915 0.8472 0.4730 0.8368 0.4616 0.8385 0.4659 0.8681 0.4446 0.8837 0.4247 0.9132 0.4176 0.9323
0 0.5241 0.5052 0.5256 0.5260 0.5625 0.5833 0.6364 0.7795 0.6491 0.9983 0.8551 0.9965 0.8452 0.9271 0.7642 0.9253 0.7315 0.9514 0.7045 0.9566 0.6747 0.9045 0.7074 0.8472 0.7074 0.8264 0.6932 0.8090 0.7102 0.7587 0.7315 0.7361 0.7756 0.7188 0.7713 0.6753 0.7528 0.6163 0.7116 0.5521 0.6875 0.4688 0.6790 0.4774 0.6733 0.4653 0.6705 0.4774 0.6420 0.4531 0.6420 0.4757 0.6151 0.4878 0.5923 0.4722 0.5710 0.4861 0.5511 0.5191 0.5412 0.5052
0 0.9986 0.7917 0.9531 0.8351 0.9304 0.8438 0.8821 0.8490 0.8651 0.8576 0.8594 0.8958 0.8594 0.9149 0.8551 0.9253 0.8622 0.9931 0.8651 0.9965 0.9986 0.9965
0 0.9986 0.0035 0.8267 0.0035 0.8111 0.0278 0.8125 0.0503 0.8168 0.0573 0.8509 0.0556 0.8693 0.0642 0.8849 0.0868 0.8849 0.0990 0.8920 0.1007 0.9020 0.0920 0.9020 0.0677 0.9048 0.0642 0.9091 0.0642 0.9219 0.0799 0.9290 0.0538 0.9332 0.0486 0.9787 0.0347 0.9986 0.0330
