0 0.7475 0.2840 0.7000 0.2940 0.6175 0.3720 0.6250 0.3880 0.6750 0.3740 0.6587 0.4140 0.6687 0.4520 0.7050 0.4640 0.7125 0.4760 0.7100 0.5040 0.7225 0.5380 0.7550 0.5620 0.7775 0.6160 0.7750 0.6400 0.7163 0.6480 0.6963 0.6660 0.7087 0.7840 0.7163 0.8040 0.7350 0.8160 0.7588 0.7660 0.7812 0.7460 0.7738 0.7040 0.7662 0.6940 0.7712 0.6540 0.7987 0.6580 0.8438 0.6460 0.8275 0.6160 0.8200 0.5680 0.8200 0.4300 0.8000 0.3480 0.7762 0.3000
0 0.7812 0.6660 0.7750 0.6960 0.7800 0.7180 0.8137 0.7900 0.8213 0.8180 0.7875 0.8180 0.7662 0.7960 0.7512 0.7940 0.7462 0.8060 0.7512 0.8260 0.7887 0.8540 0.8575 0.9280 0.9187 0.9440 0.9625 0.9980 0.9988 0.9980 0.9988 0.7640 0.9688 0.7200 0.9463 0.7060 0.9225 0.7020 0.9113 0.6900 0.9275 0.6360 0.9275 0.5720 0.9175 0.5720 0.9012 0.5880 0.8738 0.6480
0 0.1938 0.1320 0.1550 0.1120 0.1300 0.1140 0.1062 0.1280 0.0488 0.1860 0.0000 0.2660 0.0000 0.6120 0.0100 0.6020 0.0213 0.5460 0.0462 0.5560 0.0700 0.5380 0.0762 0.5140 0.0737 0.4600 0.1062 0.4420 0.1288 0.4180 0.1762 0.3200 0.1888 0.3600 0.2050 0.3520 0.2125 0.3340 0.2250 0.2700 0.2225 0.2120 0.2137 0.1700
0 0.4263 0.3820 0.4163 0.3620 0.3900 0.3540 0.3713 0.3240 0.3538 0.3160 0.3137 0.3320 0.2575 0.3380 0.2325 0.3540 0.1062 0.4960 0.0675 0.5560 0.0437 0.5640 0.0288 0.5860 0.0050 0.6840 0.0050 0.7200 0.0125 0.7560 0.0213 0.7640 0.0725 0.7520 0.1737 0.7860 0.1963 0.7800 0.2100 0.7600 0.2450 0.6560 0.2963 0.5720 0.3463 0.5100 0.4363 0.4280
0 0.6188 0.0420 0.6188 0.0460 0.6350 0.0680 0.6562 0.0860 0.6987 0.1320 0.7625 0.1520 0.7975 0.1480 0.8363 0.1700 0.8500 0.1660 0.8588 0.1560 0.8588 0.1360 0.8488 0.1200 0.8438 0.1020 0.8163 0.0800 0.7588 0.0740 0.6650 0.0420
0 0.7750 0.6180 0.7562 0.5680 0.7212 0.5420 0.7037 0.4960 0.7063 0.4760 0.5962 0.4160 0.5100 0.4240 0.4025 0.4700 0.3250 0.5380 0.2462 0.6620 0.2013 0.8020 0.2625 0.8440 0.3500 0.8620 0.3700 0.8400 0.4188 0.8260 0.4575 0.8000 0.5288 0.7160 0.5463 0.7780 0.5463 0.8440 0.5537 0.8600 0.5713 0.8660 0.5763 0.8580 0.5713 0.8020 0.5813 0.7500 0.6212 0.6640 0.6625 0.6720 0.7113 0.6440 0.7675 0.6360
0 0.8575 0.1640 0.8488 0.1780 0.8525 0.1920 0.8525 0.2120 0.8387 0.2660 0.8300 0.3280 0.8287 0.3480 0.8350 0.3740 0.8475 0.3960 0.8750 0.4200 0.9025 0.4220 0.9163 0.4180 0.9275 0.4100 0.9425 0.4100 0.9475 0.3980 0.9487 0.3260 0.9437 0.3060 0.9325 0.2780 0.9287 0.2500 0.9237 0.2320 0.9000 0.1780 0.8862 0.1580 0.8688 0.1580
0 0.2913 0.0080 0.2888 0.0000 0.1825 0.0000 0.1425 0.0420 0.1325 0.0440 0.1125 0.0640 0.0938 0.0760 0.0750 0.1280 0.0800 0.1400 0.0850 0.1400 0.1300 0.1100 0.1550 0.1080 0.1725 0.1140 0.1938 0.1280 0.2125 0.1220 0.2150 0.1360 0.2238 0.1360 0.2412 0.1220 0.2537 0.1040 0.2700 0.0600 0.2850 0.0360
0 0.5200 0.0220 0.5175 0.0300 0.5200 0.0580 0.5387 0.0980 0.5475 0.1260 0.5525 0.1720 0.5625 0.1860 0.5913 0.1920 0.6212 0.2240 0.6325 0.2460 0.6438 0.2800 0.6500 0.3180 0.6663 0.3220 0.7013 0.2880 0.7338 0.2780 0.7338 0.2600 0.7188 0.1860 0.7025 0.1480 0.6787 0.1140 0.6338 0.0700 0.6200 0.0500 0.6000 0.0340 0.5687 0.0180 0.5463 0.0220 0.5325 0.0140
0 0.4037 0.1780 0.3937 0.1640 0.3738 0.1660 0.3688 0.1580 0.3725 0.1400 0.3675 0.1400 0.3563 0.1480 0.3287 0.1460 0.2863 0.1500 0.2250 0.1920 0.2225 0.1960 0.2275 0.2760 0.2200 0.3080 0.2188 0.3320 0.2288 0.3280 0.2662 0.2760 0.3125 0.2320 0.3362 0.2220 0.3762 0.2220 0.3837 0.2180 0.3987 0.2000 0.4050 0.1840
0 0.9988 0.1080 0.9925 0.1080 0.9812 0.1140 0.9513 0.1140 0.9463 0.1220 0.9600 0.1440 0.9563 0.1540 0.9237 0.1660 0.9125 0.1660 0.9062 0.1720 0.9075 0.1880 0.9150 0.2000 0.9175 0.2080 0.9263 0.2200 0.9400 0.2260 0.9537 0.2360 0.9575 0.2440 0.9613 0.2660 0.9712 0.2840 0.9775 0.2900 0.9850 0.2900 0.9950 0.2760 0.9988 0.2740
0 0.0000 0.7860 0.0000 0.9980 0.5837 0.9980 0.5713 0.9720 0.5350 0.9520 0.5387 0.9340 0.5563 0.9280 0.5463 0.9200 0.5012 0.9200 0.3725 0.8680 0.2988 0.8640 0.2525 0.8460 0.1512 0.7800 0.1000 0.7620 0.0475 0.7580
0 0.4050 0.2960 0.4012 0.3440 0.4037 0.3500 0.4163 0.3560 0.4350 0.3900 0.4487 0.4380 0.5188 0.4180 0.5938 0.4120 0.6637 0.4520 0.6525 0.4240 0.6212 0.3960 0.5750 0.3120 0.5463 0.2780 0.5075 0.2460 0.4688 0.2340 0.4412 0.2380 0.4225 0.2560
