0 0.4500 0.0000 0.3488 0.0000 0.3475 0.0040 0.3100 0.0080 0.2825 0.0240 0.2725 0.0380 0.2537 0.0520 0.2525 0.0620 0.2550 0.0700 0.2612 0.0760 0.2712 0.0720 0.2787 0.0820 0.3038 0.0620 0.3150 0.0580 0.3325 0.0580 0.3425 0.0620 0.3600 0.0780 0.3700 0.0820 0.3738 0.0780 0.3875 0.0460 0.3987 0.0320 0.4088 0.0240 0.4412 0.0080
0 0.7300 0.0140 0.7300 0.0340 0.7400 0.0740 0.7512 0.0900 0.7650 0.1040 0.7700 0.1060 0.7775 0.1040 0.7950 0.0780 0.8087 0.0760 0.8137 0.0640 0.8150 0.0540 0.8187 0.0480 0.8237 0.0460 0.8300 0.0360 0.8350 0.0380 0.8350 0.0440 0.8375 0.0500 0.8450 0.0520 0.8488 0.0300 0.8488 0.0000 0.7325 0.0000
0 0.5675 0.1220 0.5825 0.1320 0.5925 0.1300 0.6200 0.1400 0.6275 0.1320 0.6375 0.1080 0.6462 0.0960 0.6663 0.0800 0.6850 0.0760 0.6875 0.0480 0.6900 0.0440 0.7125 0.0380 0.7225 0.0560 0.7275 0.0600 0.7312 0.0600 0.7312 0.0500 0.7250 0.0300 0.7050 0.0000 0.5825 0.0000 0.5687 0.0220 0.5663 0.0340
0 0.8588 0.0200 0.8575 0.0300 0.8625 0.0460 0.8612 0.0520 0.8662 0.0580 0.8762 0.0600 0.8950 0.0740 0.9000 0.0820 0.9062 0.1000 0.9250 0.1320 0.9337 0.1360 0.9487 0.1360 0.9725 0.1280 0.9988 0.1300 0.9988 0.0860 0.9900 0.0800 0.9762 0.0620 0.9575 0.0440 0.9500 0.0320 0.9475 0.0220 0.9413 0.0120 0.9325 0.0040 0.9263 0.0040 0.9250 0.0000 0.8962 0.0000 0.8950 0.0040 0.8725 0.0080
0 0.9988 0.1340 0.9700 0.1320 0.9475 0.1400 0.9038 0.1380 0.8650 0.1560 0.8413 0.1520 0.8363 0.1580 0.8387 0.1700 0.8725 0.1800 0.8588 0.2100 0.8525 0.2140 0.8438 0.2460 0.8488 0.2540 0.8750 0.2040 0.8900 0.1920 0.9050 0.1880 0.9287 0.1900 0.9425 0.1960 0.9487 0.2020 0.9637 0.2280 0.9688 0.2220 0.9712 0.2040 0.9762 0.1940 0.9875 0.1860 0.9988 0.1840
0 0.0125 0.5540 0.0000 0.5720 0.0000 0.9940 0.2062 0.9980 0.1862 0.9580 0.1925 0.9220 0.1900 0.8440 0.1800 0.7800 0.1638 0.7260 0.1638 0.7160 0.1762 0.7060 0.1725 0.6920 0.1450 0.6480 0.1263 0.5960 0.0912 0.5540 0.0525 0.5400 0.0312 0.5420
0 0.3150 0.3460 0.3225 0.3500 0.3200 0.3720 0.3038 0.3940 0.2612 0.4120 0.2275 0.4900 0.1938 0.6440 0.1900 0.7800 0.2162 0.9080 0.2575 0.9920 0.4025 0.9980 0.4138 0.9900 0.4462 0.9320 0.4537 0.8900 0.4363 0.7900 0.3937 0.7200 0.3900 0.6880 0.3650 0.6220 0.3650 0.6040 0.3900 0.5100 0.3837 0.4360 0.3950 0.4300 0.3725 0.3620 0.3600 0.3680 0.3312 0.3560 0.3287 0.3440
0 0.5325 0.5060 0.5088 0.5500 0.5112 0.5640 0.4738 0.6280 0.4662 0.6740 0.4537 0.6960 0.4350 0.7080 0.4213 0.7380 0.4462 0.8120 0.4725 0.8380 0.4525 0.9420 0.4512 0.9980 0.7400 0.9980 0.7262 0.9220 0.6725 0.7640 0.6650 0.6800 0.6525 0.6480 0.6238 0.6040 0.6475 0.5520 0.6038 0.5680 0.5487 0.5040
0 0.6850 0.7860 0.7113 0.8660 0.7188 0.8780 0.7325 0.8840 0.7462 0.9120 0.7800 0.9520 0.7925 0.9740 0.7987 0.9980 0.9988 0.9980 0.9988 0.9180 0.9862 0.9120 0.9650 0.8880 0.9625 0.8600 0.9563 0.8460 0.9150 0.8400 0.8938 0.8560 0.8775 0.8780 0.8525 0.8860 0.7700 0.8580
0 0.1787 0.0460 0.1525 0.1000 0.1475 0.1320 0.1487 0.1440 0.1650 0.1600 0.1975 0.2060 0.2475 0.2580 0.2575 0.2720 0.2712 0.3020 0.3162 0.2920 0.3362 0.2760 0.3450 0.2380 0.3450 0.2000 0.3237 0.1480 0.3125 0.1300 0.2913 0.1100 0.2612 0.0920 0.2225 0.0600 0.2300 0.0440 0.2275 0.0360 0.2162 0.0400 0.2100 0.0300 0.1988 0.0280
0 0.4275 0.2920 0.4088 0.3700 0.4313 0.4420 0.4863 0.5380 0.5038 0.5480 0.5325 0.5020 0.5463 0.4980 0.6050 0.5640 0.6400 0.5520 0.6400 0.5760 0.6262 0.6020 0.6613 0.6600 0.6837 0.7720 0.7312 0.8240 0.7588 0.8280 0.8013 0.8660 0.8187 0.8600 0.8150 0.7460 0.8013 0.6880 0.7863 0.6580 0.7800 0.6120 0.7875 0.5900 0.8325 0.6140 0.8562 0.6020 0.8525 0.5900 0.8175 0.5640 0.7662 0.5000 0.7087 0.4720 0.6200 0.3620 0.5513 0.3260 0.5138 0.2600 0.4738 0.2540
0 0.9988 0.4300 0.9437 0.4600 0.9038 0.5020 0.8950 0.5220 0.9000 0.5360 0.9075 0.5240 0.9237 0.5260 0.9050 0.5480 0.8825 0.5980 0.8600 0.6060 0.8300 0.6300 0.8250 0.6180 0.8087 0.6120 0.7975 0.6200 0.8063 0.6280 0.8050 0.6340 0.7925 0.6260 0.7863 0.6300 0.7887 0.6540 0.8087 0.7020 0.8287 0.7000 0.8313 0.7460 0.8488 0.8080 0.8750 0.8380 0.8912 0.8460 0.9125 0.8360 0.9575 0.8400 0.9812 0.8300 0.9988 0.8140
0 0.9437 0.2000 0.9263 0.1920 0.8975 0.1920 0.8800 0.2020 0.8712 0.2120 0.8538 0.2480 0.8325 0.3320 0.8050 0.3460 0.8025 0.3520 0.8087 0.3680 0.8087 0.3820 0.8000 0.4360 0.8000 0.4820 0.7900 0.5180 0.7950 0.5300 0.8213 0.5480 0.8387 0.5480 0.8738 0.5260 0.9425 0.4540 0.9563 0.4500 0.9762 0.4340 0.9663 0.3960 0.9725 0.3760 0.9738 0.3420 0.9650 0.2980 0.9537 0.2720 0.9600 0.2280
0 0.7588 0.1280 0.7312 0.1460 0.7050 0.2040 0.7025 0.2660 0.7163 0.3280 0.7163 0.3460 0.6975 0.3740 0.6925 0.4160 0.6987 0.4260 0.7362 0.4340 0.7650 0.4540 0.7875 0.4900 0.7913 0.4900 0.7975 0.4780 0.7963 0.4560 0.8063 0.3800 0.8013 0.3500 0.8113 0.3380 0.8275 0.3320 0.8313 0.3220 0.8287 0.2860 0.8350 0.2720 0.8363 0.2580 0.8237 0.2140 0.8263 0.2100 0.8413 0.2160 0.8450 0.2260 0.8475 0.2020 0.8250 0.1780 0.8000 0.1400 0.7850 0.1300
0 0.7575 0.1080 0.7488 0.0960 0.7238 0.0840 0.7212 0.0980 0.6887 0.0800 0.6625 0.0860 0.6425 0.1040 0.6225 0.1460 0.6012 0.1540 0.5825 0.1700 0.5663 0.2060 0.5387 0.2460 0.5312 0.2680 0.5325 0.2780 0.5550 0.3240 0.5950 0.3400 0.6325 0.3680 0.6462 0.3620 0.6613 0.3480 0.6913 0.2960 0.6987 0.2740 0.7000 0.2200 0.7037 0.1980 0.7250 0.1520 0.7350 0.1380 0.7500 0.1300 0.7562 0.1200
0 0.2787 0.0900 0.2812 0.1000 0.3050 0.1180 0.3262 0.1480 0.3463 0.1960 0.3475 0.2560 0.3550 0.2640 0.3513 0.2740 0.3287 0.2900 0.2800 0.3060 0.2762 0.3140 0.2812 0.3220 0.3075 0.3240 0.3150 0.3380 0.3237 0.3340 0.3375 0.3380 0.3800 0.3100 0.4163 0.3180 0.4225 0.2960 0.4363 0.2740 0.4587 0.2560 0.4850 0.2440 0.4813 0.2020 0.4650 0.1600 0.4512 0.1400 0.4238 0.1160 0.3600 0.0820 0.3438 0.0660 0.3262 0.0600 0.2988 0.0680
0 0.0750 0.1740 0.0450 0.2260 0.0425 0.2400 0.0450 0.2840 0.0912 0.3440 0.1163 0.3660 0.1263 0.3900 0.1487 0.4240 0.1725 0.4440 0.1875 0.4660 0.2062 0.4760 0.2050 0.4960 0.2112 0.5060 0.2213 0.5060 0.2425 0.4380 0.2575 0.4120 0.2762 0.3960 0.3075 0.3860 0.3287 0.3480 0.3262 0.3400 0.3137 0.3440 0.2988 0.3280 0.2787 0.3320 0.2487 0.2640 0.1988 0.2120 0.1475 0.1480 0.1212 0.1440 0.0925 0.1580
0 0.0000 0.2120 0.0000 0.5140 0.0150 0.5420 0.0350 0.5360 0.0612 0.5360 0.0925 0.5440 0.1000 0.5380 0.1113 0.5160 0.1200 0.5160 0.1300 0.5040 0.1388 0.4800 0.1487 0.4680 0.1537 0.4400 0.1087 0.3660 0.0900 0.3500 0.0750 0.3260 0.0450 0.2920 0.0387 0.2760 0.0387 0.2460 0.0300 0.2300 0.0187 0.2200
0 0.0213 0.1460 0.0275 0.1500 0.0450 0.1500 0.0537 0.1420 0.0600 0.1420 0.0788 0.1320 0.0912 0.1320 0.1013 0.1260 0.1175 0.1220 0.1263 0.1160 0.1388 0.0980 0.1425 0.0960 0.1500 0.0980 0.1525 0.0920 0.1500 0.0780 0.1512 0.0500 0.1500 0.0260 0.1462 0.0100 0.1400 0.0000 0.0537 0.0000 0.0525 0.0240 0.0587 0.0400 0.0600 0.0840 0.0537 0.0940 0.0362 0.1100 0.0238 0.1260 0.0238 0.1400
0 0.3750 0.0800 0.3787 0.0880 0.4225 0.1120 0.4512 0.1360 0.4675 0.1600 0.4800 0.1880 0.5088 0.1900 0.5312 0.2020 0.5525 0.2020 0.5550 0.1960 0.5487 0.1820 0.5262 0.1700 0.4988 0.1400 0.4988 0.1340 0.5125 0.1100 0.5625 0.1160 0.5637 0.0400 0.5563 0.0220 0.5413 0.0000 0.4675 0.0000 0.4662 0.0040 0.4412 0.0100 0.4025 0.0320 0.3912 0.0460
