0 0.7837 0.2680 0.7762 0.2680 0.7638 0.2780 0.7562 0.2660 0.7312 0.2720 0.7350 0.2900 0.7312 0.3020 0.7087 0.3240 0.7000 0.3380 0.6963 0.3900 0.6763 0.4500 0.6637 0.5100 0.6613 0.5560 0.6663 0.5800 0.7362 0.6160 0.7662 0.5600 0.7825 0.5100 0.8013 0.4660 0.8187 0.4440 0.8237 0.3760 0.8150 0.3500 0.7987 0.3200 0.8037 0.3040 0.8025 0.2960 0.7937 0.2900
0 0.9263 0.2160 0.9213 0.2480 0.8950 0.2640 0.8800 0.2960 0.8500 0.3260 0.8363 0.3480 0.8275 0.3720 0.8237 0.4380 0.8400 0.4340 0.8750 0.4380 0.8800 0.4320 0.8888 0.3980 0.8950 0.3920 0.9000 0.3940 0.9025 0.4100 0.8975 0.4320 0.8975 0.4540 0.9325 0.5100 0.9625 0.4860 0.9613 0.4760 0.9700 0.4360 0.9700 0.4080 0.9888 0.4080 0.9988 0.4020 0.9988 0.3620 0.9712 0.2840 0.9738 0.2760 0.9912 0.2720 0.9988 0.2440 0.9513 0.2480 0.9437 0.2440 0.9387 0.2280
0 0.8862 0.1580 0.8862 0.1660 0.8888 0.1720 0.9113 0.1940 0.9287 0.2040 0.9387 0.2200 0.9587 0.2400 0.9888 0.2400 0.9900 0.2380 0.9988 0.2400 0.9988 0.1240 0.9838 0.1140 0.9637 0.1120 0.9625 0.1100 0.9250 0.1080 0.9163 0.1160 0.9075 0.1160 0.9012 0.1220 0.8962 0.1320 0.8912 0.1520
0 0.5175 0.0280 0.5075 0.0240 0.4387 0.0260 0.3850 0.0460 0.3625 0.0480 0.3425 0.0580 0.3300 0.0760 0.3225 0.1020 0.3337 0.1320 0.3312 0.1740 0.3225 0.2120 0.3775 0.1940 0.4313 0.1460 0.4313 0.1140 0.4387 0.0900 0.4700 0.1140 0.4738 0.1060 0.4725 0.0920 0.4475 0.0640 0.4437 0.0540 0.4475 0.0440 0.4700 0.0440 0.4850 0.0280 0.4975 0.0300 0.5038 0.0380 0.5088 0.0380
0 0.4512 0.0460 0.4462 0.0500 0.4462 0.0560 0.4763 0.0920 0.4763 0.1240 0.4913 0.1280 0.5012 0.1220 0.5088 0.1320 0.5025 0.1500 0.5050 0.1860 0.4888 0.2640 0.4900 0.3060 0.5088 0.3500 0.5212 0.3600 0.5337 0.3620 0.5637 0.3100 0.6175 0.2520 0.6150 0.2320 0.5863 0.1660 0.5837 0.1360 0.5800 0.1260 0.5600 0.0980 0.5463 0.0860 0.5288 0.0320 0.5200 0.0300 0.5088 0.0420 0.4825 0.0320 0.4700 0.0500
0 0.5850 0.0460 0.5887 0.0640 0.5813 0.0820 0.5750 0.1040 0.5750 0.1120 0.5875 0.1380 0.5900 0.1680 0.6038 0.1940 0.6225 0.2500 0.6500 0.2360 0.6800 0.2340 0.7013 0.2420 0.7163 0.2540 0.7250 0.2660 0.7288 0.2640 0.7300 0.2380 0.7262 0.2080 0.7212 0.1920 0.7037 0.1620 0.6850 0.1520 0.6825 0.1320 0.6737 0.1100 0.6625 0.0920 0.6388 0.0720 0.6162 0.0680 0.6138 0.0640 0.6138 0.0520
0 0.5962 0.0400 0.5962 0.0480 0.6038 0.0580 0.6438 0.0720 0.6713 0.1000 0.6813 0.0960 0.7312 0.0940 0.7488 0.0860 0.7662 0.0860 0.8000 0.1120 0.8125 0.1380 0.8250 0.1500 0.8425 0.1400 0.8337 0.1200 0.8275 0.0920 0.8187 0.0780 0.7987 0.0600 0.7775 0.0580 0.6600 0.0160 0.6388 0.0160 0.6038 0.0280
0 0.6763 0.1040 0.6900 0.1460 0.7075 0.1620 0.7700 0.2620 0.7837 0.2640 0.7975 0.2880 0.8313 0.3220 0.8438 0.3260 0.8750 0.2980 0.8938 0.2620 0.9200 0.2440 0.9175 0.2300 0.9087 0.2180 0.8750 0.1980 0.8538 0.1740 0.8163 0.1460 0.8013 0.1160 0.7700 0.0900 0.7500 0.0880 0.7262 0.0980 0.6887 0.0980
0 0.8975 0.4020 0.8912 0.4020 0.8762 0.4420 0.8375 0.4380 0.8025 0.4700 0.7700 0.5580 0.7025 0.7020 0.6775 0.7760 0.6225 0.8760 0.6038 0.9380 0.5962 0.9980 0.8175 0.9980 0.8300 0.9120 0.8650 0.8340 0.8875 0.7420 0.9213 0.6680 0.9287 0.6280 0.9300 0.5280 0.9213 0.4940 0.8950 0.4520
0 0.1737 0.6980 0.1837 0.7260 0.2225 0.7540 0.3150 0.7860 0.3113 0.8500 0.3287 0.8900 0.4025 0.8860 0.4012 0.8640 0.3837 0.8520 0.4113 0.8260 0.4863 0.8780 0.5400 0.8960 0.5713 0.8940 0.6238 0.8660 0.6775 0.7680 0.7312 0.6220 0.6475 0.5780 0.6212 0.6180 0.5875 0.5640 0.5600 0.5520 0.3775 0.5400 0.2650 0.5540 0.2238 0.5480 0.2050 0.5700 0.1925 0.6220 0.2125 0.6280 0.2100 0.6420 0.1750 0.6840
0 0.7300 0.2800 0.7150 0.2560 0.6837 0.2380 0.6550 0.2380 0.6212 0.2540 0.5613 0.3180 0.5200 0.4020 0.4788 0.4440 0.4462 0.4880 0.4125 0.4780 0.3850 0.4800 0.3688 0.5020 0.3762 0.5160 0.4050 0.5260 0.4175 0.5440 0.5763 0.5500 0.5887 0.5600 0.6175 0.6100 0.6250 0.6120 0.6388 0.5780 0.6388 0.5640 0.6300 0.5460 0.6412 0.5380 0.6613 0.5060 0.6737 0.4500 0.6925 0.3960 0.6963 0.3400 0.7312 0.2960
0 0.0000 0.4820 0.0250 0.4840 0.0262 0.5260 0.0325 0.5400 0.0750 0.5560 0.0838 0.5520 0.0825 0.5220 0.1000 0.5020 0.2200 0.5400 0.3488 0.5360 0.3563 0.5300 0.3600 0.4980 0.3975 0.4680 0.4213 0.4260 0.4263 0.4040 0.4238 0.3400 0.3862 0.2980 0.3325 0.2740 0.1562 0.2920 0.0925 0.2900 0.0475 0.3040 0.0437 0.2620 0.0375 0.2580 0.0200 0.2740 0.0000 0.3420
0 0.5038 0.1300 0.4975 0.1260 0.4925 0.1340 0.4788 0.1320 0.4625 0.1080 0.4387 0.0960 0.4325 0.1180 0.4350 0.1460 0.4188 0.1580 0.3975 0.1840 0.3588 0.2080 0.3387 0.2100 0.3212 0.2200 0.2900 0.2160 0.2575 0.2300 0.2375 0.2520 0.2338 0.2740 0.3325 0.2700 0.3663 0.2820 0.3887 0.2960 0.4225 0.3300 0.4275 0.3560 0.4425 0.3380 0.4625 0.2940 0.4850 0.2720 0.5025 0.1900 0.4975 0.1460
0 0.2213 0.0400 0.2037 0.0600 0.1950 0.0580 0.1963 0.0400 0.1925 0.0300 0.1850 0.0320 0.1787 0.0400 0.1737 0.0820 0.1663 0.1060 0.1450 0.1500 0.1400 0.1680 0.1400 0.1880 0.1450 0.2020 0.1437 0.2080 0.1325 0.2220 0.1163 0.2520 0.1100 0.2700 0.1087 0.2860 0.1600 0.2880 0.2238 0.2780 0.2288 0.2740 0.2338 0.2540 0.2550 0.2260 0.2537 0.1960 0.2400 0.1560 0.2362 0.1180 0.2238 0.0960 0.2250 0.0680
0 0.1313 0.1700 0.0975 0.1460 0.0712 0.1520 0.0525 0.1660 0.0462 0.1760 0.0413 0.1920 0.0187 0.2160 0.0000 0.2300 0.0000 0.3360 0.0187 0.2720 0.0262 0.2620 0.0375 0.2540 0.0425 0.2540 0.0462 0.2600 0.0500 0.3000 0.1025 0.2840 0.1113 0.2560 0.1363 0.2100 0.1363 0.1880
0 0.2400 0.0000 0.1613 0.0000 0.1388 0.0320 0.1263 0.0540 0.1212 0.0680 0.1113 0.0800 0.1087 0.0980 0.1037 0.1140 0.1037 0.1180 0.1087 0.1240 0.1062 0.1460 0.1187 0.1580 0.1375 0.1660 0.1450 0.1440 0.1650 0.1040 0.1762 0.0420 0.1837 0.0300 0.1938 0.0280 0.1975 0.0320 0.1963 0.0540 0.2025 0.0560 0.2112 0.0480 0.2238 0.0240 0.2362 0.0120
0 0.2925 0.0000 0.2712 0.0000 0.2700 0.0040 0.2537 0.0040 0.2412 0.0100 0.2300 0.0200 0.2263 0.0260 0.2238 0.0380 0.2275 0.0800 0.2263 0.0960 0.2387 0.1180 0.2425 0.1540 0.2550 0.1900 0.2600 0.2240 0.2900 0.2120 0.3125 0.2140 0.3200 0.2040 0.3287 0.1740 0.3300 0.1280 0.3150 0.0920 0.3038 0.0720 0.3000 0.0520 0.3013 0.0340 0.2988 0.0160
