0 0.1787 0.4020 0.1487 0.3960 0.1250 0.4040 0.0800 0.4560 0.0550 0.5060 0.0225 0.6320 0.0000 0.6840 0.0000 0.9480 0.0200 0.9600 0.0288 0.9500 0.0475 0.9980 0.0675 0.9980 0.0725 0.9900 0.0813 0.9440 0.1138 0.8520 0.1475 0.8360 0.1462 0.8200 0.1237 0.8020 0.1388 0.7680 0.1450 0.7640 0.1663 0.7920 0.1862 0.7780 0.1925 0.7140 0.1875 0.7040 0.1737 0.7140 0.1688 0.6960 0.1975 0.6420 0.2062 0.5700 0.2263 0.5680 0.2475 0.5780 0.2525 0.5400 0.2587 0.5300 0.2575 0.5060 0.2450 0.4760 0.2025 0.4180
0 0.2975 0.4380 0.2725 0.4880 0.2475 0.6120 0.2537 0.6820 0.2787 0.7960 0.2700 0.9420 0.2612 0.9600 0.2425 0.9640 0.2175 0.9900 0.4125 0.9980 0.4300 0.9180 0.4913 0.9120 0.5637 0.9700 0.5737 0.9640 0.5825 0.9260 0.5787 0.9060 0.5188 0.8760 0.4425 0.7460 0.4475 0.6260 0.4188 0.5520 0.4587 0.5220 0.5312 0.5440 0.5337 0.4900 0.5050 0.4740 0.4537 0.4800 0.3625 0.4200 0.3212 0.4200
0 0.5012 0.7340 0.5262 0.7680 0.5637 0.7740 0.5737 0.7860 0.5787 0.8820 0.6012 0.9240 0.6000 0.9460 0.5837 0.9840 0.5988 0.9980 0.6212 0.9860 0.6375 0.9480 0.6488 0.9980 0.8888 0.9940 0.8562 0.7920 0.8263 0.6860 0.7963 0.6360 0.7375 0.5860 0.7013 0.5740 0.6675 0.5940 0.6312 0.6000 0.6088 0.6240 0.5925 0.6800 0.5800 0.7000
0 0.6887 0.3720 0.7075 0.4180 0.7500 0.4340 0.7738 0.4680 0.7875 0.4780 0.8163 0.4740 0.8438 0.5140 0.8762 0.5480 0.9100 0.5720 0.9413 0.5720 0.9463 0.5900 0.9925 0.6400 0.9988 0.6400 0.9988 0.4140 0.8962 0.3540 0.8325 0.2960 0.8125 0.2900 0.7738 0.2920 0.7362 0.2800 0.7250 0.2900 0.7075 0.3300 0.7050 0.3520
0 0.6550 0.2000 0.6500 0.2420 0.6587 0.2700 0.7137 0.2920 0.7200 0.2920 0.7300 0.2780 0.7488 0.2780 0.7625 0.2860 0.7875 0.2900 0.8200 0.2880 0.8350 0.2940 0.8612 0.3220 0.9237 0.3660 0.9337 0.3660 0.9400 0.3480 0.9363 0.3040 0.9300 0.2840 0.9125 0.2580 0.8650 0.2240 0.7738 0.1820 0.7087 0.1640 0.6837 0.1660 0.6775 0.1780 0.6613 0.1860
0 0.5988 0.0000 0.5887 0.0280 0.5737 0.1000 0.5775 0.1580 0.5813 0.1780 0.5813 0.2140 0.5837 0.2260 0.5950 0.2360 0.5950 0.2160 0.5988 0.2120 0.6112 0.2360 0.6238 0.2800 0.6350 0.3020 0.6425 0.3080 0.6462 0.2860 0.6462 0.2340 0.6562 0.1780 0.6700 0.1780 0.6813 0.1700 0.6800 0.1640 0.6675 0.1520 0.6625 0.1420 0.6625 0.1020 0.6663 0.0940 0.6750 0.0420 0.6750 0.0140 0.6713 0.0000
0 0.8750 0.1200 0.8688 0.1460 0.8762 0.1520 0.8812 0.1640 0.8988 0.1740 0.9050 0.1840 0.9175 0.2160 0.9213 0.2620 0.9387 0.2900 0.9425 0.3140 0.9800 0.3420 0.9775 0.3700 0.9725 0.3820 0.9725 0.3900 0.9900 0.4020 0.9988 0.3980 0.9988 0.2220 0.9688 0.2040 0.9475 0.1680 0.9337 0.1560 0.8988 0.1480 0.8950 0.1400 0.8938 0.1220 0.8875 0.1140
0 0.6650 0.1180 0.6650 0.1320 0.6675 0.1420 0.6725 0.1500 0.6850 0.1600 0.7137 0.1620 0.7325 0.1700 0.7425 0.1700 0.7775 0.1800 0.8137 0.1980 0.8213 0.1960 0.8137 0.1840 0.8137 0.1600 0.8075 0.1580 0.7950 0.1380 0.7863 0.1320 0.7837 0.1260 0.7825 0.1120 0.7750 0.0920 0.7588 0.0660 0.7462 0.0560 0.7362 0.0520 0.7113 0.0520 0.6925 0.0640 0.6775 0.0880
0 0.8363 0.0000 0.8263 0.0260 0.8250 0.0340 0.8287 0.0380 0.8325 0.0340 0.8363 0.0340 0.8425 0.0460 0.8625 0.0500 0.8750 0.0580 0.8788 0.0560 0.8800 0.0440 0.8838 0.0380 0.8875 0.0400 0.8900 0.0540 0.8900 0.1100 0.8962 0.1220 0.8988 0.1420 0.9050 0.1480 0.9263 0.1480 0.9375 0.1240 0.9375 0.1060 0.9350 0.0960 0.9337 0.0780 0.9300 0.0680 0.9062 0.0340 0.8962 0.0120 0.8875 0.0000
0 0.4587 0.1380 0.4500 0.1540 0.4475 0.1700 0.4650 0.2060 0.4725 0.2120 0.4938 0.2120 0.5025 0.2220 0.5025 0.2300 0.4900 0.2380 0.4850 0.2500 0.4850 0.2840 0.4888 0.3080 0.5025 0.3280 0.5062 0.3540 0.5188 0.3800 0.5350 0.4020 0.5587 0.4140 0.5750 0.4340 0.6200 0.4520 0.6362 0.4640 0.6412 0.4740 0.6562 0.4700 0.6625 0.4500 0.6425 0.3800 0.6500 0.3660 0.6587 0.3700 0.6538 0.3480 0.6175 0.2760 0.5837 0.2320 0.5550 0.1820 0.5425 0.1440 0.5262 0.1280 0.4975 0.1160 0.4738 0.1220
0 0.2750 0.1120 0.2675 0.1360 0.2650 0.1660 0.2900 0.1800 0.2963 0.1920 0.3038 0.2320 0.3162 0.2520 0.3450 0.2740 0.3738 0.3280 0.3862 0.3280 0.3925 0.3100 0.4213 0.3400 0.4537 0.3520 0.4775 0.3700 0.4838 0.3700 0.4950 0.3580 0.4825 0.3040 0.4825 0.2440 0.4925 0.2320 0.5012 0.2320 0.4975 0.2180 0.4900 0.2140 0.4738 0.2180 0.4662 0.2120 0.4425 0.1720 0.4238 0.1600 0.3738 0.1040 0.3400 0.0800 0.3225 0.0780 0.3000 0.0860 0.2838 0.0980
0 0.5787 0.0640 0.5687 0.0540 0.5537 0.0460 0.5125 0.0440 0.4913 0.0600 0.4662 0.0720 0.4200 0.0860 0.3975 0.0820 0.3775 0.1020 0.4075 0.1400 0.4387 0.1660 0.4425 0.1660 0.4512 0.1460 0.4612 0.1320 0.4750 0.1180 0.4838 0.1140 0.5000 0.1140 0.5212 0.1220 0.5375 0.1340 0.5487 0.1520 0.5637 0.1520 0.5737 0.1460 0.5713 0.1020
0 0.2925 0.1920 0.2662 0.1720 0.2450 0.1640 0.2263 0.1680 0.2050 0.1820 0.1525 0.2320 0.1537 0.2440 0.1600 0.2480 0.1837 0.2340 0.1837 0.2440 0.1737 0.2580 0.1300 0.2600 0.1275 0.2720 0.1325 0.2800 0.1487 0.2840 0.1575 0.2780 0.1600 0.2840 0.1537 0.2980 0.1225 0.3240 0.0950 0.3660 0.0675 0.3520 0.0688 0.3800 0.0938 0.4140 0.1062 0.4140 0.1363 0.3940 0.1613 0.3920 0.1925 0.4060 0.2162 0.4340 0.2238 0.4340 0.2550 0.4000 0.2675 0.3800 0.2812 0.3440 0.2900 0.2600 0.2975 0.2360
0 0.1925 0.0660 0.1825 0.0520 0.1688 0.0460 0.1512 0.0480 0.1388 0.0540 0.1113 0.0780 0.0700 0.1280 0.0612 0.1520 0.0512 0.2360 0.0525 0.2700 0.0563 0.2740 0.0675 0.2500 0.0688 0.2400 0.0750 0.2320 0.0887 0.2440 0.1237 0.2620 0.1375 0.2400 0.1338 0.2140 0.1437 0.1980 0.1525 0.1940 0.1525 0.1820 0.1550 0.1780 0.1588 0.1780 0.1688 0.1620 0.1800 0.1540 0.1888 0.1420 0.1925 0.1580 0.2000 0.1580 0.2075 0.1280
0 0.1388 0.0320 0.1425 0.0400 0.1737 0.0440 0.1888 0.0540 0.2100 0.1080 0.2162 0.1180 0.2325 0.1260 0.2675 0.1220 0.2838 0.0940 0.3088 0.0780 0.3362 0.0740 0.3438 0.0600 0.3438 0.0520 0.3300 0.0480 0.3025 0.0260 0.2500 0.0220 0.2062 0.0040 0.2050 0.0000 0.1562 0.0000
0 0.7788 0.0400 0.7788 0.0660 0.7837 0.0900 0.7825 0.1020 0.7863 0.1240 0.8037 0.1500 0.8150 0.1600 0.8163 0.1840 0.8237 0.1960 0.8237 0.2020 0.8750 0.2260 0.8875 0.2380 0.9187 0.2580 0.9187 0.2360 0.9150 0.2140 0.9012 0.1800 0.8875 0.1700 0.8712 0.1660 0.8538 0.1360 0.8500 0.1140 0.8413 0.0920 0.8425 0.0580 0.8363 0.0380 0.8225 0.0480 0.8137 0.0660 0.8037 0.0640 0.7937 0.0440 0.7837 0.0360
