0 0.2273 0.1753 0.1903 0.1962 0.1861 0.1788 0.1605 0.1927 0.1548 0.2361 0.1364 0.2604 0.1435 0.2656 0.1207 0.3524 0.1065 0.5069 0.1080 0.6076 0.1250 0.7517 0.1719 0.8906 0.1889 0.8941 0.2131 0.9167 0.2429 0.9097 0.2841 0.8472 0.3011 0.8455 0.3082 0.7500 0.3054 0.7240 0.2685 0.6875 0.2386 0.4028 0.2869 0.3368 0.3196 0.3299 0.3381 0.3021 0.3295 0.2951 0.2685 0.2986 0.2798 0.2812 0.2741 0.2656 0.2401 0.2917 0.2358 0.1892
0 0.4886 0.0035 0.4474 0.0069 0.4119 0.0434 0.3892 0.0920 0.3679 0.1632 0.3750 0.1684 0.3523 0.1979 0.3537 0.2309 0.3963 0.1823 0.4105 0.1823 0.4020 0.2812 0.4134 0.3507 0.3935 0.4271 0.4006 0.5278 0.3892 0.6198 0.3977 0.6267 0.4645 0.6337 0.5256 0.6233 0.5384 0.5608 0.5483 0.4688 0.5497 0.3177 0.5611 0.2431 0.5611 0.1771 0.5540 0.1319 0.5256 0.0469 0.5000 0.0087
0 0.9560 0.2431 0.9276 0.2604 0.9332 0.2726 0.9105 0.2882 0.8892 0.3351 0.8040 0.4201 0.7727 0.4878 0.7557 0.5608 0.7528 0.6111 0.7727 0.6163 0.7983 0.6354 0.8054 0.6163 0.8423 0.6198 0.8551 0.6319 0.8580 0.6528 0.8537 0.6788 0.8622 0.7101 0.8807 0.7014 0.9176 0.6649 0.9162 0.6545 0.8977 0.6510 0.8977 0.6163 0.9119 0.5799 0.9219 0.5278 0.9389 0.4913 0.9616 0.4653 0.9716 0.4444 0.9773 0.4115 0.9744 0.3628 0.9986 0.3576 0.9901 0.2934 0.9830 0.2847 0.9702 0.2917
0 0.8693 0.0035 0.7912 0.0035 0.7713 0.0312 0.7415 0.0365 0.7173 0.0521 0.7017 0.0521 0.6491 0.0312 0.5881 0.0417 0.5795 0.0278 0.5710 0.0278 0.5582 0.0347 0.5653 0.0556 0.5824 0.0694 0.5938 0.1094 0.5938 0.1615 0.6051 0.1910 0.6392 0.2309 0.6577 0.2396 0.6832 0.2413 0.7003 0.2344 0.7415 0.2396 0.7543 0.2361 0.7869 0.1858 0.8040 0.1788 0.8452 0.1319 0.8707 0.0538 0.8807 0.0469 0.8807 0.0330 0.8707 0.0243 0.8679 0.0139
0 0.8920 0.0052 0.8835 0.0104 0.8821 0.0486 0.8679 0.0694 0.8452 0.1424 0.8253 0.1597 0.8111 0.1806 0.7855 0.1910 0.7528 0.2517 0.7500 0.3003 0.7528 0.3333 0.7741 0.4028 0.7912 0.4271 0.7983 0.4253 0.8423 0.3750 0.8821 0.3403 0.9134 0.2760 0.9190 0.2292 0.9375 0.1615 0.9347 0.1233 0.9233 0.0972 0.9418 0.0868 0.9261 0.0417 0.9105 0.0486 0.9006 0.0365
0 0.2486 0.0069 0.1605 0.0035 0.1250 0.0295 0.0923 0.0660 0.0298 0.1476 0.0099 0.1962 0.0000 0.2066 0.0028 0.2483 0.0000 0.2934 0.0057 0.2934 0.0199 0.2639 0.0426 0.2431 0.0625 0.2483 0.0781 0.2812 0.0923 0.2847 0.0952 0.2778 0.0909 0.2448 0.0952 0.2361 0.1065 0.2361 0.1435 0.2205 0.1648 0.1840 0.1790 0.1788 0.1889 0.1684 0.1918 0.1927 0.2074 0.1892 0.2202 0.1771 0.2344 0.1406 0.2358 0.1250 0.2557 0.0833 0.2585 0.0451
0 0.8949 0.7031 0.8864 0.7101 0.8807 0.7292 0.8764 0.7778 0.8594 0.8177 0.8580 0.8507 0.8494 0.8837 0.8494 0.9948 0.9489 0.9965 0.9503 0.9444 0.9403 0.8976 0.9276 0.8663 0.9247 0.8160 0.9162 0.7847 0.9162 0.7465 0.9034 0.7222 0.9006 0.7101
0 0.1491 0.0035 0.0795 0.0035 0.0710 0.0122 0.0298 0.0729 0.0128 0.1059 0.0028 0.1406 0.0000 0.1441 0.0000 0.1580 0.0057 0.1667 0.0000 0.1719 0.0000 0.1944 0.0085 0.1875 0.0099 0.1788 0.0270 0.1476 0.0668 0.0920 0.1307 0.0208 0.1463 0.0104 0.1506 0.0052
0 0.0838 0.4774 0.0696 0.5104 0.0412 0.5451 0.0412 0.5712 0.0270 0.6267 0.0256 0.6944 0.0312 0.7413 0.0213 0.7500 0.0199 0.8524 0.0312 0.9670 0.0398 0.9965 0.1705 0.9965 0.1719 0.9340 0.1193 0.7552 0.1122 0.6389 0.1023 0.5903 0.1023 0.5069 0.0909 0.4792
0 0.3991 0.0052 0.2855 0.0035 0.2756 0.0312 0.2656 0.1076 0.2628 0.1736 0.2443 0.2639 0.2457 0.2743 0.2543 0.2726 0.2599 0.2639 0.2784 0.1806 0.2926 0.2049 0.3011 0.2066 0.3125 0.2205 0.3210 0.2483 0.3381 0.2535 0.3452 0.2448 0.3509 0.1944 0.3622 0.1719 0.3821 0.1111 0.3906 0.0660 0.3906 0.0382
0 0.0526 0.2448 0.0298 0.2552 0.0000 0.3194 0.0000 0.8507 0.0156 0.8767 0.0170 0.7378 0.0284 0.7361 0.0199 0.6892 0.0227 0.6215 0.0341 0.5799 0.0355 0.5486 0.0611 0.4844 0.0668 0.3976 0.1193 0.3368 0.1222 0.3229 0.1179 0.3125 0.1037 0.3090 0.0994 0.3003 0.1207 0.2743 0.1179 0.2639 0.0966 0.2708 0.0838 0.2882
0 0.8551 0.6424 0.8423 0.6250 0.8068 0.6198 0.8011 0.6528 0.7784 0.6233 0.7528 0.6163 0.3651 0.6406 0.3281 0.6823 0.3097 0.7361 0.3068 0.8438 0.3196 0.8976 0.3665 0.9635 0.4247 0.9965 0.4446 0.9913 0.4403 0.9635 0.4744 0.9497 0.5483 0.9549 0.6705 0.9097 0.6960 0.9253 0.7386 0.9149 0.7841 0.8733 0.8224 0.7969 0.8395 0.8003 0.8395 0.8264 0.8466 0.8281 0.8764 0.7326 0.8736 0.7205 0.8622 0.7274 0.8509 0.6771
0 0.8551 0.8090 0.8494 0.8316 0.8438 0.8351 0.8338 0.7986 0.8253 0.7969 0.8196 0.8038 0.7997 0.8524 0.7685 0.8958 0.7472 0.9149 0.7102 0.9306 0.6946 0.9601 0.6875 0.9688 0.6619 0.9844 0.6577 0.9965 0.8423 0.9965 0.8466 0.9722 0.8452 0.8854 0.8509 0.8767 0.8565 0.8490 0.8580 0.8212
