0 0.9625 0.2260 0.9437 0.2140 0.9237 0.2140 0.8838 0.2460 0.8738 0.2620 0.8700 0.2880 0.8550 0.3360 0.8263 0.3780 0.8250 0.3860 0.8425 0.4020 0.8425 0.4120 0.8337 0.4280 0.8287 0.4520 0.8562 0.4820 0.8375 0.5020 0.8488 0.5160 0.8675 0.5140 0.9163 0.4640 0.9313 0.4640 0.9688 0.4780 0.9988 0.5000 0.9988 0.4260 0.9725 0.3760 0.9650 0.3520 0.9663 0.3240 0.9700 0.3360 0.9825 0.3460 0.9988 0.3480 0.9988 0.3200 0.9888 0.3160 0.9800 0.2960 0.9700 0.2960 0.9537 0.2720 0.9550 0.2600 0.9663 0.2580 0.9738 0.2460
0 0.7325 0.0880 0.7338 0.0940 0.7412 0.0980 0.7700 0.1280 0.8125 0.1560 0.8475 0.1900 0.8562 0.2040 0.8675 0.2480 0.8725 0.2540 0.8775 0.2540 0.8912 0.2340 0.9225 0.2120 0.9225 0.2080 0.9087 0.2040 0.9012 0.1980 0.8550 0.1240 0.8313 0.1020 0.7750 0.0680 0.7538 0.0700 0.7388 0.0800
0 0.7712 0.0640 0.7925 0.0740 0.8488 0.1140 0.9050 0.1980 0.9350 0.2020 0.9375 0.2080 0.9575 0.2180 0.9738 0.2340 0.9875 0.2280 0.9988 0.2300 0.9988 0.2120 0.9875 0.2040 0.9637 0.1620 0.9237 0.1340 0.8762 0.0920 0.8538 0.0820 0.8313 0.0620 0.8087 0.0500 0.7863 0.0500
0 0.6600 0.0200 0.6700 0.0400 0.6887 0.0400 0.7500 0.0660 0.7625 0.0620 0.7788 0.0480 0.8113 0.0480 0.8325 0.0600 0.8525 0.0780 0.8700 0.0840 0.9287 0.1340 0.9350 0.1300 0.9325 0.0880 0.9213 0.0660 0.8475 0.0000 0.6850 0.0000
0 0.4612 0.0000 0.4587 0.0400 0.4525 0.0680 0.4525 0.0960 0.4562 0.1200 0.4600 0.1300 0.4675 0.1400 0.4763 0.1440 0.4850 0.1580 0.4963 0.1680 0.5062 0.1860 0.5212 0.1860 0.5300 0.1680 0.5413 0.1720 0.5463 0.1540 0.5450 0.1180 0.5475 0.1120 0.5525 0.1100 0.5450 0.0940 0.5525 0.0860 0.5575 0.0860 0.5637 0.0920 0.5675 0.0900 0.5700 0.0800 0.5650 0.0300 0.5563 0.0000
0 0.1187 0.9460 0.1250 0.9980 0.8363 0.9980 0.8163 0.9760 0.7638 0.9480 0.6887 0.9460 0.4825 0.8780 0.3638 0.8600 0.2838 0.8340 0.2562 0.8380 0.1975 0.8800 0.1688 0.9300
0 0.1237 0.0000 0.0275 0.0000 0.0000 0.0280 0.0000 0.3180 0.0075 0.3100 0.0100 0.1980 0.0250 0.2080 0.0338 0.3000 0.0437 0.3060 0.0475 0.2960 0.0462 0.2400 0.0550 0.1720 0.0675 0.1700 0.0700 0.1920 0.0762 0.1960 0.0775 0.1640 0.0988 0.1220 0.1075 0.1760 0.1113 0.1800 0.1212 0.1700 0.1250 0.1100 0.1338 0.0700 0.1338 0.0300
0 0.2550 0.0800 0.2412 0.0660 0.2225 0.0640 0.1925 0.0780 0.1762 0.0960 0.1400 0.1600 0.1150 0.1800 0.1037 0.1960 0.0850 0.2500 0.0850 0.3000 0.0912 0.3060 0.1113 0.2620 0.1250 0.2460 0.1688 0.1740 0.1950 0.1400 0.2313 0.1080 0.2575 0.0960 0.2587 0.0900
0 0.3887 0.0000 0.3875 0.0140 0.3900 0.0320 0.3825 0.0560 0.3862 0.0780 0.3787 0.0900 0.3750 0.1000 0.3762 0.1180 0.3900 0.1340 0.3962 0.1380 0.4037 0.1500 0.4113 0.1560 0.4275 0.1560 0.4325 0.1600 0.4412 0.1580 0.4437 0.1520 0.4450 0.1380 0.4525 0.1220 0.4525 0.1100 0.4500 0.0940 0.4500 0.0700 0.4562 0.0280 0.4562 0.0140 0.4512 0.0000
0 0.6162 0.4400 0.5675 0.4020 0.5150 0.4020 0.4925 0.4160 0.4562 0.4760 0.4150 0.5180 0.3700 0.5980 0.3450 0.6280 0.3113 0.6520 0.2800 0.6920 0.2625 0.7400 0.2650 0.7780 0.2400 0.8040 0.2250 0.8520 0.2600 0.8320 0.2850 0.8300 0.3663 0.8560 0.4375 0.8620 0.4550 0.8260 0.4587 0.7800 0.4700 0.7420 0.5175 0.6420 0.5487 0.6000 0.6300 0.5240
0 0.6075 0.3440 0.5938 0.3060 0.5675 0.2760 0.4925 0.2640 0.4500 0.2780 0.3850 0.3240 0.3162 0.3560 0.2875 0.3920 0.2725 0.4500 0.2625 0.4640 0.2400 0.4740 0.2075 0.5340 0.2325 0.5400 0.1925 0.5780 0.1888 0.5900 0.2013 0.6020 0.2250 0.5960 0.2175 0.6340 0.2325 0.6540 0.3150 0.6220 0.3412 0.5860 0.3550 0.5980 0.3650 0.5960 0.4163 0.5120 0.4575 0.4700 0.4825 0.4240 0.5025 0.4040 0.5600 0.3960 0.6100 0.4260
0 0.5962 0.2900 0.5975 0.3080 0.6075 0.3300 0.6138 0.3200 0.6238 0.3200 0.6412 0.3060 0.6613 0.3420 0.6787 0.3560 0.6837 0.4260 0.6950 0.4440 0.7063 0.4380 0.7125 0.4120 0.7250 0.4560 0.7550 0.4640 0.7875 0.4620 0.8025 0.4220 0.8113 0.4240 0.8137 0.4320 0.8250 0.4320 0.8375 0.4100 0.8363 0.4020 0.8063 0.3780 0.8087 0.3180 0.8000 0.2780 0.7812 0.2560 0.7475 0.1940 0.7087 0.1620 0.6637 0.1600 0.6412 0.1700 0.6312 0.1840
0 0.6600 0.0900 0.6587 0.1080 0.6462 0.1240 0.6500 0.1540 0.6538 0.1580 0.7050 0.1580 0.7488 0.1920 0.7762 0.2440 0.7913 0.2600 0.8025 0.2800 0.8087 0.3040 0.8137 0.3520 0.8337 0.3500 0.8525 0.3320 0.8688 0.2820 0.8688 0.2560 0.8550 0.2060 0.8450 0.1900 0.8137 0.1600 0.7738 0.1340 0.7300 0.0920 0.6863 0.0680 0.6750 0.0680
