0 0.1412 0.0100 0.1462 0.0180 0.1725 0.0140 0.1837 0.0220 0.1850 0.0460 0.1888 0.0520 0.1888 0.0640 0.1837 0.0860 0.1913 0.1000 0.1862 0.1160 0.1775 0.1300 0.1425 0.1660 0.1437 0.1800 0.1487 0.1880 0.1663 0.1880 0.1812 0.1740 0.2100 0.1600 0.2350 0.1600 0.2537 0.1540 0.2712 0.1400 0.2850 0.1120 0.2863 0.0700 0.2838 0.0360 0.2712 0.0120 0.2587 0.0000 0.1450 0.0000
0 0.5650 0.2900 0.5825 0.3200 0.5663 0.3520 0.5663 0.3780 0.6138 0.3620 0.6462 0.3780 0.6600 0.3460 0.6700 0.2920 0.6775 0.2880 0.7325 0.2900 0.7575 0.3000 0.9387 0.4120 0.9525 0.3920 0.9463 0.3780 0.9413 0.3360 0.9125 0.2980 0.8625 0.2980 0.8337 0.2800 0.7500 0.2560 0.6963 0.2320 0.6125 0.2500 0.5975 0.2360
0 0.5300 0.2180 0.5300 0.2320 0.5350 0.2420 0.5650 0.2620 0.5800 0.2620 0.5975 0.2320 0.6112 0.2460 0.6512 0.2420 0.6700 0.2300 0.6925 0.2280 0.7425 0.2500 0.8263 0.2740 0.8588 0.2920 0.8800 0.2900 0.8675 0.2380 0.8425 0.2080 0.8137 0.1980 0.7863 0.2040 0.6750 0.1500 0.6338 0.1460 0.6000 0.1520 0.5675 0.1300 0.5600 0.1180 0.5537 0.1200 0.5525 0.1340 0.5637 0.1580 0.5600 0.1660 0.5513 0.1680 0.5537 0.1780 0.5487 0.1940
0 0.6713 0.2960 0.6488 0.3760 0.6500 0.4280 0.6388 0.4520 0.6400 0.4660 0.6613 0.4600 0.6813 0.4860 0.7025 0.4860 0.7312 0.5120 0.7400 0.5020 0.8600 0.5580 0.8612 0.5780 0.8912 0.6180 0.9012 0.6180 0.9150 0.6000 0.9425 0.6340 0.9762 0.6580 0.9988 0.6840 0.9988 0.4940 0.9625 0.4380 0.9150 0.3980 0.7588 0.3040 0.7338 0.2940
0 0.2475 0.4360 0.1487 0.4260 0.1237 0.4380 0.0800 0.4760 0.0362 0.5400 0.0238 0.5460 0.0200 0.5740 0.0325 0.5880 0.0488 0.5820 0.0512 0.5900 0.0163 0.6500 0.0000 0.7060 0.0000 0.9460 0.0350 0.9520 0.0550 0.9440 0.0925 0.9100 0.1163 0.8760 0.1212 0.8520 0.1013 0.8260 0.1013 0.7920 0.1138 0.7660 0.1812 0.6940 0.2013 0.5880 0.2400 0.5080 0.2425 0.4860 0.2475 0.4840 0.2387 0.4800 0.2475 0.4640
0 0.3488 0.4300 0.3200 0.4100 0.2925 0.4060 0.2525 0.4340 0.2500 0.4680 0.2625 0.4980 0.2112 0.5700 0.1850 0.6980 0.1562 0.7200 0.1037 0.7980 0.1037 0.8200 0.1125 0.8360 0.1350 0.8380 0.1388 0.8480 0.1150 0.9420 0.1113 0.9980 0.2125 0.9940 0.2375 0.9500 0.2787 0.9180 0.2812 0.8800 0.3025 0.8240 0.3563 0.7340 0.3663 0.7040 0.3700 0.6500 0.3900 0.6080 0.3912 0.5920 0.3812 0.5540 0.3762 0.4940 0.3663 0.4600
0 0.5763 0.5920 0.5400 0.5780 0.4487 0.5900 0.3925 0.6100 0.3725 0.6540 0.3725 0.7000 0.3625 0.7320 0.2938 0.8540 0.2863 0.8820 0.2875 0.9180 0.2450 0.9480 0.2200 0.9980 0.4850 0.9980 0.5075 0.9040 0.5125 0.8020 0.4575 0.7920 0.4263 0.8220 0.3900 0.8320 0.3787 0.8200 0.3775 0.7980 0.4188 0.7540 0.5325 0.6980 0.5600 0.6580 0.5813 0.6520 0.5875 0.6380
0 0.7262 0.9920 0.7175 0.9200 0.6775 0.7480 0.6725 0.7000 0.6887 0.6520 0.6750 0.6360 0.5925 0.6400 0.5813 0.6660 0.5600 0.6740 0.5325 0.7020 0.4412 0.7420 0.3987 0.7760 0.3825 0.8000 0.3837 0.8180 0.3950 0.8260 0.4275 0.8160 0.4537 0.7880 0.5038 0.7940 0.5162 0.8040 0.5150 0.8620 0.4938 0.9980 0.7238 0.9980
0 0.7025 0.6400 0.6800 0.6900 0.6775 0.7220 0.7125 0.8780 0.7338 0.9980 0.9050 0.9980 0.9062 0.9020 0.9287 0.9300 0.9363 0.9320 0.9487 0.9220 0.9363 0.8820 0.9012 0.8300 0.8900 0.8040 0.8788 0.7400 0.8500 0.6700 0.8263 0.6360 0.7863 0.6020 0.7525 0.5980 0.7275 0.6100
0 0.4700 0.0000 0.4525 0.0360 0.4425 0.0820 0.4462 0.1640 0.4562 0.2120 0.4562 0.2580 0.4512 0.3020 0.4587 0.3040 0.4713 0.2940 0.4775 0.2280 0.4775 0.1900 0.4825 0.1760 0.4913 0.1740 0.5025 0.1920 0.5012 0.2360 0.5050 0.2960 0.5112 0.3080 0.5212 0.3120 0.5262 0.3040 0.5212 0.2700 0.5238 0.2140 0.5288 0.1980 0.5450 0.1840 0.5450 0.1520 0.5537 0.0600 0.5513 0.0340 0.5425 0.0000
0 0.7400 0.0000 0.7388 0.0480 0.7412 0.0880 0.7375 0.1300 0.7400 0.1600 0.7438 0.1620 0.7475 0.1560 0.7550 0.1200 0.7662 0.1340 0.7712 0.1060 0.7788 0.0900 0.7950 0.1080 0.7925 0.1460 0.7975 0.1640 0.8000 0.1960 0.8200 0.1960 0.8387 0.2020 0.8638 0.2260 0.8675 0.2120 0.8750 0.2080 0.8838 0.2220 0.8825 0.2000 0.8700 0.1740 0.8650 0.1300 0.8725 0.1020 0.8712 0.0620 0.8662 0.0380 0.8500 0.0000
0 0.8962 0.1960 0.8888 0.2140 0.8838 0.2400 0.8862 0.2660 0.8925 0.2840 0.9375 0.3100 0.9525 0.3100 0.9663 0.3140 0.9738 0.3320 0.9875 0.3320 0.9988 0.3280 0.9988 0.1640 0.9788 0.1640 0.9637 0.1600 0.9263 0.1620 0.9100 0.1740
0 0.9988 0.1240 0.9437 0.1180 0.9337 0.1220 0.9275 0.1280 0.9225 0.1280 0.9175 0.1240 0.9038 0.1200 0.8838 0.1200 0.8712 0.1280 0.8675 0.1340 0.8675 0.1460 0.8712 0.1700 0.8825 0.1920 0.8875 0.2100 0.9038 0.1800 0.9150 0.1660 0.9313 0.1580 0.9688 0.1580 0.9838 0.1620 0.9988 0.1620
0 0.2800 0.0140 0.2787 0.0200 0.2838 0.0280 0.2863 0.0400 0.2900 0.1120 0.2938 0.1080 0.2963 0.0960 0.3063 0.0860 0.3137 0.0880 0.3262 0.1000 0.3600 0.1060 0.3600 0.1160 0.3538 0.1340 0.3550 0.1400 0.3663 0.1540 0.4088 0.1240 0.4412 0.1360 0.4412 0.0760 0.4512 0.0320 0.4425 0.0220 0.4263 0.0140 0.3850 0.0040 0.3837 0.0000 0.2888 0.0000
0 0.0537 0.0220 0.0525 0.0300 0.0550 0.0340 0.0600 0.0340 0.0675 0.0280 0.0737 0.0300 0.0813 0.0420 0.0925 0.0760 0.0688 0.1040 0.0650 0.1580 0.0750 0.1540 0.1313 0.1540 0.1462 0.1440 0.1650 0.1180 0.1675 0.1000 0.1737 0.0860 0.1800 0.0560 0.1800 0.0300 0.1775 0.0220 0.1725 0.0180 0.1450 0.0200 0.1400 0.0140 0.1400 0.0000 0.0875 0.0000 0.0862 0.0040
