0 0.9432 0.3038 0.9261 0.3090 0.9048 0.3490 0.8864 0.4080 0.8793 0.4896 0.8807 0.5208 0.8963 0.5208 0.8991 0.4653 0.9105 0.4740 0.9091 0.5660 0.9148 0.6146 0.9247 0.6545 0.9403 0.6285 0.9403 0.5938 0.9460 0.5747 0.9744 0.5312 0.9901 0.5417 0.9929 0.5642 0.9986 0.5677 0.9986 0.3854 0.9716 0.3247 0.9588 0.3073
0 0.5455 0.0816 0.5469 0.0938 0.5568 0.1076 0.6293 0.1146 0.6335 0.0938 0.6534 0.0799 0.6662 0.0191 0.6761 0.0087 0.6946 0.0486 0.6946 0.0677 0.7386 0.0642 0.8111 0.0868 0.8395 0.0903 0.8778 0.1076 0.8977 0.1233 0.9020 0.1215 0.9034 0.1094 0.9020 0.0799 0.8949 0.0538 0.8821 0.0278 0.8608 0.0035 0.5668 0.0035 0.5582 0.0312 0.5653 0.0399
0 0.1449 0.7483 0.1207 0.7552 0.0994 0.7240 0.0852 0.7188 0.0696 0.7240 0.0526 0.7448 0.0384 0.7778 0.0312 0.8073 0.0256 0.8576 0.0142 0.9080 0.0071 0.9688 0.0071 0.9965 0.1349 0.9965 0.1392 0.9931 0.1378 0.9844 0.1420 0.9722 0.1392 0.9688 0.1392 0.9549 0.1420 0.9514 0.1392 0.9479 0.1406 0.9271 0.1449 0.9253 0.1449 0.9097 0.1534 0.8681 0.1491 0.8594 0.1420 0.8594 0.1364 0.8542 0.1321 0.8403 0.1335 0.8142 0.1463 0.7708 0.1477 0.7535
0 0.1193 0.0469 0.1009 0.0556 0.0653 0.0556 0.0455 0.0781 0.0327 0.1024 0.0128 0.1267 0.0000 0.1319 0.0000 0.3073 0.0099 0.2951 0.0156 0.2812 0.0185 0.2274 0.0298 0.2066 0.0526 0.1476 0.0710 0.1163 0.1037 0.0747
0 0.0355 0.3021 0.0000 0.3194 0.0000 0.5729 0.0526 0.6944 0.0511 0.7240 0.0881 0.7153 0.1179 0.7326 0.1307 0.7309 0.1534 0.7170 0.1562 0.6667 0.1250 0.5799 0.1151 0.5330 0.0938 0.4809 0.1122 0.3924 0.1165 0.3108 0.1094 0.3073 0.0980 0.3333 0.0923 0.3993 0.0639 0.4410 0.0455 0.3976 0.0241 0.3750 0.0270 0.3333 0.0384 0.3142
0 0.0696 0.2257 0.0412 0.2483 0.0284 0.2969 0.0483 0.2795 0.0412 0.3212 0.0554 0.4080 0.0639 0.4271 0.0852 0.4080 0.1023 0.3177 0.1108 0.3038 0.1165 0.3073 0.1151 0.3976 0.0994 0.4705 0.1293 0.5521 0.1591 0.5920 0.1605 0.7274 0.1690 0.7257 0.1761 0.6719 0.1918 0.6684 0.1946 0.6493 0.2045 0.6458 0.2116 0.7135 0.2287 0.7344 0.2486 0.6615 0.2841 0.5938 0.2884 0.5451 0.2770 0.4878 0.2798 0.4635 0.2401 0.3802 0.2116 0.3490 0.1875 0.3576 0.1705 0.4271 0.1562 0.4392 0.1506 0.4288 0.1534 0.3785 0.1790 0.2969 0.1236 0.2344
0 0.4276 0.0104 0.4176 0.0469 0.4176 0.1146 0.4290 0.1823 0.4233 0.2500 0.4631 0.3177 0.4957 0.3993 0.5312 0.5608 0.5426 0.5799 0.5739 0.5920 0.5739 0.6354 0.5497 0.6198 0.5412 0.6267 0.5426 0.6458 0.5582 0.6684 0.6818 0.7378 0.7131 0.7083 0.7301 0.6771 0.7443 0.6736 0.7386 0.5434 0.7116 0.4271 0.6719 0.3420 0.5540 0.1493 0.5085 0.1111 0.4972 0.0747 0.4787 0.0747 0.4446 0.0191
0 0.2912 0.6007 0.3111 0.6545 0.3011 0.6684 0.2656 0.6649 0.2642 0.7135 0.2898 0.7257 0.2699 0.7361 0.2756 0.7639 0.3438 0.8594 0.3196 0.9514 0.3224 0.9931 0.3395 0.9878 0.3565 0.9444 0.3551 0.9948 0.3892 0.9913 0.4347 0.9497 0.4517 0.9566 0.4886 0.9965 0.7770 0.9931 0.7741 0.9306 0.7571 0.8733 0.6946 0.7743 0.6477 0.7240 0.5838 0.6858 0.4773 0.6458 0.4276 0.6163 0.3565 0.6181 0.3196 0.5938
0 0.1790 0.6736 0.1690 0.7639 0.1634 0.7778 0.1577 0.7795 0.1562 0.7465 0.1520 0.7448 0.1477 0.7812 0.1349 0.8264 0.1420 0.8524 0.1591 0.8542 0.1491 0.9410 0.1562 0.9965 0.3111 0.9965 0.3139 0.9479 0.3040 0.8889 0.2997 0.8142 0.2898 0.7951 0.2827 0.7917 0.2770 0.8802 0.2713 0.8802 0.2500 0.8472 0.2244 0.7760 0.2259 0.7413 0.2116 0.7326 0.2017 0.6875 0.1889 0.6736
0 0.9830 0.5382 0.9744 0.5399 0.9503 0.5729 0.9432 0.5955 0.9446 0.6267 0.9318 0.6597 0.8821 0.7344 0.8565 0.8021 0.8352 0.8229 0.8182 0.8264 0.8082 0.8403 0.8082 0.8628 0.8366 0.8646 0.8565 0.8767 0.8466 0.9253 0.8239 0.9740 0.8196 0.9948 0.9460 0.9965 0.9531 0.9844 0.9844 0.8628 0.9986 0.7691 0.9986 0.5799 0.9886 0.5729 0.9886 0.5486
0 0.2884 0.0069 0.2855 0.0035 0.1648 0.0035 0.1562 0.0087 0.0582 0.1424 0.0369 0.1910 0.0341 0.2066 0.0199 0.2309 0.0199 0.2587 0.0270 0.2552 0.0369 0.2378 0.0568 0.2344 0.0668 0.2222 0.1250 0.2274 0.1648 0.1997 0.1676 0.1771 0.1875 0.1632 0.1932 0.1528 0.1960 0.1250 0.1875 0.0955 0.1903 0.0712 0.1960 0.0660 0.2102 0.0642 0.2216 0.0677 0.2287 0.0764 0.2358 0.0764
