0 0.2472 0.2014 0.1705 0.2135 0.1293 0.2500 0.1349 0.2899 0.0497 0.5538 0.0355 0.7049 0.0412 0.8281 0.0724 0.9045 0.1051 0.9306 0.1392 0.9115 0.1634 0.9479 0.2259 0.9826 0.2514 0.9792 0.2543 0.9635 0.1974 0.9201 0.1790 0.8819 0.2230 0.8819 0.2429 0.8663 0.2457 0.8490 0.1832 0.8385 0.1634 0.8056 0.2003 0.5174 0.2131 0.5069 0.2727 0.5069 0.3097 0.5260 0.3253 0.5122 0.2301 0.4167 0.2429 0.3906 0.2741 0.3854 0.2969 0.3646 0.2869 0.3403 0.2372 0.3472 0.2571 0.2222
0 0.6250 0.1788 0.5994 0.2292 0.5852 0.2431 0.5909 0.2517 0.5938 0.3299 0.6094 0.3785 0.6463 0.4271 0.6761 0.4462 0.7045 0.4826 0.7741 0.4722 0.8310 0.5017 0.8963 0.5833 0.9332 0.6632 0.9304 0.6354 0.9432 0.6267 0.9474 0.5885 0.9645 0.5868 0.9517 0.5069 0.9432 0.5052 0.9389 0.5365 0.9347 0.5330 0.9219 0.4358 0.8977 0.3802 0.8395 0.3333 0.7884 0.2708 0.7486 0.2396 0.7685 0.2326 0.7685 0.2153 0.7273 0.2135 0.7074 0.1875 0.6747 0.1701 0.6420 0.1684
0 0.7074 0.4878 0.7088 0.5122 0.6946 0.5972 0.7045 0.6597 0.7869 0.7951 0.8097 0.8194 0.8466 0.8351 0.8722 0.8663 0.8793 0.8924 0.8736 0.9566 0.8807 0.9896 0.8963 0.9913 0.9119 0.9497 0.9162 0.9653 0.9389 0.9757 0.9503 0.9896 0.9602 0.9861 0.9673 0.9531 0.9815 0.9253 0.9830 0.8733 0.9886 0.8681 0.9943 0.8872 0.9972 0.8785 0.9815 0.8316 0.9631 0.7344 0.9134 0.6215 0.8793 0.5642 0.8352 0.5104 0.8111 0.4913 0.7727 0.4757
0 0.0312 0.1580 0.0227 0.1597 0.0156 0.1649 0.0000 0.1875 0.0000 0.4097 0.0085 0.3872 0.0114 0.3663 0.0256 0.3142 0.0455 0.2535 0.0582 0.2240 0.0582 0.2101 0.0511 0.1771 0.0554 0.1667 0.0455 0.1684
0 0.6548 0.0208 0.5938 0.0035 0.4148 0.0069 0.3168 0.0677 0.2727 0.1267 0.2571 0.1337 0.2699 0.1458 0.2614 0.2413 0.2955 0.3160 0.3111 0.4340 0.3253 0.4844 0.3366 0.4792 0.3324 0.3819 0.3565 0.4410 0.3750 0.4444 0.3480 0.3333 0.3594 0.2778 0.4375 0.2622 0.5398 0.1910 0.5611 0.1944 0.5909 0.2257 0.6378 0.1632 0.6889 0.1562 0.6946 0.1302 0.6676 0.0833 0.6634 0.0330
0 0.6534 0.0052 0.6506 0.0104 0.6676 0.0382 0.6705 0.0816 0.6960 0.1302 0.6946 0.1476 0.7060 0.1701 0.7131 0.1701 0.7131 0.1337 0.7074 0.1163 0.6918 0.0972 0.6974 0.0920 0.7443 0.1649 0.7827 0.2031 0.7983 0.2726 0.8210 0.3056 0.8310 0.2986 0.8381 0.2812 0.8977 0.3594 0.9034 0.3611 0.9119 0.3472 0.9261 0.3438 0.9290 0.3333 0.9162 0.2465 0.9176 0.2309 0.9375 0.2066 0.9403 0.1875 0.9091 0.1875 0.8906 0.1302 0.8082 0.0035
0 0.0781 0.0035 0.0710 0.0017 0.0653 0.0035 0.0611 0.0017 0.0398 0.0035 0.0213 0.0312 0.0213 0.0347 0.0142 0.0451 0.0099 0.0573 0.0028 0.0694 0.0000 0.0712 0.0000 0.1806 0.0256 0.1510 0.0298 0.1424 0.0469 0.0955 0.0469 0.0903 0.0511 0.0799 0.0511 0.0747 0.0554 0.0642 0.0582 0.0503 0.0653 0.0330 0.0795 0.0087
0 0.3537 0.7934 0.3551 0.8299 0.3509 0.8646 0.3537 0.9236 0.3665 0.9792 0.3750 0.9965 0.6364 0.9948 0.5980 0.9097 0.5440 0.8281 0.5398 0.8090 0.5241 0.7795 0.5085 0.7622 0.4588 0.7431 0.4176 0.7378 0.3991 0.7465 0.3651 0.7899
0 0.0895 0.1597 0.0994 0.1615 0.1349 0.1163 0.1605 0.1024 0.1847 0.1024 0.2116 0.1181 0.2727 0.1111 0.3168 0.0625 0.3381 0.0521 0.3594 0.0330 0.4048 0.0052 0.1534 0.0035 0.1009 0.0677 0.0938 0.0816 0.0909 0.1076 0.0994 0.1250
0 0.1406 0.0035 0.1293 0.0052 0.1236 0.0017 0.0895 0.0017 0.0852 0.0052 0.0696 0.0295 0.0582 0.0556 0.0497 0.0938 0.0284 0.1528 0.0412 0.1545 0.0455 0.1597 0.0540 0.1597 0.0710 0.1493 0.0838 0.1476 0.0895 0.1424 0.0952 0.1285 0.0952 0.1198 0.0895 0.1111 0.0909 0.0833 0.1009 0.0642 0.1193 0.0382 0.1349 0.0208 0.1449 0.0069
0 0.0000 0.6285 0.0000 0.9965 0.0384 0.9965 0.0455 0.9913 0.0511 0.9740 0.0639 0.9618 0.0639 0.9080 0.0568 0.8872 0.0455 0.8681 0.0327 0.8003 0.0298 0.7517 0.0327 0.6649 0.0270 0.6476 0.0185 0.6354 0.0085 0.6285
