0 0.6650 0.6900 0.6350 0.7360 0.6325 0.7440 0.6338 0.7860 0.6200 0.8220 0.5962 0.8420 0.5850 0.8680 0.5813 0.8840 0.5813 0.9100 0.5875 0.9460 0.6025 0.9700 0.6175 0.9780 0.6200 0.9980 0.8113 0.9980 0.8125 0.9840 0.7863 0.8780 0.7887 0.8320 0.7800 0.7940 0.7712 0.7800 0.7500 0.7660 0.7400 0.7460 0.7400 0.7220 0.7300 0.7020 0.7137 0.6900 0.7087 0.6920 0.7063 0.7040 0.6850 0.6980 0.6775 0.6860
0 0.2437 0.0260 0.2362 0.0120 0.2275 0.0060 0.2137 0.0040 0.1925 0.0080 0.1688 0.0240 0.1475 0.0480 0.1313 0.0580 0.1113 0.0640 0.1037 0.0700 0.0963 0.0880 0.0875 0.1000 0.0712 0.1040 0.0537 0.1160 0.0525 0.1200 0.0762 0.1380 0.0737 0.1740 0.0775 0.1760 0.0950 0.1600 0.1050 0.1580 0.1225 0.1300 0.1550 0.0960 0.1888 0.0700 0.2162 0.0420 0.2325 0.0320 0.2425 0.0300
0 0.7712 0.7280 0.7812 0.7580 0.7762 0.7800 0.7863 0.8060 0.7913 0.8340 0.7900 0.8840 0.8187 0.9980 0.9762 0.9980 0.9725 0.9840 0.9750 0.9720 0.9800 0.9720 0.9862 0.9880 0.9825 0.9400 0.9513 0.8620 0.9175 0.8180 0.8750 0.7920 0.8600 0.7680 0.8400 0.7500 0.8350 0.7380 0.8413 0.7260 0.8413 0.7100 0.7937 0.7160
0 0.7362 0.3440 0.7312 0.3320 0.7050 0.3180 0.6650 0.2760 0.6312 0.2620 0.5613 0.2640 0.4875 0.2940 0.4562 0.2840 0.3887 0.2920 0.3325 0.3200 0.3175 0.3700 0.3162 0.4260 0.3212 0.4560 0.3787 0.4620 0.3862 0.4860 0.4037 0.5020 0.4450 0.5080 0.4537 0.4940 0.4700 0.4960 0.5038 0.5140 0.5487 0.5220 0.5600 0.5380 0.5913 0.5240 0.5900 0.5440 0.5487 0.6000 0.5763 0.6040 0.6412 0.5480 0.6562 0.4900 0.6863 0.4840 0.7113 0.4580 0.7350 0.3820
0 0.5875 0.2540 0.6512 0.2640 0.7075 0.3160 0.7375 0.3320 0.7400 0.3660 0.7738 0.4120 0.7963 0.4760 0.8013 0.5240 0.8000 0.5720 0.7913 0.6140 0.7963 0.6560 0.8100 0.6540 0.8125 0.6340 0.8400 0.5760 0.8788 0.6160 0.9250 0.6380 0.9450 0.6200 0.9300 0.5520 0.9337 0.5360 0.9413 0.5360 0.9425 0.4960 0.9250 0.4700 0.9025 0.4680 0.8950 0.4460 0.8538 0.3860 0.7488 0.2920 0.6637 0.2400 0.6250 0.2320
0 0.5600 0.2520 0.5600 0.2580 0.5737 0.2600 0.6225 0.2300 0.6725 0.2420 0.7388 0.2820 0.8125 0.3420 0.8600 0.3900 0.9038 0.4620 0.9225 0.4640 0.9375 0.4800 0.9537 0.4720 0.9300 0.3780 0.9062 0.3500 0.8838 0.3040 0.8588 0.2820 0.8087 0.2620 0.7400 0.2160 0.6887 0.2040 0.6388 0.1780 0.6150 0.1780 0.6000 0.1860
0 0.6650 0.1820 0.6863 0.2000 0.7412 0.2140 0.7987 0.2540 0.8688 0.2860 0.8825 0.3000 0.9000 0.3360 0.9187 0.3560 0.9350 0.3840 0.9450 0.3600 0.9500 0.3320 0.9400 0.2820 0.9263 0.2600 0.8988 0.2360 0.8688 0.2380 0.7662 0.1780 0.7462 0.1720 0.7075 0.1720 0.6887 0.1520 0.6800 0.1540 0.6775 0.1640
0 0.8638 0.1360 0.8600 0.1420 0.8600 0.1480 0.8738 0.1620 0.8938 0.1720 0.9113 0.1860 0.9225 0.2020 0.9287 0.2280 0.9325 0.2640 0.9450 0.2880 0.9513 0.3200 0.9600 0.3320 0.9575 0.3520 0.9613 0.3580 0.9812 0.3640 0.9988 0.3760 0.9988 0.2260 0.9500 0.1800 0.9213 0.1640 0.9087 0.1460 0.8925 0.1320 0.8725 0.1300
0 0.7837 0.0420 0.7875 0.0580 0.8025 0.0780 0.8187 0.0920 0.8263 0.1040 0.8400 0.1100 0.8450 0.1180 0.8500 0.1400 0.8562 0.1400 0.8688 0.1280 0.8750 0.1260 0.8912 0.1280 0.9087 0.1420 0.9225 0.1620 0.9513 0.1780 0.9688 0.1940 0.9750 0.1900 0.9762 0.1580 0.9738 0.1420 0.9675 0.1260 0.9563 0.1120 0.9425 0.1040 0.9187 0.0800 0.8488 0.0380 0.8400 0.0360 0.8200 0.0400 0.8137 0.0360 0.8013 0.0360
0 0.8413 0.1320 0.8387 0.1160 0.8275 0.1120 0.8200 0.0980 0.8050 0.0880 0.7863 0.0620 0.7688 0.0540 0.7488 0.0560 0.7412 0.0640 0.6075 0.0600 0.5887 0.0720 0.5750 0.1020 0.5437 0.0960 0.5437 0.1020 0.5913 0.1580 0.6138 0.1720 0.6350 0.1720 0.6587 0.1780 0.6675 0.1700 0.6800 0.1340 0.6925 0.1180 0.7300 0.1020 0.7600 0.1060 0.8275 0.1320
0 0.2775 0.0400 0.2662 0.0320 0.2400 0.0320 0.2175 0.0440 0.1875 0.0740 0.1537 0.1000 0.1313 0.1240 0.1113 0.1520 0.1062 0.1680 0.1125 0.1740 0.1338 0.1760 0.1425 0.1880 0.1500 0.2200 0.1487 0.2280 0.1588 0.2340 0.1550 0.2640 0.1650 0.2680 0.1725 0.2580 0.1762 0.2420 0.1825 0.2320 0.2000 0.2160 0.2013 0.2000 0.2050 0.1900 0.2175 0.1800 0.2362 0.1720 0.2500 0.1580 0.2600 0.1420 0.2675 0.1080 0.2812 0.0860 0.2863 0.0700 0.2850 0.0580
0 0.3400 0.0160 0.3262 0.0620 0.3237 0.1360 0.3337 0.1760 0.3362 0.2680 0.3438 0.2820 0.3500 0.2820 0.3538 0.2720 0.3575 0.1720 0.3663 0.1540 0.4000 0.1640 0.4037 0.1980 0.4213 0.2500 0.4275 0.2520 0.4325 0.2380 0.4300 0.1700 0.4350 0.1480 0.4625 0.1300 0.4662 0.1640 0.4750 0.1660 0.4813 0.1240 0.4875 0.1940 0.5012 0.2180 0.5075 0.1400 0.5225 0.1120 0.5288 0.0840 0.5425 0.0860 0.5375 0.0480 0.5288 0.0380 0.5212 0.0000 0.3500 0.0000
0 0.3450 0.0000 0.3362 0.0000 0.3350 0.0040 0.3275 0.0080 0.3187 0.0180 0.3063 0.0380 0.3038 0.0460 0.2913 0.0640 0.2838 0.0860 0.2712 0.1080 0.2700 0.1160 0.2712 0.1180 0.2712 0.1380 0.2725 0.1400 0.2725 0.1660 0.2700 0.1740 0.2737 0.1820 0.2863 0.1840 0.3013 0.1740 0.3113 0.1720 0.3250 0.1640 0.3262 0.1580 0.3212 0.1260 0.3212 0.0980 0.3225 0.0960 0.3237 0.0680 0.3312 0.0340 0.3375 0.0180 0.3438 0.0080
0 0.1363 0.1820 0.0988 0.1720 0.0838 0.1760 0.0413 0.2020 0.0200 0.2360 0.0000 0.2560 0.0000 0.4960 0.0225 0.4620 0.0450 0.4440 0.0475 0.4320 0.0425 0.4240 0.0362 0.4220 0.0362 0.4160 0.0600 0.3920 0.0875 0.3300 0.1138 0.3220 0.1275 0.2860 0.1338 0.2760 0.1462 0.2700 0.1487 0.2560 0.1425 0.2460 0.1462 0.2140 0.1425 0.1940
0 0.2612 0.3260 0.2200 0.3340 0.1938 0.3600 0.1713 0.4140 0.1725 0.4420 0.1487 0.4900 0.1537 0.5060 0.1688 0.4880 0.1700 0.5020 0.1237 0.5800 0.1113 0.6600 0.0350 0.6700 0.0450 0.6900 0.0788 0.6900 0.0950 0.7100 0.0988 0.7720 0.0887 0.8660 0.0950 0.8760 0.1138 0.8720 0.1950 0.7840 0.1825 0.9020 0.1850 0.9180 0.1963 0.9300 0.2050 0.9220 0.2225 0.8180 0.2400 0.7660 0.2437 0.6760 0.2662 0.6280 0.2963 0.5860 0.3150 0.5160 0.3150 0.4380 0.3050 0.3900
