0 0.9261 0.3767 0.9219 0.4497 0.9091 0.4340 0.8991 0.4583 0.8636 0.4392 0.8537 0.4549 0.8707 0.5208 0.8665 0.6076 0.8778 0.6979 0.8864 0.9896 0.8963 0.9965 0.9986 0.9965 0.9986 0.7812 0.9886 0.7083 0.9844 0.5955 0.9773 0.5608 0.9545 0.5208 0.9432 0.4861 0.9403 0.4132
0 0.0000 0.5938 0.0000 0.9375 0.0156 0.9705 0.0384 0.9965 0.1577 0.9948 0.1591 0.9514 0.1463 0.8993 0.1648 0.8854 0.1761 0.8351 0.1946 0.7812 0.1946 0.7483 0.1903 0.7448 0.1804 0.7552 0.1676 0.7830 0.1676 0.7448 0.1562 0.7170 0.1406 0.8194 0.1136 0.8299 0.0852 0.7587 0.0398 0.6875 0.0213 0.6285
0 0.3438 0.2917 0.3423 0.3906 0.3168 0.3993 0.2884 0.3819 0.2955 0.4097 0.2912 0.4236 0.1761 0.4236 0.1420 0.4323 0.0966 0.4635 0.0653 0.5104 0.0469 0.5781 0.0540 0.6667 0.0710 0.7101 0.1250 0.7865 0.1406 0.7899 0.1449 0.7760 0.1321 0.7535 0.1307 0.7014 0.1477 0.7361 0.1548 0.7170 0.1648 0.7292 0.2457 0.7083 0.2699 0.7257 0.2912 0.7292 0.3920 0.5903 0.4290 0.5260 0.4688 0.4844 0.4673 0.4392 0.4134 0.4340 0.3778 0.4010 0.3693 0.3420
0 0.6761 0.6024 0.6378 0.5903 0.6236 0.5938 0.5653 0.6684 0.5000 0.8090 0.4588 0.9219 0.4247 0.9948 0.6591 0.9948 0.6719 0.9462 0.6818 0.8542 0.6918 0.8403 0.7287 0.8125 0.7486 0.8819 0.7614 0.8767 0.7429 0.7344 0.7273 0.7188 0.7060 0.6406
0 0.1051 0.0885 0.0866 0.0955 0.0710 0.1128 0.0384 0.2031 0.0241 0.2934 0.0142 0.4774 0.0099 0.4861 0.0000 0.4878 0.0000 0.5330 0.0085 0.5503 0.0000 0.5538 0.0000 0.5903 0.0199 0.5903 0.0469 0.6771 0.0440 0.5747 0.0511 0.5382 0.0739 0.4861 0.1065 0.4479 0.0923 0.4306 0.0739 0.4288 0.0668 0.4219 0.0625 0.3837 0.0938 0.3403 0.0994 0.2882 0.1293 0.2500 0.1222 0.1979 0.1293 0.1128 0.1179 0.0938
0 0.5895 0.3125 0.5696 0.3125 0.5227 0.4045 0.4773 0.4566 0.4688 0.4913 0.4432 0.5156 0.3892 0.6111 0.3040 0.7205 0.2770 0.7795 0.2585 0.8646 0.2131 0.8785 0.1889 0.8038 0.1861 0.8576 0.1790 0.8524 0.1818 0.9514 0.2003 0.9601 0.2074 0.9948 0.4119 0.9948 0.4247 0.9792 0.5426 0.7014 0.5938 0.6181 0.6151 0.5382 0.6165 0.4896 0.6307 0.4653 0.6222 0.4080 0.6009 0.4149 0.5994 0.3229
0 0.2812 0.0035 0.1690 0.0035 0.1634 0.0122 0.1435 0.0712 0.1293 0.1458 0.1307 0.2274 0.1491 0.2569 0.1705 0.2396 0.1875 0.2344 0.2713 0.2309 0.2699 0.2257 0.2557 0.2188 0.2486 0.2066 0.2884 0.2014 0.2940 0.1927 0.3040 0.1892 0.3082 0.1719 0.3054 0.1615 0.2628 0.1753 0.2457 0.1736 0.2358 0.1632 0.2656 0.0833
0 0.1605 0.0035 0.1534 0.0017 0.0980 0.0017 0.0938 0.0052 0.0923 0.0122 0.0909 0.0104 0.0795 0.0104 0.0753 0.0139 0.0739 0.0174 0.0753 0.0312 0.0838 0.0434 0.0852 0.0556 0.0810 0.0799 0.0753 0.0955 0.0653 0.1076 0.0597 0.1111 0.0568 0.1163 0.0568 0.1233 0.0597 0.1302 0.0625 0.1302 0.0710 0.1094 0.0795 0.0972 0.0923 0.0885 0.1136 0.0868 0.1264 0.0955 0.1293 0.0955 0.1435 0.0642 0.1491 0.0417 0.1619 0.0087
0 0.4361 0.0365 0.4006 0.0764 0.3920 0.1545 0.3977 0.1962 0.4375 0.2014 0.4659 0.2257 0.4858 0.2639 0.5000 0.3420 0.5256 0.3698 0.5384 0.3681 0.5710 0.3073 0.5866 0.3073 0.6009 0.3194 0.6051 0.4045 0.6222 0.4010 0.6278 0.4080 0.6335 0.4410 0.6122 0.5833 0.6790 0.5990 0.7060 0.6285 0.7159 0.6632 0.7216 0.6632 0.7230 0.5017 0.7159 0.4219 0.7216 0.4010 0.7159 0.3889 0.7230 0.3698 0.7131 0.3403 0.6903 0.3021 0.6250 0.2309 0.5852 0.1441 0.5099 0.0469 0.4759 0.0330
0 0.5014 0.3559 0.4929 0.3368 0.4815 0.2622 0.4531 0.2170 0.4290 0.2031 0.3920 0.2031 0.3693 0.2118 0.3366 0.1962 0.3409 0.2101 0.2841 0.2326 0.1719 0.2431 0.1392 0.2778 0.1406 0.2535 0.1321 0.2517 0.1037 0.2847 0.1023 0.3264 0.0895 0.3559 0.0668 0.3837 0.0653 0.4062 0.0710 0.4219 0.1122 0.4392 0.1705 0.4184 0.2884 0.4184 0.2855 0.3750 0.3153 0.3941 0.3409 0.3819 0.3381 0.2830 0.3722 0.3403 0.3764 0.3924 0.4148 0.4306 0.4744 0.4358 0.4858 0.4236
0 0.5199 0.0052 0.5114 0.0243 0.5170 0.0469 0.5824 0.1337 0.6321 0.2344 0.6932 0.2986 0.7173 0.3420 0.7259 0.3733 0.7429 0.4062 0.7571 0.4201 0.7756 0.3872 0.7884 0.4045 0.8224 0.4132 0.8452 0.4479 0.8423 0.3819 0.8338 0.3403 0.8125 0.2812 0.8111 0.2153 0.7969 0.1823 0.7784 0.1615 0.7585 0.1580 0.6903 0.0694 0.6236 0.0052
0 0.6435 0.0052 0.6435 0.0156 0.7116 0.0920 0.7457 0.1424 0.7599 0.1545 0.7784 0.1580 0.8040 0.1875 0.8139 0.2135 0.8153 0.2778 0.8324 0.3229 0.8423 0.3212 0.8523 0.3038 0.8991 0.3611 0.9091 0.3611 0.9134 0.3559 0.9077 0.3125 0.9134 0.2552 0.9190 0.2552 0.9276 0.2760 0.9261 0.2552 0.9062 0.2153 0.8807 0.1424 0.8125 0.0330 0.7855 0.0035
0 0.7741 0.3976 0.7415 0.4531 0.7301 0.4878 0.7259 0.5573 0.7372 0.6997 0.7514 0.7517 0.7713 0.8924 0.7699 0.9392 0.7571 0.9931 0.8778 0.9965 0.8835 0.9392 0.8764 0.8819 0.8722 0.6788 0.8622 0.6076 0.8636 0.5104 0.8509 0.4705 0.8239 0.4201 0.8139 0.4097
