0 0.9137 0.0660 0.9050 0.0860 0.8988 0.1160 0.9000 0.1260 0.9012 0.1280 0.9237 0.1280 0.9350 0.1340 0.9600 0.1600 0.9762 0.1920 0.9900 0.1960 0.9925 0.1900 0.9925 0.1820 0.9900 0.1720 0.9925 0.1500 0.9925 0.1320 0.9900 0.1140 0.9962 0.1040 0.9988 0.1040 0.9988 0.0840 0.9962 0.0820 0.9962 0.0780 0.9825 0.0560 0.9738 0.0480 0.9613 0.0440 0.9513 0.0440 0.9250 0.0560
0 0.7987 0.1800 0.7950 0.1940 0.8150 0.2200 0.8250 0.2420 0.8300 0.3400 0.8337 0.3540 0.8438 0.3680 0.8425 0.3820 0.8213 0.4040 0.8187 0.4160 0.8413 0.4380 0.8612 0.4480 0.8700 0.4620 0.8812 0.4980 0.8925 0.5140 0.9325 0.5440 0.9475 0.5480 0.9875 0.4660 0.9988 0.4560 0.9988 0.4360 0.9788 0.4160 0.9688 0.3660 0.9437 0.2800 0.9200 0.2360 0.8800 0.2040 0.8775 0.1960 0.8575 0.1760 0.8250 0.1680
0 0.6800 0.1060 0.6963 0.1360 0.7075 0.1420 0.7388 0.1780 0.7650 0.1780 0.7913 0.1860 0.8013 0.1740 0.8200 0.1660 0.8562 0.1720 0.8750 0.1880 0.8812 0.2020 0.9163 0.2280 0.9450 0.2720 0.9550 0.2700 0.9675 0.2560 0.9750 0.2160 0.9838 0.2060 0.9838 0.2000 0.9700 0.1880 0.9587 0.1620 0.9337 0.1360 0.9213 0.1300 0.9000 0.1320 0.7650 0.0960 0.7488 0.0980 0.7262 0.1100 0.7163 0.1100 0.7013 0.0960 0.6913 0.0960
0 0.8200 0.2360 0.7887 0.1920 0.7662 0.1820 0.7362 0.1820 0.7075 0.1460 0.7000 0.1440 0.7050 0.1640 0.7188 0.1780 0.7338 0.2120 0.7350 0.2260 0.7037 0.2660 0.6987 0.2880 0.6262 0.3080 0.5550 0.3060 0.5525 0.3140 0.5675 0.3340 0.6438 0.3460 0.6388 0.3780 0.6175 0.4100 0.6012 0.4560 0.6038 0.4640 0.7987 0.3980 0.8150 0.3720 0.8275 0.3320
0 0.6775 0.1120 0.6650 0.1040 0.6438 0.1040 0.6112 0.1200 0.6038 0.1320 0.6138 0.1640 0.6075 0.1800 0.5813 0.1700 0.5537 0.1380 0.5437 0.1340 0.5400 0.1380 0.5387 0.1520 0.5475 0.1660 0.5925 0.2200 0.5875 0.2520 0.5875 0.2700 0.5938 0.3040 0.6188 0.3060 0.6825 0.2900 0.6975 0.2740 0.7100 0.2500 0.7225 0.2360 0.7250 0.2280 0.7225 0.2000 0.6975 0.1580 0.6925 0.1340
0 0.9300 0.0400 0.9213 0.0200 0.9050 0.0100 0.8925 0.0100 0.8838 0.0200 0.8438 0.0280 0.8337 0.0340 0.8187 0.0280 0.7950 0.0280 0.7800 0.0380 0.7762 0.0440 0.7762 0.0500 0.7812 0.0660 0.7837 0.0860 0.7875 0.0960 0.7913 0.1000 0.8175 0.1040 0.8638 0.1180 0.8800 0.1180 0.8938 0.1100 0.9000 0.1000 0.9062 0.0740 0.9163 0.0600 0.9275 0.0520 0.9300 0.0480
0 0.5575 0.0260 0.5575 0.0320 0.5613 0.0360 0.6062 0.0520 0.6350 0.0800 0.6587 0.0840 0.6700 0.1020 0.6975 0.0920 0.7063 0.0940 0.7188 0.1060 0.7250 0.1060 0.7512 0.0940 0.7788 0.0960 0.7800 0.0920 0.7775 0.0620 0.7688 0.0420 0.7538 0.0280 0.7350 0.0220 0.7000 0.0040 0.6987 0.0000 0.5750 0.0000
0 0.4512 0.0080 0.4550 0.0360 0.4637 0.0600 0.4688 0.0660 0.4800 0.0580 0.4900 0.0580 0.4963 0.0700 0.5125 0.0760 0.5250 0.0580 0.5325 0.0560 0.5375 0.0620 0.5413 0.0960 0.5625 0.0960 0.5837 0.1060 0.6025 0.1260 0.6125 0.1160 0.6338 0.1040 0.6625 0.1020 0.6625 0.0940 0.6587 0.0880 0.6300 0.0840 0.6225 0.0780 0.6150 0.0640 0.5988 0.0520 0.5575 0.0380 0.5312 0.0140 0.5225 0.0000 0.4537 0.0000
0 0.6062 0.1480 0.5962 0.1240 0.5750 0.1040 0.5563 0.0980 0.5337 0.1040 0.5200 0.1200 0.5150 0.1420 0.4850 0.1640 0.4500 0.2080 0.4125 0.2300 0.3700 0.2900 0.3425 0.3140 0.3312 0.3360 0.3375 0.3460 0.3438 0.3460 0.4000 0.3000 0.4062 0.3020 0.3950 0.3340 0.4525 0.3100 0.5012 0.3020 0.5075 0.2900 0.5312 0.2860 0.5550 0.2700 0.5775 0.2720 0.5887 0.2300 0.5863 0.2160 0.5400 0.1600 0.5337 0.1400 0.5387 0.1320 0.5513 0.1320 0.5763 0.1620 0.5962 0.1740 0.6075 0.1720
0 0.5825 0.2900 0.5513 0.2760 0.5375 0.2900 0.4600 0.3120 0.3475 0.3640 0.2737 0.4200 0.2213 0.5100 0.2338 0.5160 0.2350 0.5400 0.2650 0.6080 0.3000 0.6280 0.3013 0.6600 0.3563 0.7820 0.3675 0.7380 0.3450 0.6700 0.3475 0.6460 0.3700 0.6560 0.4138 0.7020 0.4400 0.7040 0.4387 0.6780 0.3912 0.6220 0.3837 0.5820 0.4338 0.5760 0.4550 0.5300 0.4825 0.5020 0.5363 0.4760 0.5600 0.4840 0.5850 0.4700 0.5813 0.4320 0.5913 0.3900 0.5925 0.3480 0.5613 0.3340 0.5450 0.3080
0 0.0712 0.1740 0.0737 0.1980 0.0838 0.2220 0.1187 0.2680 0.1375 0.3220 0.1562 0.3400 0.1713 0.3640 0.1812 0.3920 0.1888 0.4380 0.2275 0.4760 0.2387 0.4740 0.2750 0.4140 0.3350 0.3640 0.3262 0.3340 0.3100 0.3040 0.2850 0.2820 0.2587 0.2740 0.2412 0.2600 0.2188 0.2200 0.1950 0.2000 0.1713 0.1900 0.1525 0.1900 0.1212 0.2020 0.1113 0.1900 0.1125 0.1780 0.1075 0.1660 0.0912 0.1580
0 0.0300 0.2240 0.0125 0.2400 0.0000 0.2620 0.0000 0.3500 0.0187 0.4080 0.0450 0.4460 0.0437 0.4860 0.0500 0.5240 0.0600 0.5400 0.0675 0.5420 0.0788 0.5200 0.1013 0.5580 0.1225 0.6200 0.1288 0.6240 0.1450 0.6200 0.1613 0.5460 0.1812 0.5080 0.1938 0.5080 0.2100 0.5300 0.1975 0.4900 0.1825 0.4660 0.1787 0.3920 0.1575 0.3460 0.1338 0.3220 0.1187 0.2740 0.0938 0.2360 0.0587 0.2160
0 0.0000 0.9980 0.1400 0.9980 0.1550 0.9780 0.1725 0.9680 0.1925 0.9160 0.2062 0.8960 0.2225 0.8840 0.2275 0.8500 0.2362 0.8240 0.2313 0.8140 0.2162 0.8220 0.1775 0.8740 0.1650 0.8820 0.1638 0.8760 0.1900 0.8260 0.1925 0.8020 0.1888 0.7940 0.1638 0.8120 0.1300 0.8500 0.0813 0.8420 0.0387 0.8460 0.0300 0.8400 0.0325 0.8340 0.0262 0.8140 0.0000 0.7820
0 0.0000 0.2560 0.0125 0.2360 0.0275 0.2220 0.0437 0.2140 0.0725 0.2160 0.0737 0.2080 0.0700 0.1980 0.0688 0.1720 0.0725 0.1660 0.0875 0.1560 0.0988 0.1560 0.1075 0.1620 0.1138 0.1740 0.1150 0.1900 0.1225 0.1980 0.1475 0.1880 0.1537 0.1820 0.1487 0.1780 0.1325 0.1760 0.1113 0.1620 0.0925 0.1260 0.0762 0.1120 0.0638 0.1060 0.0413 0.1080 0.0262 0.1180 0.0088 0.1400 0.0000 0.1460
0 0.0400 0.0360 0.0362 0.0920 0.0387 0.1040 0.0500 0.1020 0.0675 0.1040 0.0925 0.1220 0.1138 0.1580 0.1300 0.1680 0.1487 0.1680 0.1512 0.1640 0.1537 0.1520 0.1537 0.1080 0.1575 0.0860 0.1625 0.0700 0.1562 0.0580 0.1363 0.0480 0.1288 0.0380 0.1175 0.0300 0.1138 0.0180 0.1062 0.0080 0.1000 0.0040 0.0988 0.0000 0.0737 0.0000 0.0725 0.0140 0.0688 0.0220 0.0512 0.0240
0 0.1650 0.0700 0.1562 0.1060 0.1550 0.1740 0.1575 0.1780 0.1925 0.1940 0.2125 0.2080 0.2712 0.2000 0.2900 0.2040 0.2988 0.1880 0.2988 0.1820 0.2850 0.1780 0.2737 0.1680 0.2625 0.1460 0.2612 0.1400 0.2675 0.1280 0.2662 0.0740 0.2712 0.0300 0.2600 0.0100 0.2475 0.0040 0.2462 0.0000 0.2125 0.0000 0.2112 0.0040 0.2013 0.0100
0 0.5363 0.0660 0.5275 0.0620 0.5150 0.0780 0.5088 0.0800 0.4938 0.0720 0.4888 0.0620 0.4813 0.0620 0.4662 0.0800 0.4088 0.1240 0.3538 0.1560 0.3387 0.1540 0.3225 0.1620 0.2963 0.2000 0.2838 0.2480 0.2838 0.2740 0.3125 0.3020 0.3262 0.3240 0.3362 0.3200 0.3688 0.2880 0.4150 0.2240 0.4475 0.2060 0.4813 0.1640 0.5138 0.1380 0.5162 0.1180 0.5375 0.0960
0 0.2712 0.0940 0.2775 0.1320 0.2925 0.1600 0.3050 0.1720 0.3100 0.1720 0.3287 0.1540 0.3550 0.1520 0.3812 0.1380 0.4238 0.1080 0.4300 0.1080 0.4350 0.0980 0.4625 0.0780 0.4587 0.0700 0.4425 0.0780 0.4325 0.0940 0.4200 0.1000 0.4000 0.0800 0.3825 0.0720 0.3563 0.0340 0.3563 0.0260 0.3600 0.0220 0.3688 0.0220 0.3713 0.0140 0.3688 0.0080 0.3575 0.0040 0.3563 0.0000 0.3000 0.0000 0.2775 0.0260 0.2725 0.0440
0 0.8638 0.6300 0.8313 0.5540 0.7863 0.5520 0.7788 0.5200 0.7475 0.4940 0.7388 0.5620 0.5637 0.6080 0.4725 0.6740 0.4325 0.7240 0.3725 0.8460 0.3900 0.8580 0.3925 0.8960 0.4000 0.9100 0.4387 0.8900 0.4750 0.8860 0.5175 0.9020 0.5587 0.9340 0.6150 0.9480 0.6212 0.9320 0.6675 0.9120 0.7462 0.8300 0.7937 0.8280 0.8237 0.7360 0.8625 0.6580
0 0.2700 0.9960 0.7388 0.9980 0.5613 0.9400 0.5062 0.9000 0.4750 0.8900 0.4213 0.9020 0.4012 0.9180 0.3837 0.9440 0.3538 0.9580 0.3337 0.9300 0.3200 0.9300 0.2950 0.9480
0 0.9988 0.5960 0.9650 0.5640 0.9325 0.5500 0.9113 0.5320 0.8675 0.5260 0.8538 0.5380 0.8488 0.5580 0.8500 0.5760 0.8588 0.5980 0.8738 0.6060 0.8762 0.6400 0.8325 0.7260 0.8113 0.7820 0.7800 0.9040 0.7725 0.9520 0.7712 0.9980 0.9587 0.9980 0.9962 0.9440
