0 0.3764 0.1597 0.4702 0.1597 0.4872 0.1424 0.5270 0.1250 0.5568 0.1337 0.5852 0.1615 0.6307 0.1562 0.6761 0.1198 0.6889 0.1215 0.7045 0.1007 0.7344 0.0851 0.7472 0.0712 0.7415 0.0191 0.7315 0.0035 0.5128 0.0035 0.4773 0.0156 0.4418 0.0417 0.4290 0.0104 0.4176 0.0104 0.4006 0.0312 0.4020 0.0781
0 0.8622 0.8073 0.8352 0.7413 0.7841 0.6962 0.6889 0.6719 0.6321 0.6719 0.5767 0.6892 0.4105 0.7812 0.3679 0.8160 0.3281 0.7969 0.3253 0.8056 0.3509 0.8420 0.3068 0.8611 0.2827 0.8854 0.3068 0.9062 0.3366 0.9097 0.3338 0.9253 0.3040 0.9653 0.3182 0.9948 0.4077 0.9948 0.4531 0.9844 0.4759 0.9965 0.5469 0.9965 0.5582 0.9653 0.5781 0.9497 0.6690 0.9497 0.7159 0.9253 0.7429 0.9219 0.7699 0.9931 0.8139 0.9965 0.8210 0.9896 0.8196 0.9410 0.8608 0.8785
0 0.9318 0.2569 0.9105 0.2344 0.8892 0.2257 0.7741 0.2378 0.7386 0.2569 0.6918 0.3003 0.6435 0.3576 0.6293 0.3889 0.5994 0.3750 0.5895 0.3767 0.5866 0.3958 0.6193 0.4688 0.6179 0.5521 0.6335 0.5677 0.6662 0.5104 0.6875 0.4844 0.7571 0.4306 0.8906 0.3906 0.9631 0.3854 0.9588 0.3663 0.9318 0.3542 0.9446 0.3073 0.9432 0.2847
0 0.0696 0.1372 0.0866 0.1458 0.1435 0.1406 0.1179 0.1927 0.1236 0.1979 0.1463 0.1806 0.1364 0.2361 0.1449 0.2344 0.1591 0.2170 0.1804 0.1545 0.2003 0.1337 0.3054 0.1406 0.3210 0.1285 0.3366 0.1302 0.3523 0.1198 0.3551 0.1510 0.3679 0.1580 0.3793 0.1406 0.3949 0.0920 0.4006 0.0295 0.4247 0.0069 0.1605 0.0035 0.1293 0.0191 0.1165 0.0017 0.0994 0.0017 0.0909 0.0226 0.0852 0.0851 0.0724 0.1128
0 0.6619 0.2535 0.6236 0.2344 0.5696 0.2500 0.4773 0.3715 0.3707 0.5903 0.3494 0.6649 0.3011 0.6927 0.3139 0.7049 0.3295 0.7031 0.3182 0.7378 0.3196 0.7691 0.3594 0.7448 0.3722 0.8073 0.4517 0.7535 0.5028 0.6962 0.5284 0.7170 0.5582 0.6962 0.5582 0.6806 0.5753 0.6840 0.6108 0.6667 0.5739 0.6285 0.5597 0.6007 0.6122 0.5035 0.6136 0.4583 0.5866 0.4028 0.5852 0.3802 0.5980 0.3733 0.6264 0.3837 0.6378 0.3576 0.6832 0.3021 0.6832 0.2812
0 0.4645 0.1719 0.4616 0.1667 0.4062 0.1632 0.3679 0.1667 0.3409 0.1562 0.3210 0.1319 0.3139 0.1389 0.3139 0.1510 0.2912 0.1667 0.2741 0.1910 0.1818 0.2205 0.1335 0.2517 0.1051 0.2448 0.0994 0.1944 0.0909 0.1910 0.0824 0.2118 0.0852 0.2396 0.0795 0.2396 0.0753 0.2188 0.0639 0.2188 0.0582 0.2431 0.0412 0.2622 0.0298 0.2917 0.0966 0.3229 0.2244 0.4062 0.2727 0.3750 0.2926 0.3472 0.3281 0.3229 0.3594 0.3108 0.4048 0.2483 0.4588 0.1962
0 0.6151 0.1823 0.6179 0.1892 0.6307 0.1875 0.6293 0.2292 0.6562 0.2431 0.6818 0.2691 0.6960 0.2708 0.7003 0.2882 0.7230 0.2656 0.7315 0.2483 0.7756 0.2326 0.8608 0.2205 0.9091 0.2240 0.9304 0.2135 0.9716 0.2535 0.9801 0.3056 0.9901 0.3125 0.9986 0.3038 0.9986 0.1007 0.9744 0.0694 0.9460 0.0556 0.8864 0.0469 0.8253 0.0469 0.7898 0.0556 0.7699 0.0712 0.7102 0.0990
0 0.5639 0.1441 0.5355 0.1319 0.4943 0.1424 0.4688 0.1736 0.4688 0.1962 0.4105 0.2465 0.3594 0.3194 0.3295 0.3281 0.2855 0.3611 0.2827 0.3802 0.2940 0.3906 0.2898 0.4653 0.2713 0.5208 0.2756 0.5399 0.3040 0.5503 0.3168 0.5764 0.3565 0.5521 0.3636 0.5764 0.3722 0.5799 0.3736 0.5278 0.3935 0.5191 0.4091 0.5035 0.4659 0.3819 0.5384 0.2795 0.5710 0.2431 0.5895 0.2344 0.5938 0.1892
0 0.9986 0.3958 0.9446 0.3906 0.8551 0.4045 0.7770 0.4271 0.7372 0.4479 0.6747 0.5069 0.6250 0.5885 0.6392 0.5990 0.6491 0.6580 0.7827 0.6910 0.8310 0.7309 0.8608 0.7917 0.8750 0.7951 0.8764 0.7847 0.8281 0.7083 0.8210 0.6788 0.8707 0.6580 0.9347 0.5885 0.9545 0.5990 0.9631 0.6163 0.9673 0.6441 0.9602 0.6944 0.9716 0.6997 0.9886 0.6771 0.9986 0.6458
0 0.0923 0.0035 0.0000 0.0035 0.0000 0.1667 0.0256 0.1649 0.0341 0.1545 0.0355 0.1302 0.0327 0.1215 0.0355 0.1181 0.0511 0.1181 0.0455 0.1389 0.0511 0.1493 0.0597 0.1458 0.0639 0.1406 0.0682 0.1111 0.0781 0.0955 0.0824 0.0833 0.0881 0.0260 0.0938 0.0069
0 0.0426 0.1892 0.0327 0.1892 0.0312 0.1875 0.0270 0.1875 0.0256 0.1858 0.0128 0.1858 0.0114 0.1875 0.0000 0.1875 0.0000 0.2795 0.0071 0.2795 0.0128 0.2743 0.0142 0.2743 0.0185 0.2691 0.0199 0.2691 0.0369 0.2465 0.0384 0.2431 0.0384 0.2361 0.0398 0.2344 0.0398 0.2309 0.0469 0.2205 0.0483 0.2170 0.0483 0.2135 0.0497 0.2118 0.0497 0.1997 0.0483 0.1962
