0 0.7225 0.0000 0.7250 0.0100 0.7375 0.0320 0.7475 0.0800 0.7488 0.1240 0.7438 0.1580 0.7438 0.1740 0.7475 0.1780 0.7675 0.1740 0.7825 0.1760 0.7975 0.2000 0.8087 0.1960 0.8150 0.1820 0.8175 0.1280 0.8213 0.1220 0.8275 0.1200 0.8300 0.1140 0.8263 0.0960 0.8125 0.0800 0.8050 0.0800 0.8013 0.0740 0.7975 0.0600 0.7800 0.0340 0.7625 0.0000
0 0.4587 0.5160 0.4512 0.5180 0.4375 0.5480 0.4175 0.5520 0.3962 0.5680 0.3688 0.6100 0.2162 0.9980 0.4238 0.9980 0.4338 0.9820 0.4650 0.8940 0.4763 0.8840 0.4813 0.8700 0.4900 0.8120 0.5038 0.7680 0.5125 0.6960 0.5075 0.6140 0.5012 0.5940 0.4700 0.5500
0 0.0000 0.3960 0.0000 0.6680 0.0813 0.6780 0.1425 0.6620 0.2013 0.7700 0.2000 0.8320 0.2087 0.8360 0.2213 0.8260 0.2275 0.8140 0.2238 0.7780 0.2313 0.7600 0.2362 0.7200 0.2737 0.6060 0.2800 0.5460 0.2938 0.5380 0.2975 0.5240 0.2762 0.5060 0.2400 0.4460 0.2087 0.4100 0.1363 0.3740 0.0688 0.3660
0 0.0000 0.1300 0.0312 0.1120 0.0350 0.1200 0.0338 0.1560 0.0362 0.1640 0.0413 0.1620 0.0663 0.0880 0.1138 0.0560 0.1025 0.0960 0.1037 0.1000 0.1075 0.0980 0.1225 0.0640 0.1275 0.0340 0.1375 0.0180 0.1512 0.0540 0.1525 0.1100 0.1562 0.1100 0.1625 0.0900 0.1663 0.0500 0.1737 0.0260 0.1713 0.0000 0.0213 0.0000 0.0000 0.0200
0 0.2787 0.0000 0.1975 0.0000 0.1900 0.0220 0.1837 0.0300 0.1725 0.0800 0.1737 0.1340 0.1663 0.1520 0.1575 0.1560 0.1325 0.1960 0.1325 0.2040 0.1388 0.2060 0.1575 0.1840 0.1675 0.2160 0.1688 0.2580 0.1725 0.2640 0.1812 0.2660 0.2175 0.1960 0.2213 0.1640 0.2275 0.1400 0.2263 0.1180 0.2225 0.1060 0.2238 0.0960 0.2325 0.0800 0.2425 0.0760 0.2575 0.0440 0.2787 0.0140
0 0.3425 0.0000 0.2925 0.0000 0.2775 0.0240 0.2662 0.0340 0.2437 0.0780 0.2325 0.0840 0.2275 0.0920 0.2263 0.1020 0.2300 0.1120 0.2300 0.1380 0.2213 0.1780 0.2213 0.1940 0.2238 0.2000 0.2375 0.2020 0.2500 0.1900 0.2537 0.1840 0.2525 0.1620 0.2550 0.1560 0.2712 0.1580 0.2800 0.1560 0.2850 0.1500 0.2850 0.1460 0.2900 0.1380 0.2963 0.0980 0.3063 0.0660 0.3212 0.0440
0 0.4688 0.0000 0.3475 0.0000 0.3100 0.0620 0.2950 0.1120 0.2938 0.1580 0.2550 0.1620 0.2587 0.1840 0.2825 0.1960 0.2875 0.2900 0.2925 0.3120 0.3100 0.3140 0.3237 0.2760 0.3362 0.2560 0.3425 0.2580 0.3387 0.3040 0.3412 0.3100 0.3463 0.3080 0.3563 0.2780 0.3650 0.1500 0.3800 0.0900 0.3975 0.0500 0.4138 0.0300 0.4300 0.0220 0.4487 0.0220 0.4700 0.0320 0.4725 0.0120
0 0.5463 0.0660 0.5288 0.0520 0.5125 0.0500 0.4975 0.0400 0.4750 0.0380 0.4425 0.0240 0.4263 0.0260 0.4125 0.0340 0.3975 0.0540 0.3762 0.1080 0.3663 0.1560 0.3663 0.2260 0.3800 0.2880 0.3837 0.3460 0.3875 0.3620 0.3937 0.3600 0.4050 0.3420 0.4188 0.3300 0.4300 0.2460 0.4700 0.1520 0.5062 0.0920 0.5275 0.0800 0.5450 0.0800 0.5475 0.0760
0 0.5463 0.0880 0.5275 0.0840 0.5125 0.0900 0.4875 0.1240 0.4662 0.1640 0.4537 0.2020 0.4313 0.2500 0.4250 0.2960 0.4250 0.3360 0.4125 0.3420 0.3762 0.3800 0.3762 0.3900 0.3800 0.3940 0.4125 0.3860 0.4163 0.4340 0.4125 0.4780 0.4188 0.5080 0.4387 0.5080 0.4550 0.4780 0.4650 0.4740 0.4900 0.4160 0.5050 0.3960 0.5225 0.3200 0.5337 0.2880 0.5463 0.2780 0.5537 0.2800 0.5613 0.2960 0.5650 0.2960 0.5637 0.2340 0.5713 0.1880 0.5700 0.1500 0.5600 0.1080
0 0.6700 0.1460 0.6600 0.1680 0.6375 0.1740 0.6150 0.2000 0.5513 0.3640 0.5450 0.3880 0.5413 0.4360 0.5238 0.4560 0.5000 0.4700 0.5112 0.4800 0.5337 0.4760 0.5487 0.4820 0.5550 0.5040 0.5550 0.5500 0.5650 0.5840 0.5700 0.6400 0.5763 0.6500 0.5925 0.6520 0.5962 0.6820 0.6100 0.6940 0.6238 0.5900 0.6438 0.5140 0.6575 0.5020 0.6500 0.4880 0.6562 0.4280 0.6625 0.4140 0.6713 0.4100 0.6800 0.3600 0.7000 0.2900 0.7000 0.2180 0.6925 0.1940 0.6700 0.1700
0 0.5800 0.0000 0.5775 0.0080 0.5800 0.0360 0.5913 0.0720 0.6012 0.0920 0.6225 0.0980 0.6400 0.1260 0.6525 0.1240 0.6575 0.1560 0.6663 0.1420 0.6700 0.1420 0.6737 0.1480 0.6763 0.1660 0.7025 0.1660 0.7063 0.1700 0.7100 0.1820 0.7063 0.2280 0.7075 0.2840 0.7188 0.2840 0.7225 0.2700 0.7225 0.2400 0.7275 0.2000 0.7388 0.1780 0.7462 0.1300 0.7462 0.0940 0.7362 0.0340 0.7163 0.0000
0 0.8688 0.0000 0.8175 0.0000 0.8075 0.0240 0.8013 0.0460 0.8025 0.0700 0.8237 0.0880 0.8313 0.1040 0.8313 0.1220 0.8225 0.1320 0.8187 0.1560 0.8200 0.2140 0.8225 0.2260 0.8263 0.2320 0.8300 0.2280 0.8300 0.2240 0.8375 0.2060 0.8375 0.1940 0.8425 0.1660 0.8538 0.1240 0.8700 0.0980
0 0.8788 0.0940 0.8562 0.1240 0.8488 0.1480 0.8387 0.2140 0.8387 0.2860 0.8413 0.2920 0.8450 0.2880 0.8500 0.2660 0.8600 0.2540 0.8712 0.2540 0.8712 0.3480 0.8762 0.3760 0.8825 0.3620 0.8825 0.3060 0.8875 0.2880 0.9125 0.3280 0.9200 0.3760 0.9325 0.4080 0.9263 0.4220 0.9263 0.4460 0.9400 0.4780 0.9513 0.5580 0.9613 0.5780 0.9750 0.5800 0.9875 0.4840 0.9925 0.4680 0.9988 0.4660 0.9988 0.2640 0.9750 0.1880 0.9563 0.1540 0.9150 0.1100
0 0.8375 0.2920 0.8237 0.3060 0.8000 0.3040 0.7812 0.3180 0.7550 0.3840 0.7212 0.5880 0.6813 0.7240 0.6737 0.7960 0.6550 0.8400 0.6600 0.8900 0.6787 0.8960 0.6737 0.9980 0.7000 0.9920 0.7675 0.9980 0.7925 0.9320 0.8063 0.8640 0.8413 0.8940 0.8538 0.8920 0.8625 0.8760 0.8625 0.8500 0.8313 0.7880 0.8550 0.7120 0.8525 0.6200 0.8688 0.5480 0.8725 0.3820 0.8675 0.3520 0.8425 0.3160
0 0.9513 0.5700 0.9200 0.5780 0.9025 0.5920 0.8862 0.6200 0.8750 0.6600 0.8725 0.7040 0.8788 0.7600 0.8675 0.8280 0.8688 0.9260 0.8750 0.9680 0.8750 0.9980 0.9988 0.9980 0.9988 0.6340 0.9825 0.6020 0.9587 0.5840
