0 0.4450 0.3020 0.4175 0.3240 0.3887 0.4140 0.3875 0.5180 0.3800 0.5860 0.3837 0.6860 0.3575 0.7660 0.3588 0.8540 0.3975 0.9920 0.5225 0.9980 0.5587 0.8860 0.5737 0.7980 0.5725 0.7700 0.5513 0.6800 0.5575 0.6120 0.5487 0.5040 0.5513 0.4320 0.5400 0.3580 0.5225 0.3200 0.5025 0.3040
0 0.4625 0.1620 0.4450 0.1480 0.4025 0.1380 0.3600 0.1680 0.3287 0.2040 0.2775 0.3020 0.2500 0.3400 0.2275 0.4060 0.2238 0.4600 0.2112 0.5040 0.2000 0.5220 0.1875 0.5240 0.1725 0.5640 0.1725 0.5940 0.1888 0.5800 0.1950 0.6080 0.1925 0.7180 0.2137 0.7320 0.2675 0.6720 0.3287 0.5560 0.3375 0.5700 0.3438 0.6580 0.3488 0.6660 0.3600 0.6580 0.3650 0.5180 0.3800 0.4760 0.3875 0.4040 0.4012 0.3560 0.4238 0.3120 0.4450 0.2980 0.4775 0.2960 0.4800 0.2080
0 0.2900 0.2140 0.2712 0.1880 0.2338 0.1700 0.1938 0.1820 0.1475 0.2160 0.0975 0.2880 0.0475 0.3460 0.0112 0.3700 0.0000 0.3680 0.0000 0.5600 0.0750 0.5560 0.0950 0.5620 0.1150 0.5820 0.1325 0.5720 0.1425 0.5520 0.1525 0.4900 0.2188 0.4180 0.2462 0.3400 0.2787 0.2940 0.2988 0.2460
0 0.2500 0.0640 0.2412 0.0500 0.2200 0.0380 0.1938 0.0380 0.1775 0.0460 0.1562 0.0660 0.0950 0.1780 0.0537 0.1980 0.0475 0.1860 0.0425 0.1380 0.0362 0.1300 0.0288 0.1480 0.0325 0.2220 0.0225 0.2320 0.0112 0.2560 0.0000 0.2640 0.0000 0.3600 0.0112 0.3640 0.0437 0.3440 0.1062 0.2700 0.1388 0.2220 0.1650 0.1960 0.2213 0.1660 0.2562 0.1720 0.2575 0.1020
0 0.5637 0.0660 0.5463 0.0320 0.5175 0.0140 0.4800 0.0140 0.4525 0.0220 0.3850 0.0740 0.3625 0.0780 0.3425 0.0900 0.2975 0.1680 0.2900 0.2020 0.3013 0.2340 0.3063 0.2360 0.3488 0.1760 0.4050 0.1340 0.4387 0.1420 0.4600 0.1560 0.4863 0.2060 0.5138 0.1620 0.5250 0.1540 0.5363 0.1700 0.5500 0.2820 0.5587 0.1820 0.5675 0.1520 0.5675 0.0860
0 0.6462 0.0340 0.6238 0.0380 0.6038 0.0720 0.5850 0.1720 0.5837 0.2100 0.5737 0.2380 0.5763 0.3340 0.5675 0.3760 0.5675 0.4000 0.5763 0.4120 0.5787 0.4440 0.5837 0.4540 0.5975 0.4640 0.6025 0.5280 0.6162 0.5400 0.6275 0.5340 0.6375 0.4860 0.6525 0.4540 0.6775 0.4460 0.6650 0.3960 0.6863 0.3340 0.6887 0.3140 0.6850 0.2000 0.6887 0.1640 0.6875 0.0940 0.6750 0.0520
0 0.7050 0.0560 0.6950 0.1300 0.6975 0.1540 0.6900 0.1780 0.6950 0.3360 0.7087 0.4220 0.7175 0.5440 0.7150 0.6040 0.7188 0.6140 0.7338 0.6060 0.7500 0.5100 0.7775 0.5060 0.7987 0.5520 0.7937 0.6980 0.7975 0.7060 0.8150 0.7040 0.8200 0.6900 0.8200 0.6500 0.8313 0.6200 0.8337 0.5640 0.8475 0.5140 0.8488 0.4100 0.8413 0.3440 0.8075 0.2260 0.7738 0.1640 0.7750 0.1560 0.7925 0.1620 0.8000 0.1460 0.7825 0.1320 0.7538 0.1360 0.7250 0.1200
0 0.9988 0.2020 0.9500 0.1980 0.9200 0.2060 0.8625 0.2360 0.8137 0.2340 0.8250 0.2900 0.8400 0.3260 0.8538 0.4080 0.8912 0.4180 0.9313 0.4140 0.9600 0.3980 0.9825 0.3720 0.9888 0.3800 0.9938 0.4160 0.9988 0.4220
0 0.8525 0.4240 0.8500 0.5120 0.8363 0.5640 0.8363 0.6100 0.8725 0.6440 0.8988 0.6460 0.9350 0.6960 0.9413 0.7000 0.9463 0.6980 0.9988 0.6300 0.9988 0.5180 0.9263 0.4340 0.9062 0.4260 0.8788 0.4300
0 0.7462 0.1160 0.7500 0.1280 0.7750 0.1260 0.8025 0.1400 0.8063 0.1460 0.7963 0.1620 0.7788 0.1620 0.7775 0.1660 0.7987 0.2000 0.8125 0.2300 0.8588 0.2340 0.9350 0.1980 0.9862 0.1960 0.9762 0.1820 0.9463 0.1640 0.8875 0.1580 0.8638 0.1500 0.8137 0.1180 0.7937 0.1100 0.7725 0.0920 0.7625 0.0960
0 0.7712 0.0900 0.7775 0.0920 0.7937 0.1080 0.8175 0.1180 0.8650 0.1480 0.8900 0.1560 0.9425 0.1600 0.9650 0.1700 0.9750 0.1780 0.9688 0.1520 0.9625 0.1440 0.9537 0.1400 0.9375 0.1220 0.9050 0.1060 0.8700 0.0820 0.8363 0.0720 0.8137 0.0600 0.7963 0.0580 0.7825 0.0660
0 0.0088 0.5820 0.0100 0.5940 0.0238 0.6160 0.0000 0.6700 0.0000 0.8180 0.0238 0.8680 0.0537 0.9000 0.0750 0.9980 0.2750 0.9980 0.2188 0.8160 0.1613 0.7080 0.1437 0.6540 0.1225 0.6180 0.0862 0.5900 0.0350 0.5960
