0 0.3713 0.1700 0.3812 0.2000 0.4175 0.2500 0.4313 0.3020 0.4475 0.3240 0.4637 0.3220 0.5150 0.2840 0.5375 0.2560 0.5687 0.2420 0.5887 0.2420 0.6138 0.2520 0.6550 0.2920 0.6587 0.3020 0.6663 0.3020 0.6400 0.2460 0.6375 0.2320 0.6438 0.2260 0.6438 0.2160 0.6300 0.2040 0.6025 0.1980 0.5913 0.2140 0.5600 0.1860 0.5175 0.1760 0.4462 0.1720 0.3750 0.1600
0 0.7950 0.0460 0.7937 0.0540 0.7950 0.0640 0.8013 0.0720 0.8087 0.0720 0.8187 0.1000 0.8300 0.1160 0.8438 0.1280 0.8425 0.1400 0.8450 0.1460 0.8638 0.1420 0.8725 0.1320 0.8775 0.1320 0.8812 0.1380 0.9200 0.1360 0.9387 0.1460 0.9413 0.1400 0.9325 0.1120 0.8988 0.0620 0.8738 0.0180 0.8562 0.0040 0.8550 0.0000 0.8163 0.0000 0.8037 0.0200
0 0.3100 0.0740 0.2825 0.0800 0.1625 0.2020 0.1263 0.3160 0.1138 0.3980 0.1175 0.5080 0.1350 0.5900 0.1800 0.6760 0.2025 0.7600 0.2162 0.7600 0.2200 0.7380 0.1988 0.6040 0.2050 0.5980 0.2213 0.6120 0.2325 0.7700 0.2637 0.7980 0.2700 0.7840 0.2587 0.7020 0.2625 0.6420 0.2787 0.5720 0.2825 0.4180 0.3038 0.3600 0.3225 0.2440 0.3488 0.1880 0.3475 0.1520 0.3663 0.1380 0.3513 0.0960 0.3212 0.0880
0 0.2400 0.0000 0.1613 0.0040 0.1388 0.0240 0.0675 0.1180 0.0312 0.1460 0.0000 0.1520 0.0000 0.3060 0.0413 0.3260 0.0625 0.3480 0.1100 0.4760 0.1163 0.3540 0.1237 0.3120 0.1512 0.2200 0.1725 0.1820 0.2025 0.1620 0.2200 0.1380 0.2687 0.0940 0.2650 0.0540 0.2550 0.0240
0 0.8237 0.2060 0.8250 0.2240 0.8387 0.2360 0.8450 0.2460 0.8450 0.2540 0.8488 0.2640 0.8762 0.2720 0.8912 0.2720 0.9075 0.2600 0.9237 0.2540 0.9563 0.2560 0.9988 0.2340 0.9988 0.1860 0.9750 0.1760 0.9363 0.1460 0.9150 0.1380 0.8812 0.1420 0.8775 0.1360 0.8725 0.1360 0.8675 0.1440 0.8500 0.1520 0.8450 0.1580 0.8450 0.1660 0.8500 0.1760 0.8488 0.1820
0 0.7600 0.0580 0.7488 0.0400 0.7312 0.0260 0.7212 0.0260 0.6913 0.0360 0.6787 0.0600 0.6737 0.0780 0.6650 0.0920 0.6475 0.1020 0.6325 0.1260 0.6225 0.1660 0.6225 0.1880 0.6475 0.2160 0.6600 0.2200 0.6750 0.2360 0.6850 0.2420 0.6987 0.2420 0.7125 0.2340 0.7325 0.2060 0.7400 0.1860 0.7425 0.1680 0.7412 0.1460 0.7562 0.1240 0.7588 0.1140 0.7538 0.0980 0.7525 0.0800 0.7588 0.0720
0 0.3262 0.0820 0.3325 0.0880 0.3525 0.0920 0.3700 0.1320 0.3912 0.1580 0.4387 0.1680 0.5112 0.1720 0.5650 0.1860 0.5875 0.2040 0.5950 0.2020 0.6062 0.1880 0.6012 0.1640 0.5887 0.1440 0.5887 0.1320 0.5837 0.1200 0.5513 0.1100 0.5175 0.0920 0.4650 0.0900 0.4025 0.0800 0.3775 0.0620 0.3412 0.0700
0 0.3563 0.1520 0.3513 0.1580 0.3500 0.1920 0.3237 0.2500 0.3225 0.2840 0.3000 0.3860 0.3025 0.3980 0.3150 0.4020 0.3100 0.4460 0.3137 0.4720 0.2825 0.5520 0.2800 0.5900 0.2913 0.6080 0.2988 0.6080 0.3137 0.5860 0.3438 0.6380 0.3600 0.6540 0.3787 0.6640 0.4000 0.6640 0.4325 0.6480 0.4475 0.6320 0.4637 0.6020 0.4825 0.5080 0.4838 0.4580 0.4725 0.3940 0.4275 0.3020 0.4200 0.2600 0.3800 0.2020 0.3675 0.1760 0.3675 0.1600
0 0.6150 0.7120 0.6088 0.7140 0.6025 0.7400 0.5600 0.7160 0.5162 0.7280 0.4537 0.7740 0.4163 0.8280 0.3925 0.8500 0.3275 0.8960 0.3237 0.9080 0.3300 0.9220 0.3663 0.9200 0.3312 0.9980 0.6188 0.9980 0.6412 0.9300 0.6475 0.8820
0 0.6338 0.7660 0.6375 0.8260 0.6525 0.8860 0.6825 0.9240 0.7325 0.9660 0.7925 0.9980 0.9988 0.9980 0.9988 0.8000 0.9725 0.8100 0.9450 0.8080 0.8812 0.7660 0.8025 0.7420 0.7525 0.6920 0.7238 0.6760 0.6963 0.6780 0.6800 0.6880 0.6475 0.7320
0 0.4587 0.3400 0.4600 0.3580 0.4725 0.3800 0.5400 0.4040 0.5525 0.4660 0.5675 0.5000 0.6025 0.5460 0.6425 0.5760 0.6450 0.6000 0.6388 0.6220 0.6038 0.6780 0.5787 0.7020 0.5800 0.7140 0.5925 0.7160 0.6288 0.6880 0.6488 0.7140 0.6713 0.6720 0.6913 0.6540 0.8688 0.7180 0.8912 0.7040 0.8938 0.6860 0.8612 0.6020 0.8762 0.6000 0.8762 0.5700 0.8462 0.5460 0.8300 0.5460 0.8175 0.5240 0.7825 0.5240 0.7725 0.5040 0.7775 0.4640 0.7475 0.4300 0.6937 0.3360 0.6238 0.2640 0.5913 0.2460 0.5537 0.2500
