0 0.2770 0.2708 0.2074 0.2865 0.1889 0.3003 0.1648 0.3073 0.1122 0.4583 0.0881 0.4983 0.0455 0.5469 0.0227 0.5990 0.0170 0.5573 0.0000 0.5590 0.0000 0.7135 0.0270 0.7396 0.0866 0.7622 0.1108 0.7587 0.1349 0.7309 0.1577 0.6667 0.2102 0.5990 0.2472 0.5260 0.2912 0.3993 0.2926 0.3142
0 0.6080 0.0052 0.6222 0.0365 0.6250 0.0503 0.6293 0.0608 0.6392 0.0747 0.6534 0.0799 0.6662 0.0799 0.6832 0.0712 0.6875 0.0642 0.6918 0.0608 0.7017 0.0608 0.7088 0.0538 0.7131 0.0538 0.7159 0.0573 0.7202 0.0573 0.7216 0.0556 0.7230 0.0399 0.7244 0.0382 0.7244 0.0226 0.7259 0.0208 0.7230 0.0035 0.7188 0.0035 0.7173 0.0017 0.6193 0.0017 0.6165 0.0035 0.6151 0.0017
0 0.4048 0.0174 0.4048 0.0226 0.3935 0.0434 0.3991 0.0503 0.4219 0.0625 0.4446 0.0816 0.4574 0.0833 0.4673 0.0799 0.4787 0.0799 0.4858 0.0816 0.5014 0.0938 0.5057 0.0903 0.5199 0.0625 0.5327 0.0295 0.5369 0.0087 0.5398 0.0069 0.5241 0.0017 0.4531 0.0017 0.4517 0.0035 0.4105 0.0035
0 0.9986 0.2951 0.9787 0.3212 0.9304 0.4340 0.9062 0.4757 0.9062 0.4931 0.9119 0.4948 0.9375 0.4601 0.9432 0.4635 0.9432 0.4896 0.9318 0.5278 0.9318 0.5417 0.9389 0.5573 0.9503 0.5538 0.9673 0.5347 0.9773 0.5330 0.9830 0.5417 0.9659 0.5885 0.9645 0.6076 0.9673 0.6146 0.9744 0.6094 0.9986 0.5382
0 0.5469 0.0052 0.5071 0.0972 0.5298 0.1337 0.5312 0.1528 0.5170 0.1545 0.5028 0.1285 0.4972 0.1372 0.5057 0.1753 0.5469 0.2396 0.5440 0.2622 0.5298 0.2934 0.4332 0.2969 0.4261 0.4444 0.4347 0.5174 0.4787 0.5573 0.5099 0.6059 0.5483 0.6302 0.5810 0.6146 0.6065 0.6285 0.6435 0.6250 0.6804 0.6372 0.7017 0.6128 0.7003 0.6024 0.6818 0.5920 0.6974 0.5781 0.6946 0.5660 0.6420 0.5330 0.6094 0.4653 0.6207 0.4340 0.6051 0.3628 0.6023 0.2552 0.6065 0.2135 0.6222 0.1892 0.6903 0.1684 0.6463 0.1059 0.6051 0.0087
0 0.0341 0.2517 0.0455 0.2656 0.0511 0.3264 0.0639 0.3646 0.0881 0.3854 0.1151 0.3906 0.1293 0.3733 0.1506 0.2986 0.1761 0.3021 0.2088 0.2812 0.2784 0.2639 0.3281 0.3264 0.3338 0.3490 0.3551 0.3628 0.3480 0.3003 0.3537 0.2778 0.3722 0.2604 0.4361 0.2882 0.5256 0.2847 0.5369 0.2691 0.5412 0.2431 0.5028 0.1771 0.4957 0.1406 0.5014 0.1267 0.5199 0.1510 0.5284 0.1406 0.4915 0.0903 0.4503 0.0885 0.3594 0.0278 0.2472 0.0087 0.1818 0.0278 0.1335 0.0660 0.0710 0.1476 0.0483 0.2413
0 0.0270 0.1059 0.0185 0.1250 0.0185 0.1580 0.0114 0.1806 0.0000 0.1823 0.0000 0.2378 0.0057 0.2396 0.0071 0.2743 0.0185 0.3125 0.0213 0.3420 0.0170 0.4080 0.0057 0.4566 0.0057 0.5278 0.0085 0.5503 0.0199 0.5573 0.0284 0.5712 0.0994 0.4740 0.1151 0.4375 0.1193 0.4097 0.1122 0.3993 0.0739 0.3802 0.0568 0.3594 0.0483 0.3281 0.0440 0.2674 0.0341 0.2587 0.0341 0.2517 0.0440 0.2465 0.0625 0.1632 0.0398 0.1493 0.0369 0.1233
0 0.4886 0.5764 0.4361 0.5312 0.3466 0.5330 0.3054 0.5503 0.2585 0.5903 0.1364 0.7569 0.1108 0.8194 0.0696 0.8194 0.0582 0.8073 0.0866 0.8594 0.1094 0.8663 0.1080 0.9688 0.1406 0.9931 0.1804 0.9844 0.1875 0.9948 0.2173 0.9948 0.2230 0.9618 0.2230 0.9983 0.2614 0.9983 0.2599 0.9531 0.2699 0.9497 0.2756 0.9253 0.3778 0.8976 0.4361 0.8316 0.4446 0.8507 0.4361 0.9809 0.4474 0.9826 0.4730 0.8733 0.4915 0.9167 0.5043 0.9080 0.5114 0.8472 0.5284 0.7969 0.5014 0.7865 0.5199 0.7552 0.5199 0.6476
0 0.6307 0.1910 0.6151 0.2066 0.6065 0.2344 0.6080 0.3542 0.6250 0.4253 0.6648 0.5156 0.7074 0.5712 0.7898 0.6215 0.8224 0.6545 0.8750 0.6875 0.8991 0.7344 0.9261 0.7500 0.9304 0.7153 0.9233 0.6788 0.9347 0.6493 0.9545 0.6302 0.9517 0.6007 0.9247 0.5330 0.9062 0.5104 0.8665 0.4080 0.8423 0.3715 0.8295 0.3785 0.8381 0.4062 0.8253 0.4080 0.7599 0.2899 0.7571 0.2691 0.7997 0.2760 0.8011 0.2569 0.7486 0.2326 0.7244 0.2031 0.6903 0.1788 0.6605 0.1771
0 0.8977 0.7448 0.8622 0.6823 0.7869 0.6250 0.7188 0.5903 0.7202 0.6163 0.7599 0.6562 0.7656 0.7101 0.7173 0.7188 0.6264 0.7795 0.5540 0.6858 0.5412 0.6337 0.5241 0.6337 0.5213 0.6215 0.5327 0.7899 0.5057 0.9097 0.4972 0.9219 0.4858 0.9167 0.4730 0.8802 0.4659 0.9462 0.4432 0.9931 0.4347 0.9844 0.4418 0.8507 0.4190 0.8611 0.3849 0.9028 0.3580 0.9062 0.3537 0.9375 0.4048 0.9618 0.4219 0.9983 0.8295 0.9983 0.8764 0.9271 0.8977 0.8646
0 0.9389 0.8090 0.9347 0.8125 0.9318 0.8229 0.9318 0.8542 0.9276 0.8681 0.9247 0.8715 0.9062 0.8576 0.9034 0.8576 0.8991 0.8663 0.8920 0.9097 0.9006 0.9306 0.9034 0.9479 0.8935 0.9948 0.9986 0.9965 0.9986 0.8455 0.9901 0.8524 0.9645 0.8872 0.9574 0.8872 0.9432 0.8750 0.9460 0.8212 0.9446 0.8142
0 0.7955 0.0017 0.7969 0.0417 0.8026 0.0573 0.8139 0.0521 0.8153 0.0174 0.8281 0.0087 0.8338 0.0747 0.8636 0.1528 0.8651 0.2222 0.8722 0.2344 0.8807 0.2292 0.8849 0.2344 0.8935 0.2934 0.9190 0.3924 0.9261 0.4028 0.9347 0.4045 0.9432 0.3368 0.9545 0.3125 0.9631 0.3090 0.9588 0.2726 0.9616 0.2014 0.9588 0.1788 0.9304 0.0938 0.9091 0.0017
