0 0.2037 0.0100 0.1900 0.0600 0.1900 0.1220 0.2037 0.1900 0.2025 0.2500 0.2125 0.2500 0.2200 0.1780 0.2475 0.2160 0.2700 0.2360 0.2812 0.2780 0.3025 0.3260 0.3275 0.3420 0.3837 0.4240 0.4037 0.4240 0.4012 0.3200 0.4100 0.3080 0.4188 0.3080 0.4350 0.3360 0.4375 0.3220 0.4125 0.2700 0.3950 0.2600 0.3588 0.1120 0.3013 0.0340 0.2662 0.0000 0.2125 0.0000
0 0.5988 0.1860 0.5487 0.1980 0.5225 0.2320 0.4850 0.3580 0.4512 0.4280 0.4375 0.4780 0.4425 0.6180 0.4637 0.6820 0.4713 0.7740 0.4975 0.7720 0.5012 0.6940 0.5162 0.7180 0.5125 0.8380 0.5025 0.9120 0.5088 0.9320 0.5238 0.9420 0.5337 0.9360 0.5387 0.8620 0.5550 0.7700 0.5875 0.6840 0.6062 0.5460 0.6325 0.4760 0.6488 0.3020 0.6725 0.2920 0.6500 0.2360 0.6275 0.2060
0 0.7975 0.4700 0.7712 0.4600 0.7412 0.4720 0.6813 0.5240 0.6663 0.5500 0.6613 0.6040 0.6125 0.7240 0.6025 0.7760 0.6025 0.8640 0.6150 0.9140 0.6188 0.9680 0.6262 0.9980 0.8450 0.9980 0.8438 0.9760 0.8313 0.9360 0.8113 0.8980 0.8187 0.8040 0.8063 0.7260 0.8275 0.6980 0.8375 0.6540 0.8325 0.6280 0.8113 0.5820 0.8037 0.5060 0.8075 0.4880
0 0.6488 0.0100 0.6262 0.0220 0.6088 0.0420 0.6025 0.0620 0.5962 0.1220 0.6012 0.1820 0.6288 0.2020 0.6438 0.2260 0.6587 0.2400 0.6637 0.2400 0.6687 0.2300 0.6687 0.2100 0.6837 0.1660 0.7013 0.1800 0.7113 0.1780 0.7013 0.1700 0.6850 0.1460 0.6850 0.1400 0.6887 0.1380 0.6975 0.1220 0.7013 0.1320 0.7075 0.1380 0.7188 0.1220 0.7188 0.1060 0.7087 0.0600 0.6975 0.0340 0.6763 0.0160
0 0.9337 0.2580 0.9113 0.2640 0.8800 0.2860 0.8825 0.3520 0.8725 0.3700 0.8688 0.3900 0.8725 0.3960 0.8862 0.3840 0.8925 0.3840 0.8950 0.4180 0.9113 0.4780 0.9137 0.5180 0.9225 0.5600 0.9225 0.6340 0.9463 0.6500 0.9988 0.5860 0.9988 0.3540 0.9950 0.3480 0.9888 0.3140 0.9650 0.2720 0.9525 0.2620
0 0.7450 0.0740 0.7462 0.0820 0.7538 0.0900 0.8063 0.0860 0.8137 0.0880 0.8237 0.1020 0.8387 0.1040 0.8500 0.0780 0.8612 0.0620 0.8725 0.0560 0.8850 0.0560 0.9075 0.0660 0.9250 0.0800 0.9500 0.1080 0.9550 0.1060 0.9475 0.0560 0.9437 0.0440 0.9337 0.0300 0.9100 0.0160 0.8525 0.0040 0.8512 0.0000 0.7750 0.0000 0.7738 0.0040 0.7638 0.0040 0.7575 0.0140 0.7588 0.0280
0 0.8413 0.1080 0.8375 0.1260 0.8375 0.1360 0.8413 0.1440 0.8550 0.1620 0.8612 0.1640 0.8638 0.1600 0.8638 0.1400 0.8662 0.1380 0.8700 0.1440 0.8762 0.1700 0.8912 0.1920 0.9250 0.2240 0.9313 0.2440 0.9375 0.2540 0.9463 0.2540 0.9625 0.2640 0.9850 0.2240 0.9988 0.2120 0.9988 0.1820 0.9862 0.1560 0.9762 0.1480 0.9387 0.0980 0.9062 0.0680 0.8900 0.0600 0.8650 0.0620 0.8525 0.0780
0 0.0938 0.0660 0.0737 0.0560 0.0462 0.0540 0.0000 0.0780 0.0000 0.2880 0.0262 0.2700 0.0462 0.2500 0.0625 0.2260 0.0712 0.2060 0.0762 0.2060 0.0900 0.2220 0.1175 0.2360 0.1212 0.2340 0.1200 0.2060 0.1175 0.1980 0.1187 0.1640 0.1150 0.1180 0.1075 0.0920
0 0.0362 0.3440 0.0150 0.3700 0.0000 0.4100 0.0000 0.5100 0.0288 0.5780 0.0350 0.6640 0.0425 0.6960 0.0963 0.8120 0.1138 0.8240 0.1462 0.8300 0.1775 0.8680 0.1875 0.8680 0.2050 0.8460 0.1837 0.7680 0.1888 0.7180 0.2075 0.7220 0.2525 0.7920 0.2612 0.7940 0.2725 0.7760 0.2162 0.6860 0.2025 0.6440 0.1650 0.5760 0.1638 0.5280 0.1562 0.4920 0.1812 0.4860 0.1787 0.4720 0.1412 0.4260 0.1225 0.3840 0.1025 0.3600 0.0587 0.3380
0 0.0512 0.2640 0.0450 0.3040 0.0475 0.3280 0.0875 0.3440 0.1113 0.3640 0.1525 0.4360 0.1787 0.4620 0.1875 0.4860 0.2350 0.5360 0.2475 0.5340 0.2487 0.5060 0.2537 0.5000 0.2712 0.5120 0.3100 0.5020 0.3262 0.4920 0.3387 0.4700 0.3438 0.4280 0.3375 0.3900 0.3125 0.3440 0.2838 0.3140 0.1800 0.2760 0.1462 0.2520 0.1225 0.2460 0.0912 0.2280 0.0800 0.2460 0.0563 0.2560
0 0.8612 0.2540 0.8337 0.2280 0.7963 0.2340 0.7812 0.2480 0.7662 0.2720 0.7600 0.3000 0.7538 0.3100 0.7412 0.3180 0.7188 0.3160 0.7063 0.3220 0.6850 0.3400 0.6687 0.3720 0.6425 0.3760 0.6425 0.3840 0.6562 0.3920 0.6587 0.4100 0.6525 0.4320 0.6525 0.4580 0.6400 0.4960 0.6350 0.5280 0.6462 0.5420 0.6575 0.5440 0.7388 0.4680 0.7638 0.4600 0.7750 0.4480 0.7987 0.4660 0.8425 0.4400 0.8600 0.4100 0.8775 0.3420 0.8762 0.2920
0 0.3862 0.0000 0.3738 0.0540 0.3700 0.1080 0.3700 0.1360 0.3775 0.1660 0.3800 0.1960 0.3925 0.2400 0.3962 0.2240 0.3962 0.1940 0.4000 0.1700 0.4075 0.1600 0.4188 0.1560 0.4225 0.1620 0.4200 0.1900 0.4238 0.2720 0.4387 0.2800 0.4437 0.2620 0.4462 0.1940 0.4587 0.1560 0.4688 0.0660 0.4650 0.0000
0 0.6500 0.0000 0.6412 0.0000 0.6400 0.0040 0.6362 0.0000 0.5813 0.0000 0.5800 0.0040 0.5763 0.0040 0.5625 0.0180 0.5325 0.0240 0.4900 0.0540 0.4725 0.0620 0.4700 0.0660 0.4688 0.0960 0.4738 0.1020 0.4888 0.1020 0.5012 0.0740 0.5150 0.0620 0.5325 0.0540 0.5500 0.0540 0.5687 0.0640 0.5763 0.0720 0.5913 0.1000 0.5950 0.1020 0.6000 0.0640 0.6062 0.0440 0.6200 0.0240 0.6425 0.0080 0.6500 0.0080
0 0.5650 0.0640 0.5487 0.0560 0.5350 0.0560 0.5200 0.0620 0.5012 0.0800 0.4850 0.1240 0.4838 0.1960 0.4738 0.2060 0.4662 0.2280 0.4650 0.2640 0.4662 0.2760 0.4738 0.2960 0.4850 0.2960 0.4925 0.3160 0.5150 0.2440 0.5350 0.2080 0.5537 0.1920 0.5813 0.1820 0.5975 0.1800 0.5975 0.1460 0.5925 0.1120 0.5850 0.0900 0.5737 0.0720
