0 0.7100 0.2900 0.6837 0.2720 0.6525 0.2680 0.6238 0.2860 0.6025 0.3220 0.5775 0.3900 0.5750 0.4300 0.5613 0.5040 0.5587 0.5580 0.5513 0.6020 0.5525 0.6140 0.5675 0.6080 0.5887 0.5860 0.6312 0.5180 0.6613 0.4400 0.6562 0.3940 0.6725 0.3520 0.6850 0.3500 0.6913 0.3560 0.7075 0.3560 0.7288 0.3460 0.7225 0.3140
0 0.9988 0.4640 0.9550 0.4620 0.7963 0.5800 0.7625 0.6160 0.7100 0.7080 0.6775 0.7980 0.6675 0.8640 0.7788 0.9180 0.8500 0.9280 0.8488 0.8900 0.8925 0.8340 0.9425 0.7300 0.9525 0.7500 0.9625 0.8220 0.9750 0.8220 0.9775 0.7440 0.9988 0.6920
0 0.7362 0.3240 0.7388 0.3320 0.7612 0.3560 0.7812 0.4140 0.7788 0.4580 0.7887 0.4880 0.8025 0.5100 0.8300 0.5340 0.8462 0.5360 0.8575 0.5300 0.9375 0.4680 0.9675 0.4540 0.9200 0.4040 0.8812 0.3480 0.8588 0.3240 0.8325 0.3040 0.7925 0.2900 0.7650 0.2900 0.7525 0.2960
0 0.6200 0.1520 0.6200 0.1840 0.6400 0.1880 0.6613 0.2100 0.6637 0.2280 0.6575 0.2520 0.6613 0.2600 0.7087 0.2840 0.7275 0.3140 0.7350 0.3140 0.7500 0.2920 0.7887 0.2860 0.8125 0.2920 0.8600 0.3220 0.9163 0.3860 0.9250 0.3760 0.9263 0.3520 0.9163 0.3100 0.8975 0.2760 0.8788 0.2560 0.8500 0.2520 0.7200 0.1520 0.6675 0.1320 0.6488 0.1320 0.6312 0.1440 0.6262 0.1420
0 0.7712 0.0980 0.7712 0.1200 0.7850 0.1340 0.7788 0.1520 0.7800 0.1640 0.8000 0.1920 0.8175 0.2080 0.8237 0.2280 0.8500 0.2460 0.8762 0.2500 0.8962 0.2700 0.9200 0.3140 0.9313 0.3740 0.9387 0.3780 0.9513 0.3760 0.9675 0.3540 0.9862 0.3380 0.9850 0.2720 0.9775 0.2360 0.9663 0.2080 0.9313 0.1600 0.8738 0.1040 0.8550 0.0920 0.8137 0.0840 0.8025 0.0920 0.7800 0.0880
0 0.6100 0.0000 0.6075 0.0060 0.6075 0.0200 0.6125 0.0340 0.6138 0.0500 0.6212 0.0700 0.6225 0.1020 0.6288 0.1140 0.6362 0.1180 0.6438 0.1300 0.6663 0.1280 0.6937 0.1420 0.7200 0.1480 0.7312 0.1560 0.7350 0.1560 0.7375 0.1520 0.7388 0.1440 0.7375 0.1120 0.7212 0.0700 0.7013 0.0440 0.6763 0.0000
0 0.4387 0.9620 0.4462 0.9980 0.9988 0.9980 0.9988 0.9380 0.9450 0.9340 0.9075 0.9160 0.8800 0.9180 0.8538 0.9340 0.7950 0.9280 0.6925 0.8800 0.6225 0.8660 0.5425 0.8780
0 0.3962 0.8460 0.3850 0.8020 0.3337 0.7140 0.2963 0.6700 0.2075 0.6240 0.0975 0.6440 0.0450 0.6720 0.0000 0.7160 0.0000 0.9980 0.1950 0.9980 0.2188 0.9760 0.2362 0.9940 0.2863 0.9940 0.3038 0.9640 0.3375 0.9420 0.3625 0.8560 0.3912 0.8660
0 0.5450 0.1700 0.5000 0.1660 0.4738 0.1960 0.3812 0.5080 0.3775 0.5760 0.3950 0.6580 0.3700 0.7000 0.3675 0.7260 0.3962 0.7920 0.4163 0.8060 0.4263 0.8860 0.4350 0.9040 0.4700 0.8740 0.4938 0.7900 0.5212 0.7660 0.5363 0.7360 0.5350 0.7100 0.5112 0.6700 0.5425 0.6100 0.5575 0.5400 0.5525 0.4660 0.5625 0.4320 0.5663 0.3820 0.5787 0.3680 0.5887 0.3220 0.5825 0.2260 0.5700 0.1920
0 0.3325 0.2040 0.3125 0.2160 0.2963 0.2380 0.2775 0.2800 0.2625 0.3420 0.2325 0.3960 0.2313 0.4080 0.2450 0.4060 0.2637 0.3760 0.2662 0.4180 0.2512 0.4900 0.2500 0.5300 0.2550 0.5420 0.2637 0.5440 0.2737 0.5240 0.2775 0.5260 0.2850 0.5560 0.3287 0.6460 0.3375 0.6800 0.3525 0.6860 0.3675 0.6740 0.3775 0.6480 0.3800 0.6140 0.3750 0.5460 0.3825 0.4880 0.4025 0.4220 0.3912 0.3840 0.3900 0.3520 0.4037 0.2940 0.3937 0.2500 0.3812 0.2280 0.3550 0.2060
0 0.2550 0.0920 0.2162 0.0520 0.1913 0.0380 0.1300 0.0420 0.0712 0.0820 0.0000 0.1620 0.0000 0.3560 0.0150 0.3480 0.0250 0.3100 0.0362 0.3100 0.0825 0.4160 0.0875 0.4060 0.0825 0.2800 0.1550 0.2620 0.1925 0.2260 0.2112 0.2580 0.2075 0.3380 0.2162 0.3380 0.2238 0.2840 0.2325 0.3000 0.2437 0.3560 0.2537 0.3360 0.2462 0.2320 0.2625 0.1660
0 0.4437 0.0000 0.2812 0.0000 0.2487 0.0420 0.2387 0.0720 0.2600 0.0900 0.2650 0.1340 0.2650 0.1680 0.2512 0.2240 0.2550 0.2940 0.2587 0.3020 0.2675 0.2980 0.2975 0.1980 0.3025 0.2160 0.3237 0.2020 0.3325 0.1360 0.3362 0.1300 0.3575 0.1220 0.3750 0.1060 0.3800 0.1240 0.3750 0.1900 0.3837 0.1920 0.4037 0.1380 0.4075 0.1140 0.4275 0.0860 0.4437 0.0460
0 0.5450 0.0000 0.4725 0.0000 0.4562 0.0240 0.4313 0.0840 0.4138 0.1180 0.3950 0.1800 0.3950 0.1900 0.4050 0.2040 0.4113 0.2400 0.4263 0.2740 0.4400 0.2780 0.4475 0.2680 0.4662 0.2060 0.4913 0.1660 0.5200 0.1580 0.5363 0.1360 0.5450 0.1400 0.5525 0.1360 0.5600 0.1040 0.5600 0.0700 0.5550 0.0240
