0 0.5837 0.3540 0.6025 0.4040 0.6112 0.4680 0.6488 0.5480 0.6825 0.6700 0.7975 0.8240 0.8187 0.8640 0.8750 0.8260 0.8988 0.7900 0.9125 0.7520 0.9313 0.7620 0.9700 0.7580 0.9925 0.7380 0.9950 0.7260 0.9450 0.7080 0.9513 0.6540 0.9175 0.6800 0.8450 0.6100 0.8263 0.5620 0.7837 0.5020 0.7488 0.4200 0.7937 0.3840 0.8000 0.3600 0.7450 0.3700 0.6850 0.3420 0.6262 0.3360 0.6188 0.3260 0.6012 0.3300
0 0.4100 0.0220 0.4113 0.0340 0.4288 0.0520 0.4550 0.0440 0.4763 0.0520 0.4888 0.0640 0.5000 0.0820 0.5075 0.1100 0.5112 0.1480 0.5200 0.1640 0.5325 0.1580 0.5613 0.1220 0.5737 0.0820 0.5825 0.0220 0.5750 0.0000 0.5050 0.0000 0.5000 0.0100 0.4813 0.0320 0.4625 0.0340 0.4562 0.0400 0.4462 0.0400 0.4375 0.0340 0.4325 0.0260 0.4213 0.0240 0.4188 0.0200
0 0.7163 0.0000 0.7450 0.0480 0.7588 0.0640 0.7650 0.0680 0.7750 0.0840 0.7825 0.1060 0.7863 0.1260 0.7863 0.1380 0.7913 0.1480 0.7963 0.1500 0.8013 0.1280 0.8063 0.1200 0.8125 0.1160 0.8163 0.1180 0.8300 0.1420 0.8337 0.1360 0.8387 0.1180 0.8375 0.1000 0.8250 0.0640 0.8150 0.0500 0.8037 0.0400 0.7900 0.0380 0.7788 0.0140 0.7712 0.0040 0.7688 0.0040 0.7675 0.0000
0 0.6250 0.0080 0.6212 0.0980 0.6338 0.1260 0.6438 0.1280 0.6462 0.1180 0.6412 0.0920 0.6450 0.0880 0.6575 0.1140 0.6863 0.1460 0.6850 0.1720 0.6963 0.1900 0.6937 0.2120 0.6975 0.2240 0.7087 0.2240 0.7113 0.2200 0.7113 0.1940 0.7163 0.1820 0.7212 0.1980 0.7375 0.2160 0.7762 0.1860 0.7825 0.1720 0.7913 0.1640 0.7913 0.1520 0.7850 0.1420 0.7812 0.1080 0.7712 0.0800 0.7425 0.0480 0.7225 0.0140 0.7100 0.0000 0.6288 0.0000
0 0.4863 0.0640 0.4675 0.0500 0.4487 0.0480 0.4100 0.0680 0.3950 0.0860 0.3937 0.0960 0.3762 0.1340 0.3450 0.1720 0.3375 0.1960 0.3300 0.2560 0.3350 0.3060 0.3450 0.3360 0.3625 0.3200 0.3688 0.2940 0.3987 0.2660 0.4263 0.2780 0.4412 0.2760 0.4525 0.2920 0.4562 0.3080 0.4625 0.3120 0.4688 0.2940 0.4675 0.2520 0.4863 0.2200 0.4938 0.1900 0.4988 0.1880 0.5012 0.2100 0.5050 0.2160 0.5125 0.2160 0.5175 0.2100 0.5175 0.1720 0.5075 0.1400 0.5025 0.0960
0 0.2300 0.0500 0.2100 0.0760 0.1988 0.1140 0.1988 0.1600 0.2087 0.2000 0.2225 0.2260 0.2412 0.2440 0.2263 0.2720 0.2525 0.2780 0.2587 0.2900 0.2550 0.3000 0.2412 0.3080 0.2425 0.3160 0.2825 0.3220 0.2938 0.3300 0.3113 0.3600 0.3250 0.3460 0.3275 0.3340 0.3262 0.2460 0.3362 0.1900 0.3525 0.1560 0.3812 0.1200 0.3900 0.0980 0.3900 0.0880 0.3875 0.0840 0.3750 0.0880 0.3650 0.1080 0.3525 0.1160 0.3225 0.1200 0.2925 0.0900 0.3237 0.0720 0.3225 0.0680 0.2650 0.0420
0 0.1963 0.1120 0.1650 0.0880 0.1450 0.0480 0.1263 0.0300 0.0950 0.0280 0.0700 0.0420 0.0413 0.0720 0.0000 0.1360 0.0000 0.2800 0.0250 0.2520 0.0550 0.2460 0.0638 0.2400 0.0688 0.2240 0.0813 0.2220 0.0950 0.1960 0.0963 0.1840 0.1263 0.1380 0.1450 0.1400 0.1613 0.1560 0.1663 0.1560 0.1675 0.1360 0.1650 0.1280 0.1437 0.1160 0.1400 0.1100 0.1412 0.1060 0.1550 0.1060 0.1913 0.1300 0.1963 0.1280
0 0.8363 0.0880 0.8413 0.1100 0.8413 0.1200 0.8337 0.1460 0.8337 0.1520 0.8375 0.1580 0.8588 0.1740 0.8700 0.1920 0.9075 0.2200 0.9625 0.2860 0.9825 0.3020 0.9988 0.3040 0.9988 0.1940 0.9550 0.1440 0.9175 0.0900 0.9062 0.0800 0.8925 0.0740 0.8775 0.0740 0.8650 0.0800 0.8387 0.0840
0 0.7662 0.1960 0.7662 0.2020 0.7825 0.2020 0.8037 0.2120 0.8450 0.2520 0.8762 0.3140 0.8875 0.3640 0.8925 0.3740 0.8962 0.3740 0.9187 0.3460 0.9413 0.3300 0.9812 0.3200 0.9988 0.3100 0.9812 0.3060 0.9625 0.2900 0.9075 0.2240 0.8862 0.2060 0.8612 0.1920 0.8287 0.1920 0.8300 0.1540 0.8213 0.1280 0.8150 0.1200 0.8100 0.1200 0.8025 0.1300 0.7975 0.1740 0.7863 0.1960 0.7788 0.1920
0 0.6963 0.3340 0.7000 0.3460 0.7175 0.3540 0.7275 0.3340 0.7350 0.3280 0.7462 0.3660 0.7762 0.3620 0.8037 0.3500 0.8063 0.3600 0.7875 0.4040 0.7825 0.4080 0.7800 0.4240 0.7762 0.4260 0.7950 0.4220 0.8013 0.4060 0.8425 0.4220 0.8900 0.3820 0.8738 0.3140 0.8512 0.2660 0.8200 0.2280 0.7800 0.2040 0.7600 0.2040 0.7412 0.2160 0.7300 0.2360 0.7100 0.3020
0 0.2975 0.0900 0.3237 0.1140 0.3525 0.1120 0.3650 0.1040 0.3725 0.0840 0.3825 0.0780 0.3925 0.0820 0.4037 0.0700 0.4313 0.0520 0.4138 0.0400 0.4100 0.0340 0.4075 0.0240 0.4100 0.0140 0.4163 0.0140 0.4300 0.0220 0.4437 0.0360 0.4587 0.0340 0.4587 0.0280 0.4425 0.0000 0.3538 0.0000 0.3488 0.0080 0.3488 0.0200 0.3550 0.0200 0.3613 0.0280 0.3625 0.0340 0.3600 0.0400 0.3600 0.0520 0.3550 0.0580 0.3300 0.0700 0.3237 0.0780
0 0.7625 0.4320 0.7675 0.4500 0.7837 0.4520 0.7900 0.4700 0.8187 0.5020 0.8200 0.5440 0.8462 0.6040 0.8662 0.6040 0.8975 0.5920 0.9163 0.5700 0.9287 0.5660 0.9313 0.6020 0.9237 0.6440 0.9387 0.6400 0.9450 0.6300 0.9475 0.6060 0.9525 0.6240 0.9563 0.6920 0.9663 0.7080 0.9750 0.6980 0.9775 0.6480 0.9988 0.5840 0.9988 0.3140 0.9437 0.3320 0.9263 0.3440 0.8888 0.3880 0.8425 0.4260 0.8125 0.4180 0.7762 0.4340
0 0.0100 0.3220 0.0000 0.3560 0.0000 0.6580 0.0625 0.7940 0.1025 0.8260 0.1350 0.8300 0.1600 0.8160 0.1825 0.7720 0.1975 0.7600 0.2537 0.7480 0.3137 0.7520 0.3175 0.7320 0.2825 0.7020 0.2975 0.6840 0.2975 0.6620 0.2825 0.6620 0.2300 0.6920 0.1988 0.6380 0.1575 0.5960 0.1313 0.5160 0.1100 0.4800 0.1150 0.4480 0.1113 0.4060 0.0862 0.3640 0.0675 0.3040 0.0537 0.3020
0 0.1263 0.2200 0.1263 0.2960 0.1100 0.3280 0.1075 0.3580 0.1200 0.4220 0.1237 0.4900 0.1550 0.5760 0.1725 0.6080 0.2000 0.6340 0.2250 0.6680 0.2575 0.6700 0.2963 0.6460 0.3088 0.5840 0.3050 0.5060 0.2888 0.4640 0.2562 0.4460 0.2075 0.3880 0.2000 0.3520 0.2025 0.3200 0.1950 0.2940 0.2050 0.2700 0.2125 0.2340 0.2013 0.2320 0.1800 0.2500 0.1462 0.2440
0 0.3987 0.2700 0.3738 0.2960 0.3762 0.3140 0.3425 0.3540 0.3187 0.3980 0.3162 0.4280 0.3275 0.4760 0.3125 0.5240 0.3125 0.5840 0.3025 0.6260 0.3050 0.6920 0.3387 0.7580 0.3600 0.7860 0.4088 0.8120 0.4313 0.8140 0.4537 0.8060 0.4750 0.7880 0.4863 0.7700 0.5000 0.7300 0.4938 0.5480 0.4637 0.3960 0.4675 0.3600 0.4637 0.3320 0.4500 0.2920 0.4425 0.2840
0 0.4863 0.3040 0.4700 0.3520 0.4675 0.3980 0.4950 0.5340 0.5038 0.7200 0.5262 0.8040 0.5513 0.8640 0.5863 0.9080 0.6250 0.9300 0.6575 0.9260 0.6987 0.8980 0.7462 0.9080 0.7788 0.9020 0.8013 0.9160 0.8375 0.9080 0.8438 0.8940 0.8400 0.8780 0.8150 0.8720 0.8000 0.8320 0.7662 0.8000 0.7225 0.7260 0.6787 0.6720 0.6462 0.5480 0.6088 0.4720 0.5988 0.4000 0.5887 0.3780 0.5600 0.3460 0.5300 0.3340 0.5262 0.3100
