0 0.1187 0.0140 0.1062 0.0160 0.0850 0.0300 0.0737 0.0480 0.0400 0.0860 0.0288 0.1040 0.0187 0.1260 0.0100 0.1600 0.0075 0.1800 0.0088 0.2140 0.0175 0.2120 0.0300 0.2020 0.0575 0.1980 0.0775 0.2160 0.0788 0.2300 0.0850 0.2440 0.0875 0.2460 0.0988 0.2340 0.1113 0.2020 0.1075 0.1800 0.1212 0.1580 0.1163 0.0940 0.1250 0.0460
0 0.1225 0.0000 0.1225 0.0260 0.1263 0.0360 0.1263 0.0520 0.1200 0.0780 0.1187 0.1120 0.1237 0.1480 0.1400 0.2040 0.1487 0.2260 0.1437 0.2440 0.1475 0.2460 0.1750 0.2240 0.1975 0.2200 0.2188 0.2100 0.2213 0.2020 0.2150 0.1940 0.2150 0.1720 0.2250 0.1220 0.2288 0.0700 0.2125 0.0000
0 0.6713 0.0160 0.6725 0.0420 0.6625 0.0700 0.6512 0.0840 0.6450 0.1140 0.6462 0.1500 0.6525 0.1660 0.7063 0.2040 0.7288 0.2340 0.7400 0.2420 0.7450 0.2420 0.7488 0.2360 0.7475 0.2240 0.7275 0.2000 0.7125 0.1760 0.7150 0.1720 0.7275 0.1740 0.7375 0.1900 0.7538 0.2000 0.7675 0.2180 0.7825 0.2240 0.7775 0.2080 0.7512 0.1740 0.7462 0.1440 0.7550 0.1200 0.7525 0.0760 0.7562 0.0720 0.7612 0.0780 0.7700 0.0780 0.7750 0.0720 0.7612 0.0620 0.7225 0.0000 0.6800 0.0000
0 0.1575 0.4220 0.1525 0.4780 0.1613 0.5320 0.1613 0.5580 0.1675 0.5700 0.1787 0.5800 0.2162 0.5900 0.2387 0.6160 0.3038 0.6140 0.3762 0.6660 0.3975 0.6660 0.4075 0.6400 0.4425 0.6420 0.4550 0.6560 0.4662 0.6300 0.4925 0.5260 0.4900 0.5180 0.4313 0.4900 0.3162 0.3860 0.2550 0.3560 0.2288 0.3560 0.1938 0.3700 0.1675 0.3960
0 0.9150 0.4040 0.8900 0.4020 0.8588 0.4240 0.8125 0.5220 0.7512 0.6200 0.7562 0.6340 0.7700 0.6360 0.8213 0.5640 0.8337 0.5540 0.8413 0.5600 0.8438 0.6220 0.8550 0.6660 0.8263 0.7260 0.8175 0.7560 0.8150 0.8000 0.8025 0.8200 0.7863 0.8180 0.7900 0.8360 0.8137 0.8320 0.8200 0.9000 0.8163 0.9980 0.8525 0.9980 0.9038 0.9360 0.9163 0.9460 0.9113 0.9980 0.9325 0.9980 0.9625 0.8920 0.9838 0.7800 0.9962 0.6480 0.9962 0.5740 0.9800 0.4860 0.9513 0.4360
0 0.8225 0.0220 0.8063 0.0380 0.8000 0.0600 0.8013 0.1180 0.7987 0.1280 0.7987 0.1520 0.8037 0.1640 0.7875 0.1940 0.7850 0.2040 0.7900 0.2120 0.8037 0.2120 0.8137 0.2040 0.8200 0.2080 0.8337 0.2280 0.8400 0.2460 0.8475 0.2520 0.8612 0.2400 0.8738 0.2100 0.8775 0.1900 0.8838 0.1820 0.8888 0.1800 0.8938 0.1900 0.8938 0.1960 0.8988 0.2000 0.9038 0.1980 0.9050 0.1660 0.9012 0.1460 0.8900 0.1180 0.8888 0.1000 0.8825 0.0820 0.8850 0.0680 0.8750 0.0460 0.8638 0.0300 0.8550 0.0240
0 0.6650 0.4440 0.6212 0.4120 0.5962 0.4140 0.5425 0.4380 0.5075 0.4980 0.4875 0.5520 0.4475 0.7440 0.3987 0.9000 0.3925 0.9500 0.3962 0.9980 0.6500 0.9980 0.6550 0.9480 0.6512 0.8760 0.6687 0.7920 0.6713 0.7100 0.6875 0.6700 0.6963 0.6060 0.6837 0.4900
0 0.8900 0.0800 0.8888 0.0900 0.8950 0.1120 0.9062 0.1280 0.9075 0.1480 0.9113 0.1640 0.9163 0.1660 0.9250 0.1600 0.9325 0.1600 0.9463 0.1700 0.9575 0.1740 0.9650 0.1860 0.9712 0.2020 0.9862 0.2240 0.9912 0.2400 0.9988 0.2500 0.9988 0.1320 0.9875 0.1180 0.9675 0.0800 0.9587 0.0680 0.9463 0.0580 0.9163 0.0560 0.9050 0.0620
0 0.4537 0.6700 0.4450 0.6520 0.4100 0.6460 0.4000 0.6720 0.3787 0.6720 0.2963 0.6160 0.2362 0.6280 0.2075 0.6640 0.1963 0.7020 0.1588 0.7580 0.1225 0.7840 0.0550 0.8660 0.0338 0.9000 0.0250 0.9340 0.0000 0.9540 0.0000 0.9980 0.2725 0.9980 0.3000 0.9180 0.3925 0.8440 0.4075 0.8500 0.4425 0.7440
0 0.0350 0.2040 0.0000 0.2280 0.0000 0.5700 0.0200 0.5900 0.0800 0.6020 0.0975 0.5880 0.1150 0.5560 0.1275 0.4920 0.1275 0.4580 0.1075 0.4020 0.1050 0.3640 0.0887 0.3040 0.0875 0.2640 0.0750 0.2280 0.0750 0.2200 0.0575 0.2020
0 0.9250 0.1640 0.9125 0.1780 0.9113 0.1820 0.9200 0.1960 0.9012 0.2260 0.8912 0.2560 0.8938 0.2760 0.9075 0.2920 0.9062 0.3340 0.9125 0.3840 0.9200 0.4020 0.9463 0.4200 0.9600 0.4400 0.9988 0.4600 0.9988 0.2620 0.9900 0.2460 0.9850 0.2280 0.9725 0.2100 0.9575 0.1800 0.9337 0.1640
0 0.5787 0.0000 0.5750 0.0120 0.5737 0.0260 0.5750 0.0420 0.5787 0.0540 0.5775 0.0720 0.5700 0.0740 0.5625 0.0700 0.5513 0.0700 0.5487 0.0720 0.5475 0.0800 0.5563 0.0880 0.5800 0.0920 0.5850 0.0960 0.5950 0.1120 0.6100 0.1240 0.6400 0.1260 0.6425 0.1220 0.6438 0.1080 0.6500 0.0820 0.6587 0.0700 0.6663 0.0520 0.6687 0.0400 0.6663 0.0200 0.6587 0.0000
0 0.2512 0.3500 0.3187 0.3840 0.4400 0.4920 0.4938 0.5160 0.5337 0.4440 0.5525 0.4260 0.5637 0.4220 0.5288 0.4020 0.4950 0.4020 0.4825 0.3960 0.4350 0.3440 0.3925 0.3200 0.3837 0.3200 0.3387 0.2880 0.3013 0.2880 0.2737 0.3020 0.2587 0.3240
0 0.4263 0.1840 0.3925 0.1480 0.3450 0.1400 0.3287 0.1500 0.3150 0.1720 0.2050 0.2220 0.1787 0.2260 0.1437 0.2540 0.1225 0.2580 0.0938 0.2960 0.1163 0.2960 0.1200 0.3020 0.1187 0.3380 0.1100 0.3720 0.1113 0.4020 0.1250 0.4220 0.1500 0.4220 0.1812 0.3740 0.2387 0.3480 0.2712 0.3000 0.3013 0.2840 0.3400 0.2840 0.3738 0.3040 0.4188 0.2960 0.4325 0.2520
