0 0.5550 0.5060 0.5337 0.4940 0.4625 0.5020 0.4150 0.4420 0.3825 0.4240 0.3225 0.4340 0.3225 0.4440 0.3688 0.4500 0.3700 0.4780 0.3575 0.4920 0.2900 0.4820 0.2487 0.5340 0.1150 0.8160 0.0900 0.9120 0.0275 0.9800 0.0600 0.9940 0.0838 0.9840 0.0950 0.9980 0.3412 0.9980 0.3475 0.9020 0.3325 0.8480 0.3887 0.7680 0.4163 0.7460 0.4163 0.5980 0.4612 0.5820 0.5763 0.6200 0.5800 0.6040 0.5725 0.5900 0.5075 0.5460
0 0.0000 0.5240 0.0000 0.8840 0.0075 0.8700 0.0300 0.8600 0.0350 0.9140 0.0338 0.9460 0.0350 0.9520 0.0400 0.9520 0.0638 0.9260 0.0850 0.9180 0.1050 0.8320 0.1363 0.7680 0.1400 0.7540 0.1388 0.7400 0.1537 0.7320 0.1700 0.6820 0.1537 0.6800 0.1000 0.6340 0.0737 0.6280 0.0362 0.5700
0 0.0000 0.2800 0.0000 0.5180 0.0737 0.6200 0.0988 0.6280 0.1150 0.6440 0.1225 0.6440 0.1325 0.6240 0.1313 0.6040 0.1225 0.5780 0.1075 0.5640 0.0800 0.5600 0.0737 0.5460 0.0875 0.5180 0.1075 0.5000 0.1225 0.4940 0.1263 0.4840 0.1275 0.4620 0.1062 0.4220 0.0975 0.3880 0.0663 0.3520 0.1025 0.3400 0.1075 0.3220 0.0800 0.3160 0.0288 0.2820
0 0.0150 0.0520 0.0112 0.0660 0.0187 0.0700 0.0200 0.0780 0.0075 0.1220 0.0000 0.1360 0.0000 0.2760 0.0338 0.2800 0.0850 0.3120 0.1100 0.3140 0.1150 0.3100 0.1200 0.2960 0.1187 0.2880 0.1013 0.2840 0.0775 0.2680 0.0838 0.2500 0.0838 0.2380 0.0775 0.2220 0.0762 0.2100 0.0825 0.1980 0.0925 0.1520 0.1175 0.1320 0.1187 0.1260 0.0938 0.0900 0.0762 0.0740 0.0475 0.0680 0.0262 0.0500
0 0.0825 0.2120 0.0963 0.2580 0.1187 0.2780 0.1263 0.2780 0.1425 0.2500 0.1600 0.2320 0.1837 0.2220 0.2013 0.2220 0.2325 0.2360 0.2575 0.2600 0.2925 0.2820 0.3113 0.2880 0.3212 0.3220 0.3262 0.3260 0.3425 0.3240 0.3663 0.3320 0.3762 0.3180 0.3887 0.3200 0.4062 0.2940 0.3787 0.2300 0.3525 0.2140 0.3337 0.1900 0.3362 0.1680 0.3237 0.1540 0.2838 0.1540 0.2612 0.1680 0.2175 0.1500 0.1613 0.1460 0.1275 0.1320 0.1075 0.1420 0.0912 0.1640
0 0.2325 0.1440 0.2362 0.1560 0.2625 0.1640 0.2875 0.1500 0.3325 0.1560 0.3387 0.1700 0.3387 0.1920 0.3525 0.2100 0.3787 0.2260 0.4100 0.2880 0.4050 0.3040 0.3950 0.3160 0.3962 0.3260 0.4025 0.3320 0.4288 0.3180 0.4675 0.3320 0.4850 0.3480 0.5000 0.3420 0.5050 0.3260 0.4938 0.2940 0.4850 0.2480 0.4950 0.2520 0.5250 0.2860 0.5337 0.2840 0.5300 0.2600 0.4988 0.2260 0.4700 0.1820 0.3962 0.1500 0.3500 0.1160 0.3200 0.1100 0.3000 0.0900 0.2612 0.0980 0.2487 0.1100
0 0.0712 0.0520 0.0712 0.0600 0.0762 0.0620 0.1225 0.0280 0.1225 0.0620 0.1263 0.0720 0.1062 0.1020 0.1263 0.1260 0.1375 0.1280 0.1650 0.1420 0.2200 0.1460 0.2250 0.1280 0.2275 0.1040 0.2325 0.0920 0.2325 0.0580 0.2175 0.0220 0.2137 0.0000 0.1150 0.0000 0.1050 0.0200 0.0800 0.0400
0 0.4888 0.0580 0.4775 0.0520 0.4600 0.0240 0.4387 0.0060 0.4275 0.0040 0.4263 0.0000 0.4088 0.0000 0.4075 0.0040 0.3987 0.0040 0.3850 0.0160 0.3550 0.0240 0.2988 0.0500 0.2737 0.0700 0.2550 0.0960 0.2625 0.0960 0.2750 0.0880 0.2963 0.0860 0.3088 0.0920 0.3225 0.1080 0.3488 0.1120 0.3837 0.1320 0.4113 0.1300 0.4175 0.1260 0.4338 0.0980 0.4462 0.1020 0.4725 0.1020
0 0.5025 0.0400 0.4913 0.0600 0.4750 0.1060 0.4713 0.1400 0.4763 0.1760 0.4825 0.1900 0.4875 0.1860 0.4925 0.1740 0.4913 0.1460 0.4938 0.1420 0.4988 0.1500 0.5100 0.1940 0.5288 0.2280 0.5337 0.2600 0.5463 0.2920 0.5513 0.3140 0.5513 0.3440 0.5550 0.3500 0.5713 0.3460 0.5675 0.3120 0.5700 0.3000 0.5813 0.3160 0.5837 0.3300 0.5988 0.3320 0.6038 0.3280 0.6100 0.3000 0.6138 0.2980 0.6175 0.3280 0.6250 0.3380 0.6388 0.3380 0.6400 0.3240 0.6250 0.2640 0.6300 0.2300 0.6425 0.2280 0.6450 0.2200 0.6400 0.2020 0.6262 0.1900 0.6238 0.1480 0.6075 0.1160 0.6012 0.0860 0.5875 0.0620 0.5613 0.0380 0.5288 0.0280
0 0.6175 0.0920 0.6100 0.1140 0.6238 0.1400 0.6288 0.1840 0.6462 0.2080 0.6462 0.2320 0.6650 0.2640 0.6700 0.2920 0.6787 0.3140 0.6925 0.3280 0.7013 0.3240 0.7262 0.3600 0.7538 0.3860 0.7712 0.3800 0.7775 0.3900 0.7887 0.3900 0.7913 0.3780 0.7775 0.3260 0.7775 0.2980 0.7925 0.3020 0.7688 0.2460 0.7575 0.1920 0.7300 0.1380 0.7025 0.0980 0.6713 0.0760 0.6438 0.0720
0 0.9113 0.2620 0.8988 0.2840 0.8950 0.3280 0.8750 0.3400 0.8450 0.4000 0.8387 0.4380 0.8400 0.4640 0.8187 0.5500 0.8175 0.5980 0.8350 0.6480 0.8488 0.7200 0.8712 0.7760 0.8962 0.8060 0.9313 0.8100 0.9437 0.8060 0.9550 0.7900 0.9750 0.7880 0.9988 0.7520 0.9988 0.5740 0.9812 0.5460 0.9637 0.4980 0.9688 0.4660 0.9663 0.4100 0.9900 0.3740 0.9988 0.3400 0.9587 0.3420 0.9325 0.3180 0.9275 0.2840
0 0.7488 0.0780 0.7500 0.0880 0.7975 0.1300 0.8287 0.1420 0.8500 0.1740 0.8625 0.2140 0.8600 0.2640 0.8950 0.3000 0.9000 0.2780 0.9113 0.2600 0.9263 0.2780 0.9375 0.3220 0.9487 0.3320 0.9600 0.3340 0.9587 0.3040 0.9475 0.2460 0.9550 0.2440 0.9663 0.2500 0.9712 0.2420 0.9637 0.2400 0.9537 0.2240 0.9437 0.2180 0.9363 0.1920 0.9237 0.1700 0.8612 0.1140 0.8187 0.0900 0.7913 0.0660 0.7712 0.0620
0 0.8612 0.0500 0.8612 0.0620 0.8650 0.0740 0.8988 0.0720 0.9187 0.1020 0.9487 0.1300 0.9525 0.1440 0.9675 0.1620 0.9788 0.1820 0.9988 0.1820 0.9988 0.0640 0.9850 0.0540 0.9625 0.0300 0.9487 0.0220 0.9350 0.0080 0.9237 0.0040 0.9225 0.0000 0.9038 0.0000 0.9025 0.0040 0.8938 0.0080 0.8800 0.0320
