0 0.8912 0.0520 0.8875 0.0960 0.8800 0.1180 0.8800 0.1260 0.8888 0.1620 0.8888 0.1840 0.8838 0.2040 0.8825 0.2200 0.8775 0.2340 0.8788 0.2500 0.8862 0.2680 0.9087 0.2760 0.9213 0.2880 0.9350 0.2920 0.9525 0.2900 0.9600 0.2780 0.9788 0.2180 0.9812 0.2060 0.9800 0.1820 0.9688 0.1500 0.9463 0.1100 0.9300 0.0920 0.9125 0.0800 0.8938 0.0520
0 0.0000 0.2960 0.0000 0.6920 0.0250 0.5660 0.0512 0.6320 0.1087 0.7260 0.0938 0.7540 0.0500 0.7960 0.0000 0.8240 0.0000 0.8580 0.1138 0.8180 0.1800 0.8080 0.2362 0.7780 0.2650 0.7240 0.2625 0.6400 0.2425 0.5640 0.2150 0.5000 0.1663 0.4240 0.0350 0.3060
0 0.6138 0.3920 0.5887 0.3640 0.5587 0.3600 0.5200 0.3740 0.4738 0.4140 0.4313 0.4200 0.4350 0.4500 0.4788 0.4520 0.4662 0.4740 0.4350 0.4840 0.4462 0.5140 0.4200 0.5880 0.2550 0.7560 0.2562 0.7900 0.3488 0.7160 0.3625 0.7300 0.3450 0.8120 0.2875 0.8280 0.2750 0.8520 0.3075 0.8640 0.3488 0.8460 0.3488 0.9080 0.3812 0.9480 0.4313 0.8980 0.4525 0.8600 0.5012 0.8480 0.5325 0.7780 0.5463 0.7100 0.5925 0.6400 0.6175 0.5820 0.6288 0.4400
0 0.1037 0.8700 0.1087 0.8960 0.1263 0.9180 0.1613 0.9480 0.1825 0.9980 0.3762 0.9980 0.3738 0.9660 0.3650 0.9440 0.3275 0.8880 0.2963 0.8660 0.2425 0.8580 0.1963 0.8720 0.1787 0.8680 0.1650 0.8500 0.1437 0.8460 0.1338 0.8520 0.1350 0.8680 0.1200 0.8700 0.1087 0.8640
0 0.6462 0.4280 0.6312 0.4680 0.6262 0.5800 0.6375 0.6640 0.6538 0.7040 0.7850 0.8920 0.8400 0.9300 0.8350 0.9920 0.8600 0.9980 0.8700 0.9760 0.9313 0.9980 0.9712 0.9980 0.9750 0.9740 0.9537 0.8640 0.9988 0.8580 0.9988 0.8380 0.9725 0.8240 0.9387 0.8260 0.9200 0.7660 0.9275 0.7380 0.9213 0.7100 0.8888 0.6700 0.8438 0.6460 0.8175 0.5840 0.7588 0.5020 0.7625 0.4940 0.8013 0.4980 0.8037 0.4780 0.7013 0.4120 0.6663 0.4140
0 0.8213 0.3340 0.8213 0.3420 0.8287 0.3520 0.8200 0.3840 0.8200 0.4060 0.8287 0.4360 0.8462 0.4600 0.8425 0.4760 0.8450 0.5200 0.8588 0.5660 0.8688 0.5480 0.8775 0.5720 0.8875 0.5720 0.8825 0.4880 0.8925 0.4660 0.8975 0.4660 0.9500 0.5160 0.9988 0.5080 0.9988 0.3280 0.8788 0.3080 0.8612 0.3120 0.8387 0.3320
0 0.8812 0.0420 0.8650 0.0340 0.8475 0.0480 0.8175 0.0560 0.7937 0.0840 0.7775 0.0880 0.7762 0.0940 0.7937 0.1080 0.7937 0.1160 0.7863 0.1320 0.7825 0.1580 0.7588 0.1920 0.7362 0.1940 0.7275 0.2020 0.7262 0.2100 0.7325 0.2140 0.7887 0.2100 0.7987 0.2280 0.8225 0.2480 0.8550 0.2480 0.8650 0.2400 0.8775 0.2100 0.8838 0.1780 0.8825 0.1460 0.8762 0.1220 0.8775 0.1040 0.8850 0.0760 0.8850 0.0560
0 0.4700 0.1320 0.4825 0.1460 0.4888 0.0960 0.5050 0.0560 0.5238 0.0780 0.5238 0.1140 0.5400 0.1660 0.5550 0.1820 0.5600 0.1740 0.5487 0.1340 0.5537 0.0680 0.5600 0.0560 0.6225 0.0580 0.6400 0.1240 0.6325 0.1460 0.6375 0.1580 0.6650 0.1520 0.6650 0.0960 0.6687 0.0840 0.6850 0.0900 0.7037 0.1100 0.7275 0.1160 0.7350 0.1120 0.7400 0.0960 0.7488 0.0960 0.7500 0.0800 0.7438 0.0540 0.7125 0.0000 0.4813 0.0000 0.4813 0.0400 0.4713 0.0700
0 0.3137 0.0480 0.2888 0.0720 0.2487 0.1660 0.2387 0.2060 0.2375 0.2680 0.2475 0.3400 0.2625 0.3800 0.2712 0.4800 0.2787 0.4880 0.2925 0.4840 0.2875 0.3640 0.2913 0.3560 0.2975 0.3580 0.3100 0.3800 0.3125 0.5100 0.3275 0.5260 0.3412 0.5280 0.3325 0.4720 0.3325 0.4360 0.3563 0.3080 0.3600 0.2580 0.3663 0.2520 0.3762 0.3100 0.3850 0.3220 0.3937 0.3200 0.3900 0.2580 0.4000 0.1660 0.3912 0.0940 0.3750 0.0640 0.3513 0.0500
0 0.1875 0.0560 0.1963 0.0820 0.2150 0.1080 0.2200 0.0780 0.2313 0.0540 0.2762 0.0900 0.2975 0.0560 0.3125 0.0460 0.3425 0.0460 0.3762 0.0620 0.3950 0.0960 0.4012 0.1940 0.4125 0.2020 0.4125 0.1960 0.4250 0.1800 0.4250 0.1520 0.4100 0.1220 0.4000 0.0780 0.3987 0.0380 0.3850 0.0000 0.1837 0.0000
