0 0.1676 0.0122 0.1662 0.0382 0.1761 0.0590 0.1875 0.0660 0.2003 0.0833 0.2358 0.0955 0.2457 0.1059 0.2585 0.1111 0.3026 0.1146 0.3352 0.1059 0.3651 0.1042 0.3807 0.1059 0.3835 0.1198 0.3878 0.1233 0.4020 0.1233 0.4332 0.1094 0.4616 0.1042 0.4759 0.0972 0.4602 0.0538 0.4361 0.0312 0.4205 0.0035 0.1832 0.0017 0.1705 0.0035
0 0.6932 0.0226 0.6974 0.0503 0.6875 0.0833 0.6861 0.1163 0.6932 0.1771 0.7188 0.2882 0.7486 0.2448 0.7784 0.2170 0.7997 0.2066 0.8466 0.2066 0.8764 0.2135 0.9233 0.2448 0.9901 0.3281 0.9886 0.2847 0.9673 0.1892 0.9190 0.1007 0.8835 0.0556 0.8267 0.0174 0.7869 0.0035 0.7429 0.0035 0.7259 0.0122 0.7074 0.0347
0 0.7969 0.2118 0.7514 0.2465 0.7202 0.2986 0.7102 0.3472 0.7102 0.3837 0.7202 0.4184 0.7145 0.4288 0.7173 0.4948 0.7344 0.5000 0.7386 0.4931 0.7443 0.5139 0.7415 0.5799 0.7443 0.5938 0.7528 0.6007 0.7599 0.5972 0.7642 0.5608 0.7884 0.5347 0.8040 0.5052 0.8310 0.4948 0.8821 0.5243 0.9190 0.5260 0.9205 0.5417 0.9006 0.6267 0.9077 0.6406 0.9205 0.6094 0.9361 0.5903 0.9716 0.5764 0.9986 0.5556 0.9986 0.3576 0.9886 0.3351 0.9361 0.2639 0.8977 0.2292 0.8551 0.2118
0 0.1506 0.0417 0.1307 0.0451 0.0980 0.0851 0.0511 0.2257 0.0000 0.3559 0.0000 0.5122 0.0085 0.5069 0.0241 0.4740 0.0440 0.4497 0.0696 0.4306 0.0739 0.3594 0.0824 0.3229 0.1009 0.2847 0.1065 0.2604 0.1307 0.2309 0.1293 0.2031 0.1136 0.1649 0.1165 0.1441 0.1250 0.1354 0.1648 0.1319 0.1761 0.1163 0.1662 0.0573
0 0.0497 0.4497 0.0241 0.4809 0.0071 0.5330 0.0057 0.6042 0.0199 0.7188 0.0384 0.7222 0.0639 0.6979 0.0781 0.7170 0.1222 0.7240 0.1932 0.7604 0.2202 0.7639 0.2727 0.8594 0.2884 0.9306 0.3026 0.9288 0.3153 0.9080 0.3054 0.7760 0.3295 0.7448 0.3438 0.7014 0.3778 0.6389 0.3977 0.5660 0.3906 0.5451 0.4148 0.5312 0.4247 0.4948 0.4148 0.4826 0.3565 0.4948 0.3026 0.4288 0.2969 0.4358 0.3011 0.4722 0.2599 0.4861 0.2287 0.4844 0.1293 0.4340 0.0952 0.4340
0 0.0000 0.7257 0.0000 0.9635 0.0256 0.9670 0.0327 0.9601 0.0384 0.9375 0.0455 0.9358 0.0653 0.9497 0.0923 0.9826 0.1179 0.9965 0.2401 0.9948 0.2443 0.9705 0.2543 0.9549 0.2557 0.8854 0.2401 0.8333 0.2145 0.7899 0.1847 0.7604 0.1463 0.7465 0.1179 0.7274 0.0739 0.7240 0.0270 0.7326
0 0.1094 0.0208 0.0881 0.0191 0.0625 0.0365 0.0384 0.0677 0.0000 0.1389 0.0000 0.3160 0.0071 0.2969 0.0227 0.2830 0.0497 0.2205 0.0582 0.1875 0.0767 0.1441 0.0923 0.0903 0.1222 0.0486 0.1193 0.0295
0 0.9986 0.6163 0.9006 0.6632 0.8764 0.6806 0.8509 0.6823 0.8224 0.6944 0.7969 0.7118 0.7571 0.7604 0.7372 0.8073 0.7287 0.8542 0.7287 0.8837 0.7344 0.8941 0.7301 0.9271 0.7500 0.9948 0.8324 0.9931 0.8878 0.9323 0.9148 0.9236 0.9702 0.8767 0.9986 0.8628
0 0.4773 0.2552 0.4460 0.2622 0.4318 0.2812 0.4205 0.2674 0.3764 0.2691 0.3338 0.2865 0.1676 0.2656 0.1392 0.2847 0.1378 0.2639 0.1236 0.2656 0.0966 0.2969 0.0838 0.3281 0.0767 0.3611 0.0753 0.4288 0.1406 0.4323 0.2401 0.4826 0.2997 0.4688 0.2955 0.4497 0.2997 0.4288 0.3580 0.4878 0.4148 0.4740 0.4730 0.4097 0.4815 0.3924 0.4815 0.3663 0.4503 0.3420 0.4730 0.3090
0 0.6136 0.2465 0.5795 0.2309 0.5284 0.2622 0.4815 0.3333 0.4830 0.3993 0.4290 0.4688 0.4290 0.5139 0.4062 0.5521 0.3849 0.6337 0.3423 0.7170 0.3338 0.7830 0.3423 0.8941 0.2727 0.9583 0.2827 0.9774 0.3011 0.9774 0.3281 0.9566 0.3537 0.9965 0.4574 0.9931 0.4830 0.9288 0.5071 0.9253 0.5199 0.9097 0.5469 0.8003 0.5440 0.7517 0.5881 0.6823 0.6179 0.5799 0.6307 0.6024 0.6435 0.6042 0.6378 0.4740 0.6634 0.4878 0.6705 0.5399 0.6832 0.5677 0.6918 0.5660 0.6634 0.3611 0.6335 0.2917 0.6321 0.2674
0 0.4332 0.0052 0.4347 0.0191 0.4915 0.0920 0.5142 0.1059 0.5298 0.1337 0.5455 0.1458 0.5568 0.1667 0.5696 0.2257 0.5980 0.2326 0.6222 0.2483 0.6349 0.2639 0.6349 0.2882 0.6506 0.3229 0.6676 0.3351 0.6733 0.3750 0.7088 0.4062 0.7045 0.2240 0.6818 0.1545 0.6761 0.1128 0.6136 0.0122 0.6023 0.0035
0 0.1023 0.2830 0.1335 0.2587 0.1406 0.2760 0.1733 0.2604 0.3381 0.2812 0.3750 0.2656 0.4219 0.2639 0.4347 0.2760 0.4474 0.2604 0.4744 0.2535 0.4759 0.2986 0.4588 0.3316 0.4787 0.3281 0.5369 0.2465 0.5384 0.1875 0.5256 0.1493 0.5298 0.1389 0.5071 0.1042 0.4886 0.0920 0.4830 0.1042 0.4503 0.1076 0.4006 0.1267 0.3864 0.1267 0.3778 0.1111 0.3665 0.1076 0.3125 0.1181 0.2614 0.1163 0.2003 0.0851 0.1605 0.0382 0.1861 0.1181 0.1648 0.1389 0.1307 0.1372 0.1193 0.1458 0.1165 0.1615 0.1335 0.2049 0.1349 0.2344 0.1094 0.2569
