0 0.6525 0.1200 0.6575 0.1280 0.6575 0.1640 0.6863 0.1860 0.7875 0.2360 0.8838 0.3160 0.8875 0.3160 0.9012 0.2920 0.8925 0.2760 0.8712 0.2760 0.8588 0.2420 0.8425 0.2200 0.7238 0.1500 0.7087 0.1280 0.6987 0.1200 0.6775 0.1160
0 0.9200 0.2520 0.9012 0.2760 0.9012 0.2820 0.9087 0.2940 0.9087 0.3220 0.9062 0.3300 0.9087 0.3820 0.9000 0.4520 0.9025 0.5000 0.9187 0.5340 0.9237 0.5580 0.9375 0.5920 0.9500 0.6120 0.9738 0.6360 0.9850 0.6420 0.9988 0.6420 0.9988 0.3800 0.9925 0.3640 0.9962 0.3400 0.9925 0.3280 0.9775 0.3040 0.9437 0.2780 0.9463 0.2700 0.9450 0.2600
0 0.5850 0.1060 0.5850 0.1220 0.6100 0.1520 0.6212 0.1500 0.6375 0.1260 0.6538 0.1160 0.6987 0.1180 0.7087 0.1260 0.7212 0.1460 0.8400 0.2160 0.8462 0.2140 0.8450 0.1860 0.8688 0.1660 0.8612 0.1620 0.8375 0.1680 0.7863 0.1180 0.6675 0.0620 0.6412 0.0600 0.6188 0.0660 0.6000 0.0780 0.5875 0.0960
0 0.6062 0.0000 0.6100 0.0200 0.6050 0.0400 0.6062 0.0460 0.6175 0.0620 0.6375 0.0580 0.6713 0.0600 0.7675 0.1040 0.7925 0.1200 0.7975 0.1180 0.7950 0.0900 0.7775 0.0560 0.7562 0.0360 0.7113 0.0120 0.7000 0.0000
0 0.7725 0.0340 0.7688 0.0400 0.7863 0.0660 0.7963 0.0880 0.8013 0.1240 0.8063 0.1320 0.8413 0.1660 0.8625 0.1620 0.8700 0.1560 0.8738 0.1580 0.8675 0.1700 0.8488 0.1860 0.8488 0.2220 0.8650 0.2480 0.8725 0.2540 0.8938 0.2460 0.9038 0.2580 0.9087 0.2460 0.9087 0.2040 0.9000 0.1580 0.8950 0.1440 0.8462 0.0860 0.8363 0.0700 0.8337 0.0600 0.8213 0.0440 0.7975 0.0340
0 0.8488 0.0700 0.8462 0.0740 0.8475 0.0840 0.8625 0.1000 0.8738 0.1180 0.8900 0.1320 0.8988 0.1480 0.9100 0.2000 0.9113 0.2400 0.9150 0.2460 0.9313 0.2500 0.9413 0.2460 0.9337 0.2160 0.9337 0.2020 0.9363 0.1940 0.9525 0.1880 0.9600 0.1900 0.9663 0.1980 0.9712 0.1940 0.9712 0.1720 0.9587 0.1480 0.9337 0.1280 0.9050 0.0980 0.8912 0.0800 0.8825 0.0740 0.8575 0.0660
0 0.2288 0.1200 0.1913 0.0500 0.1812 0.0440 0.1588 0.0440 0.1300 0.0640 0.1075 0.0960 0.0950 0.1280 0.0925 0.1400 0.0925 0.1620 0.0963 0.1660 0.1237 0.1740 0.1350 0.1820 0.1462 0.1960 0.1525 0.1960 0.1625 0.1880 0.1775 0.1820 0.1963 0.1600 0.2050 0.1540 0.2050 0.1480 0.1950 0.1180 0.1963 0.1020 0.2162 0.1240 0.2288 0.1240
0 0.3362 0.3900 0.2938 0.3740 0.2537 0.4000 0.2362 0.4240 0.2200 0.4660 0.2188 0.5060 0.1938 0.5980 0.1913 0.6480 0.1550 0.7020 0.1313 0.7800 0.1300 0.7980 0.1400 0.8220 0.1500 0.8180 0.1575 0.8000 0.1625 0.8040 0.1737 0.8520 0.1913 0.9880 0.2000 0.9980 0.2437 0.9980 0.2950 0.9060 0.3275 0.9120 0.3438 0.8920 0.3438 0.8660 0.3212 0.8580 0.3337 0.7840 0.3325 0.6820 0.3500 0.6060 0.3613 0.5880 0.3837 0.5720 0.3850 0.5320 0.3675 0.4380
0 0.0688 0.4300 0.0563 0.4340 0.0638 0.5020 0.0000 0.5780 0.0000 0.8160 0.0150 0.8420 0.0187 0.8900 0.0437 0.9240 0.0525 0.9200 0.0650 0.8880 0.1062 0.7520 0.1237 0.7380 0.1537 0.6820 0.1850 0.6480 0.1850 0.6300 0.1725 0.6220 0.1700 0.6120 0.1888 0.5840 0.1975 0.5620 0.2025 0.5320 0.2013 0.5120 0.1975 0.5080 0.1688 0.5080 0.1437 0.4920 0.1125 0.4840 0.1013 0.4740 0.0875 0.4420
0 0.2188 0.4200 0.2150 0.4120 0.1888 0.3940 0.1775 0.3740 0.1575 0.3540 0.1325 0.3180 0.1187 0.3080 0.1000 0.3080 0.0925 0.3220 0.0912 0.3440 0.0750 0.3500 0.0437 0.3760 0.0000 0.3900 0.0000 0.5720 0.0600 0.5020 0.0537 0.4380 0.0563 0.4260 0.0675 0.4260 0.0887 0.4400 0.1000 0.4660 0.1125 0.4800 0.1462 0.4900 0.1825 0.4680 0.2013 0.4440 0.2150 0.4340
0 0.2338 0.1540 0.2238 0.1520 0.2013 0.1600 0.1875 0.1800 0.1837 0.1940 0.1625 0.2120 0.1425 0.2380 0.0950 0.2500 0.0900 0.2700 0.0963 0.2740 0.0912 0.2960 0.0825 0.3100 0.0550 0.3320 0.0375 0.3400 0.0338 0.3460 0.0362 0.3700 0.0462 0.3700 0.0725 0.3480 0.0887 0.3420 0.0912 0.3380 0.0912 0.3200 0.0963 0.3080 0.1150 0.3040 0.1388 0.3220 0.1588 0.3520 0.1837 0.3800 0.1888 0.3820 0.2013 0.3740 0.2250 0.3480 0.2225 0.2280
0 0.1412 0.1960 0.1350 0.1860 0.1113 0.1720 0.0712 0.1720 0.0488 0.1900 0.0338 0.2160 0.0000 0.2520 0.0000 0.3840 0.0300 0.3720 0.0300 0.3460 0.0350 0.3380 0.0450 0.3300 0.0550 0.3280 0.0638 0.3180 0.0813 0.3060 0.0887 0.2900 0.0838 0.2720 0.0862 0.2540 0.0950 0.2440 0.1062 0.2420 0.1113 0.2360 0.1325 0.2280 0.1400 0.2160 0.1425 0.2040
0 0.3588 0.0040 0.3000 0.0040 0.2838 0.0180 0.2650 0.0480 0.2338 0.1640 0.2250 0.2220 0.2250 0.3120 0.2300 0.3880 0.2350 0.4100 0.2437 0.4040 0.2500 0.3900 0.2550 0.3120 0.2662 0.3200 0.2775 0.3440 0.3000 0.3680 0.3375 0.3860 0.3488 0.3860 0.3550 0.3720 0.3450 0.3080 0.3425 0.2620 0.3488 0.2480 0.3650 0.2820 0.3700 0.2800 0.3713 0.2440 0.3550 0.2160 0.3550 0.2080 0.3700 0.1700 0.3837 0.0800 0.3825 0.0520 0.3750 0.0260
0 0.6075 0.1560 0.5875 0.1300 0.5725 0.1240 0.5525 0.1260 0.5288 0.1400 0.5025 0.1740 0.4700 0.2020 0.4475 0.2140 0.4313 0.2140 0.4100 0.2240 0.3912 0.2520 0.3850 0.2760 0.3725 0.2900 0.3600 0.3300 0.3588 0.3720 0.3513 0.3920 0.3525 0.4020 0.3725 0.4340 0.3862 0.4280 0.4200 0.4260 0.4537 0.4060 0.4650 0.3900 0.4688 0.3540 0.4850 0.3060 0.5000 0.2840 0.5663 0.2400 0.5938 0.1980 0.6075 0.1940 0.6112 0.1840
0 0.4850 0.3120 0.4713 0.3560 0.4675 0.3980 0.4512 0.4320 0.4350 0.4960 0.4350 0.5340 0.4525 0.5240 0.4700 0.4740 0.4738 0.5260 0.4825 0.5300 0.5025 0.4820 0.5225 0.4700 0.5463 0.5080 0.6088 0.5700 0.6038 0.6140 0.6225 0.6520 0.6500 0.6520 0.6538 0.6620 0.6850 0.6560 0.7837 0.7480 0.8100 0.7420 0.8037 0.6840 0.8100 0.6540 0.8250 0.6680 0.8450 0.6680 0.8363 0.6020 0.7875 0.5080 0.6525 0.3260 0.6075 0.2940 0.5513 0.2700 0.5112 0.2800
0 0.5525 0.2580 0.5513 0.2640 0.6275 0.3020 0.6600 0.3300 0.7775 0.4860 0.8250 0.5700 0.8413 0.5700 0.8725 0.5260 0.8762 0.5340 0.8800 0.5280 0.8762 0.4780 0.8525 0.4040 0.8263 0.3620 0.7925 0.3260 0.6813 0.2540 0.6412 0.2400 0.6262 0.2140 0.6038 0.2000 0.5913 0.2060 0.5737 0.2400
0 0.6238 0.1520 0.6188 0.1980 0.6412 0.2360 0.6863 0.2540 0.8025 0.3320 0.8263 0.3580 0.8550 0.4040 0.8800 0.4880 0.8838 0.4900 0.8888 0.4620 0.9000 0.4340 0.9062 0.3760 0.8988 0.3440 0.8812 0.3180 0.7987 0.2460 0.6950 0.1940 0.6587 0.1660 0.6550 0.1240 0.6375 0.1300
