0 0.4825 0.1360 0.4863 0.2040 0.4838 0.2420 0.4850 0.2940 0.5162 0.2920 0.5413 0.2680 0.5500 0.2660 0.5813 0.3080 0.5900 0.3560 0.6025 0.3460 0.6050 0.3300 0.6038 0.3060 0.6062 0.3020 0.6150 0.3380 0.6188 0.3440 0.6262 0.3380 0.6300 0.3040 0.6225 0.2820 0.6225 0.2460 0.6188 0.2300 0.6238 0.1860 0.6188 0.1620 0.6038 0.1360 0.5887 0.1240 0.5537 0.1140 0.5162 0.1180 0.5162 0.1280 0.5225 0.1440 0.5200 0.1500 0.5088 0.1300 0.5012 0.1260 0.4900 0.1280
0 0.7688 0.1800 0.7750 0.1880 0.8050 0.1760 0.8337 0.1760 0.8612 0.1900 0.8912 0.1780 0.9225 0.1760 0.9263 0.1720 0.9325 0.1480 0.9425 0.1360 0.9487 0.1360 0.9688 0.1480 0.9900 0.1760 0.9988 0.1660 0.9988 0.1380 0.9850 0.1180 0.9600 0.1060 0.9437 0.1040 0.9300 0.1080 0.9225 0.0980 0.9187 0.0980 0.9125 0.1060 0.8862 0.1080 0.8562 0.0940 0.8387 0.0940 0.8313 0.0980 0.8125 0.1240 0.8013 0.1260 0.7825 0.1440 0.7700 0.1640
0 0.6412 0.3780 0.6562 0.3940 0.7538 0.3880 0.8087 0.4600 0.8512 0.5020 0.8912 0.5280 0.8838 0.5400 0.8550 0.5400 0.8350 0.5520 0.8387 0.5640 0.8550 0.5740 0.9225 0.5820 0.9313 0.5640 0.9663 0.5760 0.9725 0.5660 0.9988 0.5600 0.9988 0.4120 0.9363 0.3420 0.8263 0.2780 0.7588 0.2280 0.7288 0.1940 0.7238 0.1960 0.7250 0.2100 0.7362 0.2340 0.7150 0.2580 0.6963 0.2580 0.6913 0.2720 0.7125 0.3380 0.6963 0.3540
0 0.9988 0.6440 0.9738 0.6200 0.9475 0.6080 0.8875 0.6120 0.8925 0.6880 0.8337 0.7540 0.7738 0.8840 0.7412 0.8780 0.6775 0.8400 0.6500 0.7880 0.6238 0.7660 0.6112 0.7660 0.6025 0.7840 0.6150 0.8260 0.6562 0.8960 0.7150 0.9640 0.7150 0.9980 0.9275 0.9980 0.9988 0.8380
0 0.7700 0.4720 0.7438 0.4260 0.7188 0.4100 0.6600 0.4160 0.6262 0.4400 0.5637 0.4300 0.5663 0.4580 0.6000 0.4760 0.5675 0.5000 0.5363 0.5420 0.5012 0.5480 0.4662 0.5780 0.4487 0.6120 0.4375 0.6680 0.3675 0.7520 0.3825 0.7740 0.3625 0.8220 0.3800 0.8440 0.4825 0.8240 0.4913 0.8040 0.5475 0.7440 0.6600 0.6620 0.6825 0.6360 0.7150 0.5020 0.7025 0.4600 0.7087 0.4220 0.7163 0.4180 0.7362 0.4460 0.7625 0.5460 0.7688 0.5260
0 0.8875 0.6080 0.7675 0.5600 0.7338 0.4500 0.7125 0.4280 0.7063 0.4620 0.7175 0.4920 0.6950 0.6180 0.6750 0.6540 0.5513 0.7460 0.4800 0.8320 0.3825 0.8520 0.3225 0.8000 0.3088 0.8460 0.3250 0.8740 0.3912 0.9260 0.4175 0.9980 0.6875 0.9940 0.7075 0.9600 0.6538 0.8960 0.6100 0.8200 0.6000 0.7760 0.6238 0.7620 0.6887 0.8440 0.7725 0.8740 0.8263 0.7600 0.8862 0.6880
0 0.1575 0.7140 0.1575 0.7280 0.1675 0.7600 0.2112 0.8300 0.2162 0.8440 0.2175 0.8940 0.2300 0.9980 0.4062 0.9980 0.3950 0.9480 0.3738 0.9160 0.3400 0.8920 0.2825 0.8720 0.2762 0.8600 0.2712 0.8280 0.2238 0.7800 0.1963 0.7280 0.1725 0.7120
0 0.2662 0.0040 0.2650 0.0000 0.2475 0.0000 0.2462 0.0040 0.2238 0.0040 0.1988 0.0100 0.1663 0.0240 0.1062 0.0380 0.0875 0.0480 0.0813 0.0480 0.0675 0.0580 0.1100 0.0620 0.1487 0.0820 0.1675 0.0760 0.1963 0.0780 0.2112 0.0880 0.2200 0.1020 0.2437 0.1220 0.2487 0.1140 0.2462 0.0640 0.2525 0.0340 0.2512 0.0280 0.2612 0.0200
0 0.8113 0.0540 0.8075 0.0480 0.7987 0.0440 0.7425 0.0360 0.7188 0.0420 0.6937 0.0560 0.6725 0.0780 0.6562 0.1060 0.6462 0.1400 0.6462 0.1780 0.6550 0.2000 0.6787 0.2200 0.7200 0.2200 0.7225 0.2160 0.7225 0.2040 0.7188 0.1960 0.7200 0.1820 0.7588 0.2200 0.7688 0.2020 0.7662 0.1880 0.7612 0.1780 0.7650 0.1660 0.7837 0.1380 0.7950 0.1260 0.8100 0.1200 0.8175 0.1080 0.8150 0.0700
0 0.4037 0.0380 0.4037 0.0460 0.4125 0.0700 0.4188 0.0780 0.4263 0.0720 0.4363 0.0700 0.4425 0.0780 0.4537 0.0780 0.4800 0.0900 0.4975 0.0900 0.5050 0.0940 0.5162 0.1140 0.5363 0.1140 0.5550 0.1100 0.5312 0.0620 0.5050 0.0360 0.4813 0.0000 0.4188 0.0000 0.4213 0.0080 0.4313 0.0240 0.4275 0.0280 0.4250 0.0260 0.4100 0.0280
0 0.2500 0.1060 0.2562 0.1220 0.2675 0.1280 0.2825 0.1600 0.2913 0.1560 0.2863 0.1280 0.2900 0.1220 0.2988 0.1220 0.3063 0.1160 0.3100 0.1300 0.3088 0.1660 0.3137 0.1700 0.3237 0.1580 0.3262 0.1300 0.3237 0.0900 0.3275 0.0840 0.3525 0.1060 0.3950 0.1040 0.4150 0.0840 0.4150 0.0780 0.4025 0.0500 0.4025 0.0320 0.4088 0.0240 0.4275 0.0200 0.4138 0.0000 0.2750 0.0000 0.2525 0.0380 0.2475 0.0680
0 0.0000 0.4920 0.0000 0.6300 0.0225 0.6580 0.0887 0.6900 0.1150 0.6880 0.1600 0.6660 0.2225 0.6680 0.2500 0.6880 0.2875 0.7600 0.3125 0.7760 0.3412 0.7640 0.3812 0.7240 0.4075 0.6280 0.3837 0.5640 0.3287 0.5200 0.2825 0.5140 0.2550 0.5280 0.2137 0.5040 0.1388 0.4960 0.1350 0.4900 0.1525 0.4540 0.1487 0.4440 0.1175 0.4640 0.0488 0.4540
0 0.4863 0.0000 0.4888 0.0080 0.5062 0.0340 0.5275 0.0540 0.5600 0.1100 0.5900 0.1200 0.6112 0.1380 0.6425 0.1420 0.6575 0.0980 0.6825 0.0640 0.6825 0.0560 0.6700 0.0240 0.6600 0.0080 0.6500 0.0040 0.6488 0.0000
0 0.6550 0.0000 0.6675 0.0160 0.6850 0.0580 0.7288 0.0360 0.7712 0.0360 0.8087 0.0460 0.8150 0.0600 0.8163 0.0780 0.8237 0.0980 0.8413 0.0900 0.8538 0.0900 0.8588 0.0820 0.8575 0.0660 0.8488 0.0520 0.8387 0.0460 0.8263 0.0260 0.8137 0.0140 0.7750 0.0140 0.7362 0.0040 0.7350 0.0000
0 0.0213 0.1040 0.0075 0.1700 0.0125 0.2420 0.0350 0.2900 0.0512 0.3820 0.0575 0.3820 0.0550 0.2820 0.0600 0.2780 0.1025 0.3240 0.1487 0.3400 0.1525 0.3740 0.1775 0.4480 0.1812 0.4880 0.1900 0.4880 0.1963 0.4760 0.1988 0.3860 0.2075 0.3800 0.2387 0.4320 0.2650 0.4540 0.2825 0.4580 0.2913 0.4120 0.3225 0.3600 0.3287 0.3180 0.3200 0.3020 0.2988 0.3000 0.2550 0.1940 0.2325 0.1600 0.2025 0.1420 0.1512 0.0860 0.1062 0.0640 0.0625 0.0660
0 0.3063 0.7760 0.2863 0.7640 0.2475 0.6900 0.2175 0.6700 0.1588 0.6700 0.1075 0.6960 0.0750 0.6920 0.0525 0.7000 0.0475 0.7080 0.0525 0.7200 0.0912 0.7380 0.1050 0.7660 0.1087 0.7900 0.0638 0.8380 0.0275 0.8920 0.0000 0.9580 0.0000 0.9980 0.2238 0.9980 0.2150 0.8480 0.1638 0.7560 0.1550 0.7280 0.1600 0.7080 0.1725 0.7080 0.1988 0.7280 0.2300 0.7840 0.2712 0.8240 0.2825 0.8600 0.2913 0.8040
0 0.5000 0.0940 0.4763 0.0920 0.4325 0.0740 0.3875 0.1260 0.3675 0.1840 0.3625 0.2360 0.3262 0.3600 0.2988 0.4040 0.2913 0.4280 0.2850 0.4720 0.2875 0.5080 0.3425 0.5220 0.3750 0.5480 0.3975 0.5760 0.4138 0.5720 0.4263 0.5580 0.4500 0.4920 0.4600 0.4060 0.4575 0.3400 0.4637 0.3380 0.4750 0.3780 0.4850 0.3880 0.4963 0.3800 0.4788 0.3280 0.4850 0.2220 0.4800 0.1360 0.4900 0.1240 0.5125 0.1260 0.5112 0.1120
