0 0.0988 0.0380 0.0938 0.0620 0.0950 0.0720 0.0975 0.0740 0.1300 0.0740 0.1613 0.0840 0.1800 0.0820 0.1938 0.0860 0.2025 0.0920 0.2112 0.1040 0.2188 0.1260 0.2175 0.1400 0.2213 0.1480 0.2412 0.1660 0.2475 0.1640 0.2512 0.1500 0.2350 0.1360 0.2325 0.1280 0.2550 0.1280 0.2575 0.1200 0.2587 0.0900 0.2512 0.0340 0.2213 0.0340 0.2050 0.0260 0.1613 0.0200 0.1525 0.0080 0.1425 0.0060 0.1187 0.0100 0.1087 0.0180
0 0.4975 0.4780 0.4662 0.4240 0.4113 0.3640 0.3937 0.3560 0.3675 0.3560 0.3425 0.3720 0.2850 0.3820 0.2350 0.3800 0.1775 0.4060 0.1300 0.4040 0.1100 0.4180 0.0887 0.4500 0.0737 0.4880 0.0750 0.5660 0.0988 0.5900 0.1325 0.6080 0.2175 0.5960 0.2375 0.4880 0.2500 0.4540 0.2737 0.4280 0.3050 0.4180 0.3300 0.4180 0.3475 0.4320 0.3638 0.4600 0.3887 0.5380 0.4350 0.5360 0.4375 0.5660 0.4487 0.5840 0.4587 0.5360 0.4925 0.5140
0 0.0000 0.6700 0.0000 0.8500 0.0138 0.8520 0.0437 0.8700 0.1050 0.8900 0.1375 0.9300 0.1537 0.9400 0.1575 0.9280 0.1650 0.8500 0.1525 0.8300 0.1487 0.7840 0.1388 0.7380 0.1388 0.7220 0.1225 0.6800 0.0963 0.6680 0.0875 0.6700 0.0838 0.6820 0.0537 0.6700
0 0.3337 0.4240 0.2825 0.4280 0.2512 0.4560 0.1963 0.6920 0.1625 0.6780 0.1237 0.6400 0.1062 0.6460 0.1075 0.6660 0.1225 0.6760 0.1412 0.7180 0.1737 0.7460 0.1725 0.8340 0.1525 0.9540 0.1550 0.9700 0.1688 0.9840 0.1888 0.9900 0.2300 0.9260 0.2400 0.9880 0.2575 0.9920 0.2612 0.9380 0.2550 0.9020 0.3063 0.8500 0.2963 0.9040 0.2925 0.9940 0.3212 0.9980 0.3287 0.9160 0.3613 0.7880 0.3713 0.7100 0.3887 0.6640 0.4075 0.6960 0.4238 0.6900 0.4175 0.6640 0.3937 0.6460 0.3887 0.5520 0.3638 0.4660
0 0.3775 0.8920 0.4075 0.9160 0.6763 0.9900 0.8225 0.9940 0.8500 0.9820 0.9113 0.9200 0.9575 0.8280 0.9225 0.7240 0.8087 0.5960 0.7900 0.5920 0.7812 0.6100 0.8137 0.6540 0.8175 0.7100 0.7612 0.7140 0.6775 0.7580 0.5550 0.7060 0.5425 0.6160 0.5075 0.5580 0.4850 0.6040 0.4813 0.6660 0.4500 0.6500 0.4338 0.6800 0.4387 0.7040 0.4113 0.7020 0.3812 0.7220 0.4175 0.8220 0.4363 0.8300 0.4575 0.8080 0.4675 0.8780 0.3875 0.8720
0 0.4150 0.3540 0.4238 0.3740 0.4900 0.4540 0.5000 0.4760 0.5000 0.5100 0.5100 0.5260 0.5437 0.5440 0.5863 0.5480 0.6625 0.5920 0.7275 0.6000 0.6987 0.6320 0.7238 0.6600 0.7950 0.6520 0.7837 0.6260 0.7850 0.5920 0.7925 0.5820 0.8150 0.5840 0.8337 0.5500 0.8550 0.5320 0.8562 0.5100 0.8638 0.4980 0.8350 0.4520 0.7850 0.4080 0.6275 0.3620 0.4838 0.2900 0.4800 0.3100 0.4625 0.3140 0.4462 0.3320 0.4225 0.3300
0 0.8413 0.5460 0.8187 0.5880 0.8200 0.6080 0.9187 0.7140 0.9337 0.7360 0.9550 0.8140 0.9663 0.8320 0.9487 0.8600 0.9988 0.9160 0.9988 0.6500 0.9387 0.6000 0.9350 0.5900 0.9463 0.5840 0.9537 0.5640 0.9387 0.5560 0.9237 0.5580 0.9087 0.5380 0.9137 0.5240 0.9113 0.5140 0.8962 0.5200 0.8912 0.5340 0.8588 0.5360
0 0.4075 0.0780 0.3900 0.0680 0.3738 0.0800 0.3325 0.0920 0.2875 0.1160 0.2662 0.1360 0.2450 0.1760 0.2362 0.2180 0.2350 0.2540 0.2437 0.2980 0.2575 0.3160 0.2800 0.3280 0.3137 0.3280 0.3337 0.3160 0.3762 0.3160 0.3912 0.3220 0.4050 0.3140 0.4075 0.3000 0.3850 0.2920 0.3663 0.2780 0.3575 0.2640 0.3575 0.2400 0.3688 0.1940 0.4275 0.1980 0.4313 0.1860 0.4238 0.1700 0.4263 0.1500 0.4100 0.1020
0 0.6587 0.0260 0.6625 0.0360 0.6787 0.0420 0.6787 0.0480 0.6713 0.0640 0.6713 0.0860 0.6787 0.0920 0.7013 0.0960 0.7063 0.1000 0.7150 0.0940 0.7150 0.0780 0.7125 0.0720 0.7125 0.0660 0.7150 0.0620 0.7325 0.0600 0.7438 0.0680 0.7550 0.0680 0.7625 0.0620 0.7675 0.0520 0.7712 0.0520 0.7725 0.0560 0.7812 0.0620 0.8063 0.0680 0.8150 0.0600 0.8237 0.0300 0.8225 0.0180 0.8163 0.0000 0.6963 0.0000 0.6950 0.0040 0.6875 0.0060 0.6713 0.0180 0.6625 0.0200
0 0.4313 0.2660 0.4688 0.1840 0.4713 0.1620 0.4813 0.1480 0.5025 0.1560 0.5125 0.1780 0.5275 0.1500 0.5600 0.1300 0.5700 0.1400 0.5800 0.2020 0.5913 0.2020 0.5900 0.1640 0.5938 0.1480 0.6300 0.1420 0.6288 0.0860 0.6338 0.0740 0.6500 0.0840 0.6500 0.0740 0.6000 0.0120 0.5787 0.0000 0.4475 0.0000 0.4150 0.0360 0.4100 0.0740 0.4125 0.1020 0.4363 0.1760 0.4300 0.2020
0 0.6438 0.1460 0.6450 0.1560 0.6562 0.1700 0.6575 0.1820 0.6850 0.1860 0.7000 0.2000 0.7388 0.2640 0.7575 0.2860 0.8225 0.3280 0.8438 0.3340 0.8738 0.3320 0.8875 0.3140 0.8912 0.3020 0.9038 0.2920 0.9125 0.2920 0.9187 0.2780 0.9187 0.2720 0.9075 0.2540 0.8925 0.2480 0.8788 0.2260 0.8350 0.2040 0.8063 0.1760 0.7750 0.1580 0.7688 0.1500 0.7638 0.1300 0.7375 0.1060 0.7200 0.1040 0.6713 0.1200 0.6488 0.1360
0 0.7150 0.0660 0.7200 0.0820 0.7275 0.0860 0.7262 0.0980 0.7288 0.1020 0.7400 0.1040 0.7575 0.1180 0.7688 0.1340 0.7712 0.1480 0.7825 0.1600 0.8163 0.1760 0.8712 0.1820 0.8712 0.1860 0.8625 0.1920 0.8575 0.2020 0.8575 0.2080 0.8625 0.2120 0.8925 0.2120 0.8988 0.1940 0.9125 0.1920 0.9225 0.1800 0.9237 0.1500 0.9187 0.1340 0.9038 0.1120 0.8750 0.0900 0.7762 0.0640 0.7700 0.0540 0.7600 0.0700 0.7450 0.0720 0.7350 0.0640
0 0.1462 0.2720 0.1138 0.2340 0.0762 0.2140 0.0437 0.2040 0.0000 0.2060 0.0000 0.3560 0.0163 0.3700 0.0312 0.3680 0.0362 0.3620 0.0387 0.3660 0.0375 0.3760 0.0300 0.3900 0.0000 0.4320 0.0000 0.4420 0.0125 0.4380 0.0312 0.4420 0.0462 0.4340 0.0600 0.4120 0.0825 0.3880 0.0900 0.3720 0.1250 0.3460 0.1363 0.3260 0.1375 0.2880
0 0.0000 0.1180 0.0000 0.1520 0.0075 0.1580 0.0088 0.1640 0.0138 0.1620 0.0225 0.1760 0.0175 0.1780 0.0163 0.1940 0.0200 0.1980 0.0437 0.1940 0.0600 0.1800 0.0912 0.1940 0.1562 0.1900 0.1663 0.2120 0.1650 0.2360 0.1688 0.2420 0.1737 0.2420 0.1812 0.2260 0.1900 0.2200 0.1938 0.1900 0.2100 0.1680 0.2150 0.1360 0.2125 0.1120 0.1988 0.0920 0.1850 0.0860 0.1537 0.0860 0.1250 0.0760 0.0775 0.0800 0.0600 0.0720 0.0462 0.0740 0.0288 0.0860
