0 0.7362 0.1320 0.7150 0.1500 0.6488 0.1600 0.6188 0.1700 0.5750 0.1980 0.5525 0.2020 0.5325 0.2340 0.5188 0.2340 0.5125 0.2400 0.5112 0.2460 0.5175 0.2580 0.5300 0.2640 0.5288 0.2740 0.5138 0.3000 0.5138 0.3060 0.5250 0.3200 0.5663 0.3160 0.5962 0.3060 0.6038 0.3600 0.6088 0.3620 0.6200 0.3480 0.6200 0.3260 0.6587 0.2740 0.6825 0.2740 0.7175 0.2620 0.7288 0.1660
0 0.8187 0.1140 0.8175 0.1220 0.8213 0.1340 0.8213 0.1460 0.8387 0.2180 0.8387 0.2720 0.8462 0.2800 0.8475 0.2880 0.8638 0.3180 0.8725 0.3260 0.9100 0.3760 0.9225 0.3780 0.9275 0.3680 0.9263 0.3400 0.9363 0.3120 0.9400 0.2940 0.9450 0.2840 0.9450 0.2780 0.9363 0.2700 0.9150 0.2300 0.8825 0.1800 0.8525 0.1400 0.8300 0.1180
0 0.6150 0.7400 0.6188 0.7600 0.6512 0.7720 0.6412 0.8080 0.6062 0.8660 0.6325 0.8900 0.6650 0.8900 0.7000 0.9100 0.7362 0.9060 0.8000 0.9240 0.8387 0.9200 0.8612 0.9320 0.8775 0.9540 0.9263 0.9760 0.9625 0.9780 0.9988 0.9600 0.9988 0.7040 0.7913 0.6520 0.7500 0.6680 0.7100 0.7080 0.6900 0.6980 0.6663 0.7020
0 0.6000 0.3760 0.6062 0.3960 0.6338 0.4020 0.6375 0.4520 0.6512 0.4920 0.6475 0.5400 0.6538 0.5560 0.6700 0.5400 0.6763 0.4780 0.6863 0.4660 0.7100 0.5060 0.7600 0.5480 0.7937 0.5540 0.8163 0.6140 0.8200 0.6520 0.8450 0.6640 0.8700 0.6640 0.8650 0.6280 0.8875 0.5980 0.9125 0.5320 0.9137 0.4840 0.9300 0.4600 0.9287 0.4460 0.9200 0.4540 0.9100 0.4480 0.8988 0.4100 0.8738 0.3680 0.7913 0.2820 0.7562 0.2640 0.6575 0.2800 0.6412 0.3060 0.6338 0.3480
0 0.3513 0.3540 0.3387 0.3260 0.3187 0.3080 0.3212 0.2760 0.3100 0.2640 0.3088 0.2360 0.2712 0.2320 0.2612 0.2520 0.2662 0.2640 0.2600 0.2700 0.2238 0.2720 0.1412 0.3280 0.0950 0.3400 0.0575 0.3640 0.0238 0.3600 0.0000 0.3700 0.0000 0.5180 0.0300 0.5120 0.0663 0.4820 0.1450 0.4760 0.2000 0.4320 0.2250 0.4280 0.2625 0.4100 0.2988 0.3720 0.3088 0.3820 0.3225 0.3840 0.3488 0.3700
0 0.7212 0.1020 0.7137 0.1000 0.6975 0.0780 0.6813 0.0720 0.6587 0.0760 0.6412 0.0940 0.5900 0.0960 0.5663 0.0920 0.5200 0.1060 0.5100 0.1180 0.5012 0.1180 0.4913 0.1300 0.4838 0.1580 0.4875 0.1680 0.4788 0.1840 0.4813 0.1940 0.4888 0.2020 0.5363 0.2180 0.5537 0.1980 0.5725 0.1960 0.6162 0.1680 0.6512 0.1560 0.7137 0.1460 0.7188 0.1400
0 0.3775 0.0400 0.3787 0.0460 0.4000 0.0460 0.4150 0.0560 0.4062 0.0700 0.3962 0.0780 0.3925 0.0900 0.4075 0.0920 0.4250 0.0780 0.4575 0.0680 0.4750 0.0900 0.4988 0.1060 0.5000 0.1100 0.4925 0.1160 0.5062 0.1140 0.5088 0.1080 0.5225 0.1000 0.5613 0.0900 0.5962 0.0900 0.5950 0.0580 0.5863 0.0380 0.5637 0.0240 0.5525 0.0240 0.5225 0.0000 0.4025 0.0000
0 0.5800 0.7900 0.5025 0.7300 0.4437 0.7140 0.3837 0.7180 0.2838 0.7500 0.1787 0.7680 0.1512 0.7880 0.1187 0.8360 0.0900 0.8080 0.0475 0.8420 0.0712 0.8780 0.0612 0.9020 0.0663 0.9400 0.0600 0.9940 0.5100 0.9940 0.5275 0.9620 0.5525 0.9380 0.5737 0.8960 0.5800 0.8620
0 0.8975 0.1300 0.8950 0.1340 0.8950 0.1420 0.8988 0.1500 0.9350 0.1900 0.9563 0.2220 0.9650 0.2280 0.9800 0.2520 0.9850 0.2760 0.9862 0.2980 0.9938 0.3120 0.9988 0.3140 0.9988 0.2000 0.9688 0.1740 0.9575 0.1620 0.9487 0.1480 0.9437 0.1280 0.9437 0.1120 0.9387 0.1000 0.9325 0.1080 0.9313 0.1160 0.9275 0.1220 0.9113 0.1220
0 0.0000 0.1700 0.0612 0.1880 0.1138 0.1880 0.1275 0.1820 0.1388 0.1820 0.1613 0.1660 0.1750 0.1420 0.1850 0.1380 0.1975 0.1240 0.2050 0.1220 0.2100 0.1060 0.2037 0.1040 0.1913 0.1100 0.1862 0.1020 0.1650 0.0960 0.1588 0.0860 0.1475 0.0800 0.0712 0.0760 0.0450 0.0820 0.0288 0.0780 0.0213 0.0720 0.0000 0.0720
0 0.8438 0.1180 0.8413 0.1220 0.8425 0.1280 0.8762 0.1680 0.9275 0.2480 0.9387 0.2700 0.9475 0.2760 0.9475 0.2820 0.9413 0.2940 0.9275 0.3440 0.9287 0.3760 0.9337 0.3800 0.9375 0.3780 0.9575 0.3400 0.9613 0.3400 0.9800 0.3220 0.9838 0.3000 0.9838 0.2820 0.9788 0.2540 0.9675 0.2340 0.9550 0.2240 0.9363 0.1940 0.8988 0.1540 0.8800 0.1280 0.8600 0.1160
0 0.7362 0.1160 0.7400 0.1300 0.7312 0.1640 0.7300 0.1880 0.7250 0.2120 0.7200 0.2620 0.7412 0.2580 0.7675 0.2640 0.7913 0.2780 0.8287 0.3160 0.8363 0.2780 0.8387 0.2320 0.8337 0.2000 0.8237 0.1680 0.8150 0.1140 0.8063 0.1040 0.7812 0.0960 0.7512 0.1020
0 0.2375 0.5720 0.2275 0.5580 0.2075 0.5520 0.1688 0.5280 0.1388 0.5260 0.1237 0.5140 0.1037 0.4860 0.0950 0.4820 0.0675 0.4860 0.0437 0.5100 0.0187 0.5220 0.0000 0.5240 0.0000 0.7320 0.0762 0.6860 0.1412 0.6720 0.1450 0.6780 0.1388 0.7160 0.1462 0.7240 0.1750 0.6980 0.1737 0.6640 0.2000 0.6240 0.2375 0.5940
