0 0.9463 0.1140 0.9325 0.0840 0.9250 0.0540 0.9163 0.0380 0.8975 0.0240 0.8438 0.0280 0.8087 0.0500 0.7913 0.0660 0.7712 0.0720 0.7725 0.0940 0.7762 0.1020 0.7762 0.1100 0.7738 0.1140 0.7625 0.1180 0.7550 0.1280 0.7625 0.1400 0.7750 0.1480 0.8137 0.1540 0.8225 0.1320 0.8300 0.1220 0.8438 0.1120 0.8600 0.1100 0.8712 0.1020 0.9050 0.1040 0.9237 0.1200 0.9313 0.1220 0.9350 0.1180 0.9463 0.1200
0 0.5150 0.4100 0.5337 0.4720 0.5563 0.5080 0.5813 0.5720 0.6000 0.6680 0.6300 0.7160 0.6375 0.7180 0.6488 0.6620 0.6663 0.6280 0.6925 0.6260 0.7100 0.6620 0.7225 0.7320 0.7750 0.7760 0.8150 0.7640 0.8625 0.7820 0.8575 0.8200 0.8375 0.8800 0.8875 0.8760 0.9275 0.8240 0.9263 0.7680 0.9038 0.6840 0.8688 0.6160 0.8250 0.5660 0.6188 0.4140 0.5587 0.3800 0.5375 0.3800
0 0.8600 0.7840 0.8225 0.7700 0.7987 0.7700 0.7750 0.7820 0.7188 0.7320 0.7137 0.6840 0.6975 0.6340 0.6700 0.6280 0.6438 0.6820 0.6412 0.7240 0.6512 0.7840 0.6775 0.7880 0.6775 0.7960 0.6312 0.8360 0.5563 0.8720 0.4512 0.9980 0.7338 0.9980 0.7575 0.9480 0.7712 0.8940 0.8113 0.8920 0.8413 0.8580
0 0.5587 0.3640 0.5637 0.3780 0.6987 0.4660 0.8263 0.5640 0.8888 0.6440 0.9200 0.7260 0.9350 0.7200 0.9425 0.7000 0.9637 0.6840 0.9650 0.6380 0.9575 0.5940 0.9425 0.5520 0.9275 0.5280 0.8875 0.5060 0.8438 0.4520 0.7875 0.4180 0.7025 0.3240 0.6725 0.3200 0.6512 0.3300 0.6138 0.3280 0.5950 0.3140 0.5787 0.3280
0 0.4525 0.2780 0.4537 0.2900 0.4650 0.2960 0.4838 0.3220 0.5200 0.3440 0.5600 0.3540 0.5737 0.3280 0.5950 0.3080 0.6100 0.3220 0.6400 0.3260 0.6913 0.3160 0.7125 0.3280 0.7350 0.3580 0.7825 0.3540 0.7887 0.3660 0.8200 0.3880 0.8237 0.3860 0.8237 0.3680 0.8137 0.3400 0.8612 0.3220 0.8500 0.2800 0.8300 0.2600 0.8063 0.2620 0.7750 0.2400 0.7388 0.2020 0.7087 0.2000 0.6813 0.2120 0.5775 0.2060 0.5225 0.1760 0.4950 0.1840 0.4688 0.2060 0.4600 0.2300
0 0.4637 0.0320 0.4100 0.0000 0.3638 0.0000 0.3262 0.0320 0.2812 0.1100 0.2687 0.1700 0.2700 0.2400 0.3025 0.4240 0.3200 0.4160 0.3113 0.3140 0.3150 0.2860 0.3362 0.2900 0.3300 0.3140 0.3250 0.4100 0.3387 0.4200 0.3463 0.4120 0.3513 0.3540 0.3613 0.3200 0.3850 0.2820 0.4025 0.2360 0.4225 0.2140 0.4275 0.2180 0.4275 0.2760 0.4188 0.3180 0.4375 0.3200 0.4650 0.2000 0.4913 0.1800 0.4975 0.1380 0.5200 0.1420 0.5088 0.0980 0.4888 0.0820
0 0.0612 0.0640 0.0625 0.0760 0.0675 0.0780 0.0712 0.0860 0.0712 0.0980 0.0688 0.1060 0.0550 0.1180 0.0550 0.1260 0.0800 0.1340 0.0938 0.1520 0.1288 0.1440 0.1363 0.1580 0.1388 0.1780 0.1750 0.2160 0.1837 0.2300 0.2087 0.1960 0.2275 0.1780 0.2662 0.1780 0.2637 0.1640 0.2512 0.1440 0.2275 0.1280 0.2050 0.1020 0.2087 0.0960 0.2162 0.0960 0.2238 0.0840 0.1850 0.0720 0.1537 0.0440 0.1250 0.0400 0.0988 0.0560 0.0675 0.0580
0 0.1263 0.1460 0.0950 0.1600 0.0663 0.2160 0.0187 0.2900 0.0000 0.3280 0.0000 0.5140 0.0187 0.5260 0.0375 0.5240 0.0437 0.5300 0.0537 0.5260 0.0625 0.4740 0.0950 0.3740 0.1175 0.3380 0.1537 0.3100 0.1625 0.2920 0.1737 0.2820 0.1800 0.2460 0.1787 0.2280 0.1313 0.1760 0.1338 0.1620
0 0.0800 0.1440 0.0700 0.1340 0.0587 0.1300 0.0400 0.1320 0.0288 0.1380 0.0163 0.1560 0.0063 0.1840 0.0025 0.2000 0.0000 0.2020 0.0000 0.3220 0.0187 0.2860 0.0625 0.2200 0.0700 0.2000 0.0887 0.1660 0.0862 0.1540
0 0.0788 0.0300 0.0813 0.0340 0.1100 0.0360 0.1775 0.0340 0.2200 0.0380 0.2238 0.0420 0.2238 0.0520 0.2263 0.0540 0.2675 0.0520 0.2725 0.0320 0.2875 0.0300 0.3000 0.0220 0.3063 0.0100 0.3063 0.0000 0.0875 0.0000 0.0875 0.0060 0.0788 0.0200
0 0.6300 0.0980 0.6300 0.1540 0.6338 0.1720 0.6488 0.2060 0.6775 0.2080 0.7087 0.1960 0.7312 0.1960 0.7650 0.2180 0.7875 0.2120 0.8063 0.1960 0.8163 0.1640 0.8087 0.1580 0.7775 0.1540 0.7525 0.1360 0.7475 0.1280 0.7500 0.1200 0.7738 0.1100 0.7750 0.1040 0.7700 0.0940 0.7612 0.0920 0.7488 0.1020 0.7475 0.1180 0.7462 0.1020 0.7412 0.0960 0.7412 0.0800 0.7462 0.0760 0.7550 0.0860 0.7662 0.0880 0.7688 0.0840 0.7675 0.0740 0.7300 0.0300 0.7025 0.0180 0.6887 0.0200 0.6700 0.0340 0.6438 0.0700
0 0.8250 0.1320 0.8175 0.1520 0.8200 0.1660 0.8075 0.2020 0.7963 0.2140 0.7937 0.2380 0.7963 0.2460 0.8100 0.2600 0.8225 0.2520 0.8313 0.2540 0.8500 0.2740 0.8562 0.2960 0.8638 0.2880 0.8800 0.2960 0.9187 0.3300 0.9225 0.3240 0.9237 0.3100 0.9413 0.3220 0.9463 0.3160 0.9437 0.3060 0.9087 0.2420 0.9137 0.2300 0.9225 0.2220 0.9237 0.2120 0.9575 0.2180 0.9775 0.2460 0.9850 0.2500 0.9988 0.2340 0.9862 0.2140 0.9637 0.2000 0.9487 0.1760 0.9375 0.1440 0.9225 0.1220 0.9087 0.1100 0.8800 0.1040 0.8662 0.1120 0.8475 0.1140
0 0.5437 0.0300 0.5437 0.0380 0.5425 0.0400 0.5437 0.0420 0.5437 0.0580 0.5475 0.0720 0.5513 0.0780 0.5587 0.0780 0.5637 0.0740 0.5687 0.0840 0.5800 0.1000 0.5813 0.1060 0.5900 0.1160 0.5988 0.1120 0.6025 0.1020 0.6088 0.0920 0.6225 0.0800 0.6300 0.0640 0.6312 0.0580 0.6300 0.0260 0.6288 0.0240 0.6262 0.0000 0.5575 0.0000 0.5550 0.0080 0.5463 0.0220
0 0.9250 0.0000 0.9250 0.0040 0.9225 0.0120 0.9150 0.0260 0.9150 0.0340 0.9163 0.0340 0.9263 0.0520 0.9350 0.0860 0.9400 0.0940 0.9513 0.1200 0.9513 0.1280 0.9600 0.1360 0.9675 0.1360 0.9700 0.1340 0.9788 0.1180 0.9800 0.1040 0.9812 0.1020 0.9812 0.0940 0.9825 0.0920 0.9825 0.0580 0.9775 0.0400 0.9750 0.0360 0.9712 0.0240 0.9712 0.0080 0.9675 0.0000
0 0.7325 0.0280 0.7412 0.0400 0.7612 0.0600 0.7750 0.0660 0.7825 0.0660 0.7950 0.0600 0.8100 0.0460 0.8413 0.0260 0.8588 0.0240 0.8600 0.0220 0.8612 0.0240 0.8738 0.0220 0.8762 0.0200 0.8762 0.0040 0.8750 0.0000 0.7388 0.0000 0.7338 0.0160
