0 0.9988 0.6900 0.9275 0.6820 0.8325 0.6940 0.7750 0.6900 0.7163 0.7040 0.6488 0.7020 0.6325 0.7140 0.6400 0.7480 0.6312 0.7780 0.6562 0.7920 0.6275 0.8460 0.6562 0.8480 0.6950 0.8660 0.7788 0.9300 0.8137 0.9280 0.8200 0.9840 0.8325 0.9980 0.8550 0.9980 0.8725 0.9440 0.9250 0.9800 0.9988 0.9880
0 0.7488 0.0960 0.7500 0.1200 0.7475 0.1320 0.7500 0.1400 0.7725 0.1700 0.7937 0.1620 0.8075 0.1500 0.8300 0.1440 0.8363 0.1380 0.8438 0.1180 0.8588 0.1100 0.8750 0.1140 0.9038 0.1340 0.9087 0.1340 0.9113 0.1300 0.9175 0.1320 0.9313 0.1460 0.9525 0.1400 0.9550 0.1340 0.9513 0.1140 0.9325 0.0860 0.9075 0.0720 0.8925 0.0720 0.8762 0.0660 0.8438 0.0660 0.8337 0.0700 0.7963 0.0660 0.7750 0.0820 0.7562 0.0820
0 0.4975 0.0640 0.4950 0.0700 0.4975 0.1000 0.5038 0.1140 0.5150 0.1700 0.5075 0.1860 0.4913 0.2040 0.4675 0.2200 0.4587 0.2360 0.4612 0.2480 0.4662 0.2540 0.4913 0.2460 0.5300 0.2500 0.5413 0.2860 0.5463 0.3180 0.5913 0.2880 0.6312 0.2900 0.6238 0.2680 0.6250 0.2300 0.6200 0.1900 0.6238 0.1320 0.6200 0.1160 0.6100 0.0960 0.5950 0.0780 0.5450 0.0440 0.5212 0.0440
0 0.4238 0.0260 0.4037 0.0080 0.3787 0.0100 0.3638 0.0280 0.3575 0.0520 0.3525 0.0600 0.3425 0.0700 0.3250 0.0720 0.3150 0.0800 0.3050 0.0960 0.2963 0.1200 0.2875 0.1680 0.2875 0.1900 0.2913 0.1940 0.2988 0.1840 0.3063 0.1920 0.3175 0.1960 0.3375 0.1520 0.3475 0.1360 0.3713 0.1160 0.4075 0.0980 0.4275 0.0760 0.4338 0.0660 0.4338 0.0600
0 0.4700 0.0100 0.4625 0.0040 0.4550 0.0080 0.4525 0.0340 0.4450 0.0420 0.4387 0.0640 0.4163 0.0940 0.3663 0.1220 0.3400 0.1500 0.3212 0.1920 0.3137 0.2280 0.3175 0.2600 0.3287 0.2840 0.3362 0.2900 0.3812 0.2900 0.3887 0.2860 0.3912 0.3040 0.4012 0.3040 0.4225 0.2640 0.4500 0.2380 0.4713 0.2080 0.4850 0.1800 0.5000 0.1700 0.5038 0.1520 0.5025 0.1280 0.4950 0.1080 0.4775 0.0280
0 0.2437 0.0060 0.2400 0.0000 0.1487 0.0000 0.1150 0.0420 0.0550 0.1420 0.0437 0.1980 0.0088 0.2900 0.0037 0.3620 0.0225 0.3480 0.0387 0.3520 0.0563 0.3220 0.0988 0.3020 0.1487 0.3320 0.1500 0.4080 0.1575 0.4080 0.1625 0.3740 0.1575 0.3560 0.1537 0.2280 0.1850 0.2000 0.1888 0.2600 0.1988 0.2540 0.2037 0.2260 0.2025 0.1680 0.2213 0.1260 0.2300 0.1520 0.2400 0.2500 0.2475 0.2600 0.2525 0.2520 0.2512 0.1440 0.2575 0.1020
0 0.0988 0.3060 0.0638 0.3200 0.0488 0.3380 0.0400 0.3720 0.0250 0.4800 0.0225 0.5900 0.0275 0.6300 0.0238 0.6820 0.0375 0.7440 0.0488 0.7660 0.0612 0.7780 0.0663 0.7720 0.0813 0.6800 0.0938 0.6280 0.1400 0.4960 0.1363 0.4840 0.1363 0.4580 0.1412 0.4260 0.1412 0.3580 0.1462 0.3520 0.1450 0.3380
0 0.2075 0.4060 0.2013 0.4140 0.1975 0.4520 0.1850 0.4680 0.1487 0.4900 0.1313 0.5200 0.1075 0.5880 0.0825 0.6860 0.0525 0.8960 0.0375 0.9580 0.0362 0.9980 0.2437 0.9980 0.2300 0.9220 0.2537 0.8220 0.2675 0.8600 0.2787 0.8520 0.2838 0.8260 0.2800 0.7460 0.2875 0.6940 0.2863 0.6280 0.2712 0.5300 0.2525 0.4920 0.2162 0.4580 0.2150 0.4200
0 0.6950 0.2700 0.6625 0.2580 0.6488 0.2720 0.6488 0.2940 0.6412 0.3020 0.6112 0.2920 0.5787 0.2980 0.5437 0.3340 0.5387 0.3640 0.5325 0.3740 0.4925 0.3960 0.4600 0.4440 0.4150 0.4620 0.4062 0.4560 0.3887 0.4600 0.3812 0.5000 0.3925 0.5520 0.4037 0.5680 0.4113 0.6180 0.4238 0.6380 0.4400 0.6500 0.4913 0.6600 0.5225 0.6480 0.5813 0.5900 0.6100 0.5400 0.6362 0.4480 0.6700 0.4000 0.6737 0.4080 0.6937 0.4140 0.7050 0.4080 0.7163 0.3840 0.7087 0.3620 0.6863 0.3520 0.6787 0.3120 0.6913 0.2940
0 0.9137 0.4020 0.8975 0.3740 0.8538 0.3460 0.8050 0.3440 0.7762 0.3260 0.7538 0.3280 0.7525 0.3520 0.7775 0.3720 0.7987 0.3760 0.7662 0.3920 0.7100 0.4440 0.6825 0.4520 0.6250 0.4980 0.6225 0.5280 0.6375 0.5320 0.6625 0.5200 0.6650 0.5340 0.6575 0.5620 0.6150 0.6540 0.6150 0.6740 0.6262 0.6940 0.7188 0.6940 0.7625 0.6780 0.7788 0.6820 0.7662 0.6340 0.7738 0.6040 0.7913 0.5900 0.8400 0.5760 0.8750 0.5560 0.9137 0.4720 0.9175 0.4540
0 0.6325 0.1220 0.6238 0.1800 0.6262 0.2180 0.6338 0.2160 0.6500 0.1920 0.6587 0.2080 0.6687 0.2480 0.6963 0.2660 0.6937 0.3100 0.7013 0.3280 0.7163 0.3240 0.7225 0.3080 0.7288 0.3020 0.7362 0.3140 0.7462 0.3200 0.7788 0.3220 0.8050 0.3400 0.8425 0.3380 0.8450 0.2900 0.8313 0.2560 0.7338 0.1240 0.7113 0.1060 0.6725 0.0900 0.6488 0.0960
0 0.9225 0.1400 0.9187 0.1340 0.9113 0.1340 0.9075 0.1400 0.8850 0.1220 0.8738 0.1160 0.8525 0.1140 0.8462 0.1180 0.8400 0.1300 0.8400 0.1380 0.8363 0.1440 0.8300 0.1480 0.8213 0.1480 0.8063 0.1540 0.7937 0.1660 0.7788 0.1720 0.7762 0.1780 0.7937 0.2040 0.8200 0.2340 0.8300 0.2500 0.8337 0.2520 0.8588 0.2180 0.8712 0.2080 0.8888 0.1820 0.9000 0.1700 0.9237 0.1520
0 0.9625 0.1520 0.9537 0.1460 0.9437 0.1460 0.9000 0.1740 0.8812 0.1960 0.8725 0.2120 0.8525 0.2300 0.8363 0.2560 0.8400 0.2700 0.8500 0.2880 0.8725 0.3060 0.8775 0.3060 0.8888 0.3320 0.8912 0.3520 0.8988 0.3640 0.9050 0.3600 0.9050 0.3460 0.9012 0.3340 0.9050 0.3140 0.8988 0.3060 0.9000 0.2960 0.9050 0.2920 0.9187 0.2940 0.9237 0.2900 0.9513 0.2240 0.9575 0.2140 0.9775 0.1960 0.9712 0.1800 0.9613 0.1640 0.9637 0.1580
0 0.9988 0.2020 0.9812 0.2000 0.9663 0.2080 0.9487 0.2340 0.9363 0.2640 0.9313 0.2840 0.9200 0.3000 0.9150 0.2960 0.9025 0.2960 0.9000 0.3020 0.9025 0.3080 0.9113 0.3140 0.9087 0.3360 0.9113 0.3600 0.9012 0.3720 0.9137 0.3940 0.9213 0.4240 0.9287 0.4360 0.9337 0.4640 0.9387 0.4760 0.9450 0.4820 0.9550 0.4840 0.9613 0.4800 0.9700 0.4480 0.9800 0.4280 0.9888 0.3880 0.9962 0.3760 0.9988 0.3760
0 0.7137 0.0300 0.7037 0.0160 0.6875 0.0080 0.6663 0.0080 0.6562 0.0120 0.6238 0.0100 0.6000 0.0180 0.5575 0.0140 0.5375 0.0260 0.5300 0.0340 0.5300 0.0400 0.5537 0.0460 0.5962 0.0760 0.6100 0.0920 0.6275 0.1240 0.6412 0.1000 0.6488 0.0920 0.6663 0.0860 0.6713 0.0760 0.7113 0.0380
0 0.8500 0.0600 0.8237 0.0380 0.8013 0.0280 0.7738 0.0340 0.7312 0.0300 0.7125 0.0380 0.7013 0.0480 0.6887 0.0640 0.6725 0.0780 0.6700 0.0860 0.7100 0.1020 0.7450 0.1300 0.7475 0.1240 0.7475 0.0920 0.7562 0.0800 0.7775 0.0780 0.7950 0.0640 0.8387 0.0660 0.8488 0.0640
