0 0.6538 0.6400 0.6275 0.6180 0.6312 0.5980 0.6088 0.5540 0.6062 0.5000 0.6125 0.4880 0.5950 0.4520 0.4800 0.4260 0.3800 0.4760 0.2425 0.5060 0.1688 0.5360 0.1050 0.5840 0.1113 0.6080 0.1025 0.6300 0.1100 0.7140 0.1212 0.7420 0.1450 0.7660 0.1400 0.8100 0.1613 0.8340 0.2037 0.8300 0.2263 0.8400 0.2450 0.8380 0.2200 0.7980 0.2250 0.7720 0.3262 0.7760 0.4325 0.7120 0.4688 0.6780 0.5312 0.6900 0.5988 0.6580 0.6388 0.6560
0 0.6787 0.8280 0.6538 0.8400 0.6212 0.7760 0.5525 0.7360 0.5012 0.7440 0.4537 0.8080 0.3862 0.8280 0.3412 0.8560 0.1837 0.8360 0.1075 0.8840 0.1062 0.8460 0.0825 0.8280 0.0338 0.8480 0.0488 0.8960 0.0300 0.9520 0.0000 0.9600 0.0000 0.9920 0.6262 0.9980 0.6462 0.9560 0.6575 0.8780
0 0.7100 0.9440 0.7113 0.9820 0.7225 0.9980 0.9988 0.9980 0.9988 0.9580 0.9700 0.9340 0.9475 0.9240 0.8975 0.9220 0.8938 0.9160 0.8962 0.8960 0.8925 0.8880 0.8375 0.8420 0.8313 0.8460 0.8350 0.8560 0.8350 0.8860 0.8037 0.9060 0.7775 0.9300 0.7625 0.9340 0.7150 0.9300
0 0.8950 0.4360 0.8588 0.4800 0.8488 0.5200 0.8500 0.5640 0.8588 0.5960 0.8612 0.6340 0.8688 0.6680 0.8862 0.7080 0.9263 0.7660 0.9762 0.8220 0.9988 0.8200 0.9988 0.5380 0.9925 0.5300 0.9750 0.4760 0.9587 0.4500 0.9137 0.4340
0 0.9988 0.2000 0.9812 0.2000 0.9675 0.1940 0.9575 0.1820 0.9487 0.1820 0.9387 0.1940 0.9375 0.2180 0.9150 0.2540 0.8712 0.2920 0.8562 0.3140 0.8462 0.3380 0.8363 0.4020 0.8375 0.4400 0.8500 0.4680 0.8600 0.4740 0.8925 0.4340 0.9050 0.4280 0.9587 0.4460 0.9613 0.4220 0.9700 0.3960 0.9712 0.3720 0.9738 0.3680 0.9812 0.3680 0.9988 0.3360
0 0.8263 0.0520 0.8025 0.0260 0.7688 0.0040 0.7325 0.0060 0.6975 0.0280 0.6850 0.0460 0.6687 0.1000 0.6625 0.1700 0.6650 0.3240 0.6700 0.3280 0.6725 0.3460 0.6875 0.2540 0.7000 0.2180 0.7075 0.2300 0.7063 0.2860 0.7013 0.3120 0.7013 0.3380 0.7063 0.3520 0.7163 0.3460 0.7175 0.3000 0.7262 0.2860 0.7338 0.2560 0.7438 0.2400 0.7588 0.2320 0.7675 0.2140 0.7712 0.2340 0.7825 0.2400 0.7900 0.1960 0.8137 0.2240 0.8125 0.2780 0.8163 0.2880 0.8225 0.2860 0.8450 0.1700 0.8500 0.1740 0.8450 0.1040
0 0.3250 0.0380 0.3113 0.0640 0.3050 0.1320 0.2775 0.1700 0.3025 0.1700 0.3063 0.1760 0.3250 0.2840 0.3375 0.2820 0.3438 0.2320 0.3550 0.2140 0.3887 0.2480 0.3962 0.2720 0.4088 0.2760 0.4425 0.4200 0.4475 0.4180 0.4512 0.3120 0.4662 0.2900 0.4700 0.2960 0.4738 0.4060 0.4775 0.4120 0.4863 0.4060 0.4988 0.3040 0.5138 0.2580 0.5150 0.1660 0.5000 0.1060 0.4525 0.0380 0.4200 0.0160 0.3663 0.0160
0 0.0550 0.1560 0.0312 0.1620 0.0150 0.1840 0.0000 0.2580 0.0000 0.6620 0.0138 0.6680 0.0375 0.6640 0.0788 0.6260 0.0925 0.6040 0.0963 0.5780 0.1163 0.5460 0.1650 0.4900 0.1562 0.4780 0.1200 0.5120 0.1100 0.5060 0.1087 0.3380 0.1125 0.3320 0.1313 0.3540 0.1675 0.4260 0.1988 0.4460 0.1625 0.3620 0.1325 0.2420 0.1175 0.2060 0.0925 0.1740
0 0.2712 0.0000 0.1925 0.0000 0.1900 0.0060 0.1875 0.0260 0.1900 0.0580 0.1800 0.0900 0.1825 0.0940 0.1913 0.0880 0.1938 0.0900 0.1950 0.1180 0.2000 0.1460 0.2013 0.1840 0.2037 0.1880 0.2162 0.1920 0.2225 0.1840 0.2275 0.1580 0.2450 0.1200 0.2475 0.1180 0.2550 0.1420 0.2587 0.1440 0.2625 0.1380 0.2637 0.1020 0.2712 0.0280
0 0.1862 0.0000 0.1338 0.0000 0.1288 0.0080 0.1075 0.0240 0.0900 0.0480 0.0838 0.0660 0.0800 0.0900 0.0838 0.0920 0.0925 0.0880 0.1025 0.0880 0.1200 0.0940 0.1275 0.1080 0.1412 0.1560 0.1437 0.1580 0.1600 0.1420 0.1713 0.1380 0.1787 0.1240 0.1787 0.1060 0.1750 0.0980 0.1750 0.0940 0.1812 0.0800 0.1875 0.0580 0.1862 0.0560 0.1862 0.0200 0.1875 0.0180
