0 0.0587 0.0940 0.0587 0.1020 0.0650 0.1080 0.1075 0.1120 0.1388 0.1060 0.1713 0.0820 0.1913 0.0820 0.2125 0.0940 0.2213 0.1100 0.2238 0.1260 0.2375 0.1420 0.2800 0.1540 0.3050 0.1460 0.3162 0.1340 0.3212 0.0840 0.3137 0.0580 0.3038 0.0400 0.2787 0.0120 0.2587 0.0000 0.1363 0.0000 0.1150 0.0180 0.0887 0.0220 0.0788 0.0300 0.0712 0.0420 0.0725 0.0600
0 0.5625 0.0340 0.5825 0.0740 0.6050 0.1000 0.6175 0.1280 0.6250 0.1320 0.6362 0.1320 0.6438 0.1280 0.6288 0.1000 0.6300 0.0880 0.6375 0.0880 0.6550 0.0980 0.6613 0.0980 0.6687 0.0680 0.6775 0.0540 0.6987 0.0380 0.7087 0.0360 0.7200 0.0280 0.7325 0.0260 0.7338 0.0200 0.7225 0.0000 0.5750 0.0000 0.5625 0.0200
0 0.8512 0.0700 0.8512 0.0780 0.8550 0.0900 0.8588 0.0940 0.8788 0.0840 0.9000 0.0840 0.9225 0.0980 0.9387 0.1200 0.9437 0.1340 0.9437 0.1460 0.9487 0.1520 0.9563 0.1520 0.9637 0.1480 0.9775 0.1340 0.9788 0.1220 0.9738 0.0960 0.9637 0.0800 0.9487 0.0620 0.9263 0.0240 0.9100 0.0100 0.8888 0.0040 0.8775 0.0060 0.8725 0.0100 0.8662 0.0200 0.8588 0.0420 0.8562 0.0580
0 0.8187 0.1680 0.8163 0.1980 0.8175 0.2140 0.8263 0.2140 0.8413 0.2080 0.8575 0.2080 0.8750 0.2160 0.9313 0.2300 0.9337 0.2280 0.9313 0.2200 0.9325 0.2080 0.9313 0.1640 0.9337 0.1500 0.9387 0.1440 0.9413 0.1340 0.9350 0.1180 0.9163 0.0960 0.9000 0.0860 0.8800 0.0860 0.8612 0.0980 0.8450 0.1260 0.8325 0.1380 0.8250 0.1500
0 0.7262 0.2880 0.7350 0.3160 0.7688 0.3360 0.7800 0.3380 0.8137 0.3220 0.8413 0.3280 0.8612 0.3480 0.8825 0.3800 0.8925 0.3800 0.9113 0.3940 0.9337 0.4000 0.9275 0.4160 0.9350 0.4280 0.9988 0.4380 0.9988 0.2480 0.9200 0.2320 0.8600 0.2120 0.8387 0.2120 0.7863 0.2240 0.7512 0.2700 0.7288 0.2820
0 0.8387 0.1200 0.8037 0.0820 0.7812 0.0440 0.7700 0.0340 0.7525 0.0280 0.7250 0.0300 0.6850 0.0500 0.6713 0.0680 0.6663 0.0900 0.6687 0.1020 0.6538 0.1060 0.6562 0.1380 0.6737 0.1580 0.6863 0.1820 0.6913 0.1980 0.6925 0.2380 0.6963 0.2500 0.7087 0.2660 0.7225 0.2600 0.7438 0.2240 0.7575 0.2240 0.7700 0.2140 0.7875 0.2180 0.7987 0.2140 0.7788 0.1680 0.7775 0.1520 0.7800 0.1460 0.7913 0.1340 0.8300 0.1360 0.8387 0.1260
0 0.5938 0.0920 0.5637 0.0440 0.5600 0.0140 0.5425 0.0000 0.4713 0.0000 0.4700 0.0040 0.4375 0.0100 0.3862 0.0360 0.3663 0.0380 0.3513 0.0480 0.3275 0.0900 0.3212 0.1120 0.3212 0.1360 0.3300 0.1600 0.3425 0.1700 0.3600 0.2000 0.3663 0.2000 0.3762 0.1920 0.3787 0.1620 0.3850 0.1500 0.3912 0.1540 0.3962 0.1720 0.4150 0.1760 0.4263 0.1640 0.4263 0.1520 0.4313 0.1460 0.4587 0.1400 0.4713 0.1300 0.4788 0.1180 0.4800 0.1020 0.4850 0.0940 0.5038 0.0820 0.5450 0.0820 0.5913 0.1020
0 0.6112 0.1260 0.6000 0.1020 0.5913 0.1120 0.5375 0.0840 0.5025 0.0860 0.4825 0.1020 0.4775 0.1280 0.4313 0.1640 0.4100 0.1920 0.3738 0.2000 0.3387 0.2260 0.3025 0.2380 0.2838 0.2520 0.3088 0.2840 0.3387 0.3040 0.3887 0.3080 0.4412 0.3460 0.4688 0.3480 0.5150 0.3080 0.5288 0.2720 0.5525 0.2340 0.5625 0.1780 0.5713 0.1580 0.5825 0.1440 0.6075 0.1360
0 0.8237 0.3260 0.7725 0.3480 0.7375 0.4000 0.7175 0.4720 0.7150 0.5260 0.6937 0.5940 0.6875 0.6640 0.6713 0.6880 0.6750 0.7280 0.6813 0.7260 0.6837 0.7400 0.6625 0.7980 0.6737 0.8200 0.6925 0.8020 0.7037 0.7600 0.7100 0.7700 0.7113 0.8080 0.7488 0.8020 0.7688 0.8120 0.7887 0.7920 0.7875 0.8260 0.7925 0.8420 0.7850 0.8720 0.7950 0.8840 0.8025 0.8720 0.8150 0.8140 0.8325 0.7740 0.8400 0.7320 0.8438 0.6540 0.8675 0.6040 0.8788 0.5540 0.8912 0.5600 0.8962 0.5540 0.8875 0.4980 0.8900 0.4260 0.8812 0.3880 0.8575 0.3480
0 0.6837 0.1820 0.6700 0.1580 0.6438 0.1380 0.6200 0.1380 0.5825 0.1480 0.5713 0.1680 0.5713 0.1760 0.5800 0.1920 0.5763 0.2080 0.5325 0.2720 0.5212 0.3080 0.4950 0.3300 0.4637 0.3720 0.4375 0.3900 0.4313 0.4060 0.4575 0.4360 0.4925 0.4400 0.5413 0.4760 0.5737 0.4780 0.6000 0.4680 0.6138 0.4740 0.6188 0.4500 0.6412 0.4220 0.6637 0.3800 0.6825 0.3200 0.6900 0.2400 0.6887 0.2040
0 0.4025 0.8440 0.4088 0.8880 0.4412 0.9300 0.4625 0.9780 0.4625 0.9980 0.6525 0.9980 0.6637 0.9300 0.6550 0.8880 0.6075 0.8000 0.5613 0.7920 0.5463 0.7740 0.5350 0.7300 0.5363 0.6800 0.5300 0.6660 0.5212 0.6700 0.5038 0.7020 0.5075 0.7620 0.5012 0.8140 0.4888 0.8440 0.4950 0.9000 0.4888 0.9120 0.4412 0.8720 0.4163 0.8400
0 0.6100 0.7920 0.6138 0.8100 0.6538 0.8800 0.6700 0.9200 0.6600 0.9620 0.6587 0.9980 0.8888 0.9980 0.8812 0.9680 0.8450 0.9220 0.8225 0.9020 0.7863 0.8840 0.7762 0.8620 0.7887 0.8400 0.7538 0.8080 0.7175 0.8100 0.7000 0.8400 0.6837 0.8500 0.6538 0.7980 0.6450 0.7900 0.6162 0.7860
0 0.2313 0.3140 0.1975 0.3460 0.1913 0.3660 0.1675 0.3560 0.1225 0.3560 0.0000 0.3980 0.0000 0.6920 0.0838 0.6240 0.1025 0.5980 0.1212 0.6140 0.1163 0.6320 0.1212 0.6460 0.1537 0.6460 0.1688 0.6360 0.1750 0.6220 0.1750 0.5540 0.1925 0.5540 0.2100 0.5660 0.2362 0.5640 0.2913 0.5220 0.2950 0.4860 0.2687 0.4680 0.2550 0.4180 0.2300 0.3940 0.2362 0.3480
0 0.1087 0.2820 0.1013 0.3260 0.1125 0.3520 0.1900 0.3580 0.2050 0.3340 0.2313 0.3120 0.2375 0.3380 0.2338 0.3740 0.2288 0.3780 0.2587 0.4200 0.2712 0.4620 0.3038 0.4840 0.3362 0.5280 0.3325 0.5540 0.3588 0.5420 0.3887 0.5480 0.4437 0.5400 0.4913 0.5580 0.4688 0.4800 0.4500 0.4380 0.4338 0.4220 0.4213 0.3960 0.4238 0.3780 0.4350 0.3840 0.4500 0.3740 0.4525 0.3520 0.4363 0.3500 0.3925 0.3140 0.3475 0.3140 0.3237 0.3040 0.2787 0.2640 0.2225 0.2500 0.1888 0.2200 0.1450 0.2260 0.1288 0.2400
0 0.2300 0.1840 0.2225 0.1640 0.2112 0.1480 0.2013 0.1420 0.1812 0.1420 0.1313 0.1680 0.0850 0.1700 0.0612 0.1800 0.0325 0.2000 0.0000 0.2080 0.0000 0.3480 0.0163 0.3500 0.0925 0.3300 0.1000 0.3140 0.1062 0.2800 0.1163 0.2540 0.1325 0.2320 0.1487 0.2200 0.1875 0.2160 0.2200 0.2360 0.2288 0.2360 0.2313 0.2320
0 0.2325 0.1400 0.2225 0.1300 0.2200 0.1140 0.2125 0.0980 0.1950 0.0860 0.1750 0.0840 0.1575 0.0940 0.1375 0.1120 0.1113 0.1140 0.0813 0.1280 0.0187 0.1400 0.0000 0.1480 0.0000 0.2060 0.0338 0.1960 0.0563 0.1800 0.0825 0.1680 0.1338 0.1640 0.1588 0.1480 0.1850 0.1380 0.2037 0.1400 0.2238 0.1560
