0 0.4050 0.1140 0.4138 0.1200 0.4213 0.1200 0.4437 0.1080 0.4650 0.1100 0.4738 0.1020 0.4863 0.1020 0.5162 0.0680 0.5387 0.0500 0.5700 0.0000 0.4475 0.0000 0.4387 0.0160 0.4325 0.0380 0.4238 0.0480 0.4163 0.0620 0.4062 0.0920 0.4037 0.1080
0 0.6600 0.0080 0.6500 0.0260 0.6538 0.0460 0.6525 0.1160 0.6637 0.1320 0.6963 0.1540 0.7250 0.2100 0.7288 0.2280 0.7325 0.2320 0.7388 0.2260 0.7400 0.2080 0.7550 0.2140 0.7762 0.2340 0.7825 0.2360 0.7900 0.2300 0.7925 0.2220 0.7887 0.1900 0.7913 0.1560 0.7950 0.1520 0.8025 0.1640 0.8050 0.1600 0.7975 0.1340 0.7837 0.1200 0.7638 0.0800 0.7350 0.0520 0.7238 0.0260 0.7125 0.0100 0.7050 0.0040 0.6987 0.0040 0.6975 0.0000 0.6675 0.0000
0 0.8325 0.0000 0.8300 0.0360 0.8450 0.0700 0.8237 0.1100 0.8013 0.2160 0.7812 0.2620 0.7825 0.2680 0.7900 0.2660 0.8150 0.2300 0.8250 0.2240 0.8213 0.2760 0.8250 0.3320 0.8213 0.3360 0.7963 0.3200 0.7887 0.3200 0.7863 0.3300 0.8325 0.3680 0.8625 0.4080 0.8875 0.4160 0.9175 0.4100 0.9525 0.4260 0.9650 0.3380 0.9075 0.1640 0.9038 0.1080 0.9163 0.0960 0.9075 0.0440 0.9000 0.0300 0.8675 0.0240 0.8588 0.0000
0 0.5513 0.4520 0.6575 0.4980 0.6963 0.4960 0.7288 0.5160 0.7913 0.5280 0.8287 0.5700 0.8475 0.5660 0.8500 0.5900 0.8562 0.5980 0.9400 0.6040 0.9850 0.5760 0.9988 0.5480 0.9725 0.4620 0.9425 0.4280 0.9137 0.4140 0.8875 0.4220 0.8425 0.4100 0.7913 0.3780 0.7388 0.3280 0.7100 0.3140 0.6913 0.2880 0.6613 0.2840 0.6412 0.2680 0.6312 0.2740 0.6225 0.3020 0.6225 0.3480 0.6462 0.4220 0.6388 0.4320 0.5575 0.4400
0 0.6000 0.0720 0.5600 0.0560 0.5250 0.0640 0.4600 0.1340 0.4250 0.2120 0.4138 0.2740 0.4150 0.3440 0.4275 0.3820 0.4275 0.4280 0.4375 0.4660 0.4375 0.5140 0.4562 0.5380 0.4637 0.5340 0.4587 0.4480 0.4700 0.3740 0.4825 0.3740 0.4988 0.3900 0.4988 0.4380 0.5112 0.4740 0.5125 0.5040 0.5288 0.5160 0.5337 0.5020 0.5275 0.4480 0.5425 0.3880 0.5500 0.3260 0.5913 0.2780 0.6012 0.3100 0.6025 0.3540 0.6138 0.3520 0.6188 0.3000 0.6375 0.2100 0.6388 0.1600 0.6275 0.1080
0 0.4125 0.2640 0.3875 0.2780 0.3538 0.2760 0.3425 0.2820 0.3287 0.2760 0.3038 0.2780 0.2737 0.2940 0.2587 0.3160 0.2437 0.3620 0.2425 0.3760 0.2462 0.3960 0.2425 0.4080 0.2762 0.4500 0.3038 0.4680 0.3375 0.4680 0.3750 0.4480 0.4037 0.4480 0.4225 0.4400 0.4263 0.4280 0.4263 0.3880 0.4225 0.3700 0.4138 0.3500 0.4113 0.3200
0 0.1900 0.1380 0.1725 0.1320 0.1638 0.1080 0.1487 0.0900 0.1412 0.0880 0.0737 0.1440 0.0488 0.2020 0.0150 0.2640 0.0000 0.3120 0.0000 0.4360 0.0213 0.4560 0.0350 0.4540 0.0638 0.4020 0.0938 0.3280 0.1062 0.3100 0.1288 0.2960 0.1288 0.2760 0.1500 0.2560 0.1638 0.2060 0.1888 0.1700 0.1925 0.1560
0 0.0000 0.7400 0.0000 0.9980 0.3387 0.9980 0.3450 0.9840 0.3638 0.9780 0.3488 0.9520 0.3438 0.8940 0.3287 0.8500 0.2975 0.8020 0.2562 0.7660 0.2150 0.7540 0.1938 0.7620 0.1762 0.7800 0.1437 0.7720 0.0675 0.7780 0.0300 0.7640
0 0.2313 0.2920 0.2125 0.2920 0.1800 0.2780 0.1225 0.3020 0.0975 0.3260 0.0200 0.4960 0.0000 0.5680 0.0000 0.7300 0.0325 0.7600 0.0625 0.7720 0.1325 0.7660 0.1737 0.7740 0.1837 0.7640 0.1862 0.7380 0.1975 0.6960 0.1775 0.6700 0.1888 0.6160 0.1875 0.5160 0.2125 0.5080 0.2288 0.4660 0.2300 0.4280 0.2213 0.3980 0.2213 0.3700 0.2350 0.3620 0.2450 0.3400 0.2425 0.3180
0 0.9712 0.8120 0.9250 0.7400 0.8438 0.7260 0.7975 0.7560 0.7675 0.7920 0.6963 0.8360 0.5713 0.8160 0.5038 0.8460 0.4500 0.8500 0.4400 0.8380 0.4200 0.8380 0.3962 0.8540 0.3700 0.8900 0.3688 0.9080 0.3975 0.9020 0.3962 0.9440 0.3725 0.9700 0.3675 0.9940 0.9200 0.9980 0.9613 0.9260
0 0.8462 0.5760 0.8287 0.5780 0.7887 0.5320 0.7225 0.5240 0.6813 0.5420 0.6538 0.5740 0.5938 0.5620 0.5875 0.5760 0.6025 0.5960 0.5713 0.6160 0.4650 0.6060 0.4062 0.6300 0.3688 0.6060 0.3450 0.6060 0.3225 0.6220 0.3262 0.6460 0.3075 0.6860 0.2725 0.7040 0.2587 0.7420 0.2712 0.7700 0.3063 0.8060 0.3375 0.8100 0.3738 0.8640 0.4238 0.8320 0.4525 0.8440 0.5050 0.8400 0.5687 0.8120 0.6900 0.8300 0.7612 0.7900 0.8275 0.7260
