0 0.1600 0.2640 0.1575 0.2820 0.1650 0.3140 0.1862 0.3260 0.1850 0.3680 0.1950 0.4140 0.1900 0.5600 0.1950 0.5900 0.2263 0.6760 0.2325 0.7460 0.2425 0.7520 0.2537 0.7440 0.2550 0.6720 0.2725 0.6620 0.2988 0.6780 0.2988 0.7260 0.3100 0.7760 0.3200 0.7960 0.3362 0.8020 0.3387 0.7840 0.3287 0.7460 0.3287 0.7180 0.3450 0.6280 0.3513 0.5320 0.3400 0.4540 0.3412 0.4040 0.3125 0.2980 0.2850 0.2480 0.2500 0.2280 0.2238 0.2320 0.1925 0.2700 0.1812 0.2600
0 0.2800 0.2320 0.2800 0.2400 0.3125 0.2920 0.3412 0.3940 0.3550 0.5760 0.3825 0.6140 0.4025 0.6640 0.4225 0.6920 0.4363 0.6840 0.4338 0.6640 0.4050 0.6000 0.4075 0.5900 0.4375 0.6160 0.5212 0.6420 0.5250 0.6080 0.5000 0.5540 0.4875 0.5040 0.4900 0.4900 0.5000 0.4860 0.5125 0.4940 0.5112 0.4840 0.4900 0.4640 0.4600 0.4560 0.4325 0.3960 0.3800 0.3480 0.3663 0.3220 0.3387 0.2400 0.3100 0.2260
0 0.9988 0.2320 0.9613 0.2080 0.9087 0.1920 0.8662 0.1940 0.7950 0.2160 0.7175 0.3100 0.7113 0.3340 0.6913 0.3600 0.6887 0.4100 0.6975 0.4180 0.7013 0.4340 0.7262 0.4360 0.7725 0.4100 0.7863 0.3700 0.7975 0.3980 0.7975 0.4440 0.7887 0.4900 0.7987 0.4920 0.8113 0.4800 0.8413 0.3720 0.9050 0.3920 0.9550 0.3820 0.9575 0.4180 0.9525 0.4520 0.9287 0.5020 0.9463 0.5120 0.9738 0.4620 0.9850 0.4220 0.9988 0.4080
0 0.7163 0.0540 0.6987 0.0540 0.6850 0.0660 0.6525 0.1380 0.6462 0.1700 0.6462 0.2520 0.6525 0.2840 0.6587 0.2980 0.6613 0.3200 0.6675 0.3280 0.6775 0.3320 0.6800 0.2940 0.6850 0.2880 0.6913 0.3000 0.6887 0.3300 0.6925 0.3380 0.7050 0.3320 0.7150 0.3060 0.7275 0.2840 0.7362 0.2580 0.7450 0.2180 0.7550 0.2080 0.7675 0.2080 0.7625 0.1780 0.7650 0.1620 0.7650 0.1200 0.7600 0.0960 0.7388 0.0660
0 0.5787 0.1140 0.5737 0.1240 0.5675 0.1280 0.5587 0.1560 0.5363 0.1940 0.5200 0.2300 0.5088 0.2820 0.5112 0.3300 0.5212 0.3540 0.5425 0.3700 0.5637 0.3720 0.5713 0.3660 0.5887 0.3660 0.6062 0.3520 0.6112 0.3520 0.6162 0.3660 0.6238 0.3680 0.6288 0.3520 0.6300 0.3200 0.6238 0.3020 0.6162 0.2480 0.6275 0.2320 0.6338 0.2160 0.6362 0.1720 0.6412 0.1580 0.6288 0.1300 0.6138 0.1260 0.6038 0.1140
0 0.4200 0.0720 0.4113 0.0860 0.4175 0.1000 0.4200 0.1140 0.4188 0.1240 0.4113 0.1340 0.4113 0.1500 0.4188 0.1680 0.4350 0.1760 0.4437 0.1920 0.4437 0.2300 0.4475 0.2380 0.4537 0.2300 0.4575 0.2060 0.4625 0.1960 0.4738 0.1960 0.4850 0.2060 0.4963 0.2100 0.5000 0.2180 0.4975 0.2340 0.4975 0.2820 0.5012 0.2840 0.5175 0.2280 0.5238 0.1920 0.5363 0.1620 0.5275 0.1240 0.5275 0.1100 0.5225 0.0860 0.5088 0.0680 0.4775 0.0540 0.4612 0.0600 0.4387 0.0600
0 0.3187 0.1280 0.3225 0.1400 0.3325 0.1420 0.3812 0.1240 0.3837 0.1540 0.4000 0.1520 0.4062 0.1240 0.4062 0.1020 0.4025 0.0960 0.4150 0.0740 0.4363 0.0580 0.4813 0.0520 0.5175 0.0720 0.5275 0.0940 0.5337 0.1360 0.5400 0.1480 0.5487 0.1460 0.5563 0.1120 0.5575 0.0640 0.5700 0.0320 0.5713 0.0100 0.5687 0.0000 0.3750 0.0000 0.3275 0.0580 0.3187 0.0880
0 0.8263 0.0380 0.8225 0.0520 0.8175 0.0960 0.8187 0.1620 0.8213 0.1720 0.8387 0.1700 0.8525 0.1760 0.8725 0.1740 0.8912 0.1320 0.9038 0.1240 0.9113 0.1260 0.9187 0.1380 0.9300 0.1360 0.9375 0.1000 0.9525 0.0760 0.9575 0.0720 0.9537 0.0580 0.9425 0.0400 0.9050 0.0040 0.9038 0.0000 0.8538 0.0000 0.8525 0.0040 0.8488 0.0040 0.8400 0.0120
0 0.4512 0.6380 0.4512 0.7240 0.4338 0.7620 0.4238 0.8080 0.4375 0.9620 0.4462 0.9900 0.4975 0.9940 0.5100 0.9740 0.5175 0.9740 0.5350 0.9980 0.8237 0.9980 0.8213 0.9840 0.7488 0.8620 0.6575 0.7380 0.6150 0.7020 0.5613 0.6740 0.4850 0.6800 0.4713 0.6640 0.4625 0.6340
0 0.7887 0.4980 0.8013 0.5320 0.8225 0.5580 0.7937 0.6000 0.7963 0.6280 0.8575 0.6800 0.8650 0.7720 0.8600 0.8520 0.8725 0.8420 0.8862 0.8020 0.8850 0.7860 0.9038 0.7620 0.9463 0.9480 0.9450 0.9920 0.9988 0.9980 0.9988 0.5680 0.9150 0.5040 0.9000 0.4740 0.8950 0.4480 0.8712 0.4560 0.8688 0.4840 0.8425 0.5020 0.8137 0.4940
0 0.1025 0.4080 0.0900 0.4440 0.0663 0.4480 0.0500 0.4680 0.0262 0.5320 0.0163 0.6200 0.0175 0.7200 0.0262 0.7820 0.0500 0.8700 0.0612 0.9480 0.0788 0.9980 0.2162 0.9980 0.2137 0.8920 0.2025 0.8200 0.1675 0.7380 0.1663 0.6240 0.1575 0.5240 0.1412 0.4760 0.1125 0.4440 0.1100 0.4200
0 0.0338 0.2520 0.0288 0.2900 0.0000 0.3220 0.0000 0.8220 0.0100 0.8300 0.0225 0.9280 0.0325 0.9700 0.0375 0.9740 0.0450 0.9600 0.0488 0.9180 0.0413 0.8540 0.0250 0.7980 0.0163 0.7400 0.0163 0.5860 0.0238 0.5340 0.0400 0.4840 0.0638 0.4460 0.0887 0.4360 0.0912 0.3940 0.0800 0.3220 0.0663 0.3000 0.0500 0.2900 0.0413 0.2580
