0 0.4517 0.0035 0.4545 0.1285 0.4418 0.1354 0.4403 0.1545 0.4446 0.1806 0.4602 0.1892 0.4716 0.2049 0.4830 0.2726 0.4872 0.4028 0.4943 0.4149 0.5213 0.4167 0.5384 0.3681 0.5440 0.4045 0.5554 0.4080 0.5625 0.4028 0.5526 0.3247 0.5639 0.2622 0.5639 0.2240 0.5668 0.2188 0.5952 0.2135 0.6051 0.1927 0.5966 0.1528 0.5781 0.1545 0.5696 0.1493 0.5795 0.1354 0.5668 0.0434 0.5653 0.0069
0 0.7472 0.1510 0.7330 0.2101 0.7259 0.4583 0.7429 0.4375 0.7599 0.4444 0.7827 0.5312 0.8494 0.6997 0.8608 0.7812 0.8509 0.9010 0.8665 0.9028 0.8736 0.8542 0.8977 0.8438 0.9205 0.8819 0.9403 0.8924 0.9659 0.9340 0.9915 0.9219 0.9986 0.8715 0.9986 0.7274 0.9176 0.3750 0.8821 0.2760 0.8352 0.2014 0.8068 0.1736 0.7656 0.1701
0 0.0170 0.4705 0.0000 0.4809 0.0000 0.7552 0.0199 0.7517 0.0355 0.7431 0.0625 0.7500 0.0881 0.7726 0.1108 0.7795 0.1179 0.7899 0.1179 0.8281 0.1264 0.8299 0.1378 0.8177 0.1392 0.8073 0.1307 0.7396 0.1193 0.7240 0.1236 0.6840 0.1207 0.6736 0.1222 0.6285 0.1264 0.6042 0.1236 0.5451 0.1094 0.5139 0.0852 0.4826 0.0483 0.4670
0 0.2315 0.0955 0.2273 0.1215 0.1946 0.1649 0.1790 0.2066 0.1591 0.3194 0.1491 0.5347 0.1605 0.7344 0.1847 0.8524 0.1847 0.9288 0.1932 0.9583 0.2060 0.9688 0.2287 0.9670 0.2472 0.9965 0.3295 0.9965 0.3125 0.9288 0.3182 0.8125 0.2912 0.6024 0.2898 0.3542 0.3026 0.4132 0.3182 0.4080 0.3026 0.2865 0.3026 0.1944 0.2884 0.1458
0 0.6747 0.0382 0.6605 0.0781 0.7088 0.1302 0.7315 0.1927 0.7401 0.1910 0.7429 0.1545 0.7500 0.1476 0.7685 0.1667 0.8040 0.1684 0.8324 0.1875 0.8594 0.1580 0.8608 0.1389 0.8793 0.1545 0.9077 0.1580 0.9432 0.1979 0.9986 0.3299 0.9986 0.2552 0.9830 0.1944 0.9688 0.1597 0.9290 0.0938 0.8821 0.0451 0.8452 0.0174 0.8054 0.0035 0.7216 0.0035 0.6932 0.0174
0 0.8651 0.1441 0.8622 0.1615 0.8395 0.1858 0.8381 0.1979 0.8821 0.2691 0.9205 0.3733 0.9759 0.6267 0.9986 0.7083 0.9986 0.3455 0.9759 0.2760 0.9418 0.2014 0.9105 0.1632 0.8778 0.1580
0 0.0000 0.0035 0.0000 0.1753 0.0128 0.1788 0.0213 0.1858 0.0256 0.1823 0.0327 0.1840 0.0298 0.1753 0.0227 0.1667 0.0227 0.1597 0.0426 0.1441 0.0526 0.1424 0.0554 0.1354 0.0554 0.1267 0.0511 0.1198 0.0511 0.1042 0.0469 0.0816 0.0398 0.0642 0.0497 0.0312 0.0497 0.0191 0.0483 0.0174 0.0469 0.0260 0.0384 0.0451 0.0327 0.0486 0.0128 0.0295 0.0099 0.0226 0.0085 0.0052
0 0.1989 0.0035 0.0938 0.0035 0.0824 0.0538 0.0710 0.0712 0.0540 0.1181 0.0597 0.1198 0.0739 0.1024 0.0810 0.1042 0.0895 0.1424 0.0923 0.1944 0.0952 0.1997 0.1023 0.1997 0.1108 0.1892 0.1207 0.1406 0.1335 0.1233 0.1420 0.1181 0.1548 0.0625 0.1605 0.0538 0.1662 0.0521 0.1719 0.0556 0.1875 0.0851 0.1918 0.1215 0.1960 0.1233 0.2003 0.1163 0.2031 0.0833 0.1989 0.0642
0 0.3551 0.0486 0.3537 0.0729 0.3224 0.1250 0.3139 0.1580 0.3168 0.2240 0.3352 0.3021 0.3310 0.5208 0.3153 0.6927 0.3239 0.8212 0.3182 0.8941 0.3423 0.9948 0.4190 0.9965 0.4403 0.9688 0.4560 0.8542 0.4020 0.8385 0.3793 0.8021 0.4162 0.8090 0.4886 0.7691 0.4901 0.4323 0.4673 0.2188 0.4389 0.1562 0.4446 0.1042 0.4205 0.0660 0.3750 0.0642
0 0.6534 0.0781 0.6023 0.1059 0.5866 0.1337 0.6080 0.1719 0.6080 0.2014 0.5753 0.2396 0.5838 0.3316 0.5724 0.4497 0.5099 0.6649 0.4943 0.7795 0.4219 0.8108 0.3864 0.8038 0.4105 0.8385 0.4616 0.8420 0.4460 0.9931 0.5952 0.9948 0.5909 0.9549 0.6477 0.8819 0.6790 0.7986 0.7216 0.4844 0.7273 0.2066 0.7102 0.1389
0 0.0000 0.3229 0.0000 0.4774 0.0142 0.4688 0.0312 0.4635 0.0455 0.4635 0.0597 0.4670 0.0824 0.4774 0.0881 0.4774 0.0938 0.4549 0.0938 0.4236 0.0852 0.3872 0.0753 0.3646 0.0625 0.3490 0.0412 0.3142 0.0369 0.3160 0.0355 0.3351 0.0312 0.3420 0.0156 0.3368
