0 0.6000 0.4120 0.5663 0.4080 0.5325 0.4280 0.5125 0.4520 0.4900 0.5060 0.4788 0.5900 0.4788 0.6740 0.4512 0.7980 0.4412 0.8200 0.4363 0.9900 0.4425 0.9980 0.4550 0.9980 0.4700 0.9440 0.4838 0.9640 0.4913 0.9980 0.5475 0.9980 0.5875 0.9180 0.6012 0.9200 0.6000 0.8980 0.6100 0.8680 0.6075 0.8320 0.6150 0.7880 0.6388 0.7180 0.6525 0.6520 0.6550 0.5460 0.6375 0.4660 0.6150 0.4260
0 0.7075 0.5840 0.6887 0.6440 0.6887 0.6880 0.6975 0.7660 0.7050 0.7780 0.7375 0.7920 0.7775 0.8440 0.7950 0.8860 0.8037 0.9320 0.8125 0.9500 0.8200 0.9980 0.9663 0.9980 0.9650 0.9300 0.9988 0.9060 0.9988 0.8960 0.9912 0.8900 0.9575 0.8940 0.9375 0.8880 0.9237 0.8720 0.9075 0.8360 0.8638 0.7840 0.8550 0.7660 0.8425 0.7100 0.8200 0.6640 0.8137 0.6160 0.8000 0.5940 0.7562 0.5640 0.7338 0.5660
0 0.8213 0.4500 0.8087 0.4720 0.8137 0.4920 0.8063 0.5000 0.7937 0.5020 0.7925 0.5180 0.8237 0.5900 0.8175 0.6140 0.8237 0.6560 0.8400 0.6840 0.8600 0.7700 0.9025 0.8240 0.9300 0.8740 0.9537 0.8820 0.9850 0.8760 0.9988 0.8820 0.9988 0.6720 0.9537 0.5680 0.9450 0.5340 0.9363 0.5200 0.8750 0.4640 0.8525 0.4580 0.8375 0.4460
0 0.1613 0.2380 0.1537 0.2400 0.1462 0.2840 0.1388 0.3020 0.0912 0.3140 0.0525 0.3720 0.0000 0.4260 0.0000 0.6840 0.0163 0.6600 0.0262 0.6540 0.0600 0.6560 0.0712 0.6460 0.0700 0.6220 0.1037 0.5820 0.1363 0.5020 0.1663 0.5000 0.2162 0.4480 0.2162 0.4200 0.2037 0.4140 0.2387 0.3920 0.2425 0.3780 0.2250 0.3520 0.2100 0.3160 0.1888 0.3140 0.1737 0.2920 0.1737 0.2600
0 0.2037 0.0000 0.1925 0.0240 0.1800 0.1040 0.1825 0.1520 0.1913 0.1820 0.1888 0.2100 0.2087 0.2840 0.2288 0.3200 0.2263 0.3400 0.2300 0.3540 0.2412 0.3680 0.2512 0.3700 0.2650 0.3500 0.2675 0.3340 0.2775 0.3180 0.3000 0.3000 0.3150 0.2780 0.3063 0.2640 0.3100 0.2360 0.3088 0.2000 0.2963 0.1400 0.2737 0.0820 0.2712 0.0400 0.2625 0.0080 0.2562 0.0000
0 0.1300 0.0000 0.1263 0.0080 0.1212 0.0060 0.1150 0.0140 0.1113 0.0460 0.1125 0.0940 0.1187 0.1300 0.1187 0.1520 0.1150 0.1640 0.1150 0.1780 0.1225 0.2180 0.1250 0.2220 0.1313 0.2220 0.1338 0.2140 0.1338 0.1880 0.1588 0.1640 0.1613 0.1680 0.1613 0.2240 0.1638 0.2320 0.1737 0.2440 0.1775 0.2340 0.1800 0.1740 0.1787 0.0900 0.1900 0.0260 0.1988 0.0000
0 0.1037 0.0600 0.0950 0.0580 0.0788 0.0640 0.0625 0.0780 0.0338 0.0920 0.0000 0.1240 0.0000 0.2580 0.0112 0.2720 0.0138 0.2820 0.0200 0.2920 0.0225 0.3080 0.0288 0.3200 0.0312 0.3060 0.0288 0.2960 0.0300 0.2600 0.0437 0.2420 0.0600 0.2320 0.0650 0.2240 0.0700 0.2040 0.0813 0.1880 0.1062 0.1740 0.1125 0.1640 0.1163 0.1340 0.1100 0.1220 0.1013 0.1140 0.1075 0.0880 0.1075 0.0640
0 0.2762 0.0480 0.2775 0.0860 0.2925 0.1220 0.3038 0.1620 0.3212 0.1700 0.3475 0.2140 0.3212 0.2140 0.3175 0.2240 0.3237 0.2340 0.3563 0.2520 0.3688 0.2540 0.3812 0.2340 0.3925 0.2320 0.4075 0.2400 0.4200 0.2540 0.4313 0.2580 0.4375 0.2520 0.4625 0.2500 0.4750 0.2300 0.4788 0.2160 0.4788 0.1680 0.4763 0.1620 0.4700 0.1600 0.4462 0.1220 0.3937 0.0880 0.3475 0.0500 0.3325 0.0480 0.3125 0.0360 0.2975 0.0360
0 0.3275 0.0000 0.3275 0.0080 0.3350 0.0280 0.3513 0.0380 0.3837 0.0500 0.3875 0.0700 0.3925 0.0820 0.4425 0.1140 0.4550 0.1280 0.4688 0.1540 0.4763 0.1540 0.4788 0.1500 0.4825 0.1240 0.4813 0.1020 0.4963 0.0900 0.4963 0.0740 0.4900 0.0420 0.4688 0.0140 0.4650 0.0000
0 0.5075 0.0460 0.5000 0.0700 0.5000 0.0900 0.5050 0.1020 0.5012 0.1280 0.5088 0.1340 0.5312 0.1300 0.5413 0.1380 0.5437 0.1480 0.5600 0.1720 0.5600 0.1900 0.5663 0.1980 0.5675 0.2380 0.5713 0.2440 0.5837 0.2460 0.5950 0.2360 0.6100 0.2300 0.6338 0.2020 0.6512 0.2200 0.6600 0.2120 0.6587 0.1960 0.6312 0.0880 0.6125 0.0580 0.5763 0.0300 0.5513 0.0260 0.5225 0.0320
0 0.0000 0.6940 0.0000 0.8180 0.0063 0.8220 0.0000 0.8360 0.0000 0.8600 0.0338 0.9260 0.0475 0.9360 0.0675 0.9300 0.0850 0.9600 0.0975 0.9980 0.3475 0.9980 0.3225 0.9480 0.2737 0.8820 0.1700 0.7740 0.1363 0.7200 0.1175 0.7000 0.0988 0.6880 0.0775 0.6860 0.0400 0.6600 0.0175 0.6660
0 0.3650 0.2780 0.3162 0.2880 0.2762 0.3260 0.2412 0.4020 0.2238 0.5240 0.2263 0.5860 0.2500 0.6600 0.2537 0.7160 0.2700 0.8160 0.2988 0.8760 0.3063 0.9120 0.3325 0.9500 0.3312 0.8840 0.3225 0.8400 0.3262 0.8340 0.3550 0.8340 0.3650 0.7760 0.3837 0.7440 0.3975 0.6640 0.3937 0.6060 0.3762 0.5460 0.3812 0.4940 0.3775 0.3580 0.3962 0.3460 0.3812 0.2920
0 0.9313 0.1300 0.9187 0.1080 0.9025 0.1080 0.8788 0.0820 0.8525 0.0780 0.8250 0.0600 0.7987 0.0600 0.7762 0.0740 0.7338 0.1280 0.7125 0.1900 0.7025 0.3300 0.7050 0.3480 0.7150 0.3600 0.7200 0.3560 0.7212 0.3220 0.7375 0.2560 0.7512 0.2600 0.7750 0.2920 0.7712 0.3360 0.7788 0.3780 0.7863 0.3840 0.7950 0.3800 0.7950 0.3280 0.8237 0.2580 0.8525 0.2400 0.8550 0.2440 0.8500 0.3140 0.8562 0.3260 0.8612 0.3240 0.8725 0.2640 0.8962 0.1960 0.9025 0.1480 0.9075 0.1560 0.9337 0.1460
0 0.5850 0.9800 0.5850 0.9980 0.7887 0.9980 0.7900 0.9920 0.7925 0.9980 0.8137 0.9980 0.8137 0.9880 0.8075 0.9780 0.8013 0.9520 0.8013 0.9300 0.7925 0.8860 0.7837 0.8620 0.7712 0.8380 0.7388 0.7980 0.7075 0.7820 0.6763 0.7860 0.6663 0.7800 0.6600 0.7880 0.6538 0.8080 0.6312 0.8380 0.6138 0.8700 0.6038 0.9020 0.6038 0.9260 0.5925 0.9400
