0 0.0000 0.0017 0.0000 0.0590 0.0028 0.0608 0.0099 0.0799 0.0227 0.0955 0.0312 0.0972 0.0597 0.0764 0.0810 0.0729 0.0966 0.0764 0.1207 0.0903 0.1491 0.1163 0.1534 0.1076 0.1605 0.1059 0.1548 0.0972 0.1307 0.0851 0.1094 0.0608 0.1094 0.0538 0.1179 0.0417 0.1278 0.0139 0.1293 0.0035
0 0.3679 0.1042 0.3622 0.1285 0.3722 0.1528 0.3551 0.1771 0.3480 0.1649 0.3395 0.1632 0.3352 0.1806 0.3452 0.2049 0.3466 0.2413 0.3622 0.2795 0.3764 0.3542 0.3991 0.4288 0.4858 0.5347 0.5227 0.5521 0.5568 0.5451 0.5724 0.5312 0.6065 0.4792 0.6136 0.4340 0.6051 0.4010 0.5739 0.3524 0.5341 0.3281 0.4844 0.2726 0.4759 0.1979 0.4503 0.1545 0.4702 0.1302 0.4474 0.1059 0.4148 0.1181 0.4048 0.1146 0.3935 0.0938
0 0.0980 0.0816 0.0696 0.0781 0.0483 0.0868 0.0227 0.1146 0.0114 0.1424 0.0085 0.2101 0.0270 0.2118 0.0554 0.1979 0.0781 0.2222 0.0114 0.2517 0.0199 0.2587 0.0199 0.2726 0.0000 0.3056 0.0000 0.5052 0.0540 0.4826 0.0994 0.4757 0.1293 0.4375 0.1449 0.3958 0.1520 0.3385 0.1761 0.2604 0.1676 0.1927 0.2088 0.2240 0.2330 0.2274 0.1875 0.1788 0.1321 0.1042
0 0.7386 0.7222 0.6634 0.7292 0.6193 0.7135 0.5185 0.7517 0.4602 0.7587 0.3949 0.7500 0.3324 0.7743 0.3040 0.7639 0.2784 0.7674 0.2301 0.8021 0.1903 0.8542 0.1577 0.9705 0.1804 0.9965 0.4631 0.9948 0.5369 0.9635 0.5895 0.9670 0.6349 0.9583 0.6875 0.9167 0.7088 0.9201 0.7543 0.8750 0.7543 0.8646 0.7429 0.8559 0.7514 0.8438 0.7457 0.7865 0.7074 0.7552 0.7372 0.7465
0 0.2131 0.2292 0.1861 0.2604 0.1776 0.2500 0.1463 0.4080 0.1165 0.5139 0.1023 0.6372 0.1037 0.6823 0.1250 0.7847 0.1761 0.8056 0.2401 0.7830 0.2741 0.7396 0.3139 0.7552 0.3835 0.7483 0.4134 0.7361 0.4034 0.6979 0.3310 0.6997 0.2884 0.6580 0.3153 0.5747 0.2983 0.4271 0.3040 0.4201 0.3253 0.4253 0.3281 0.4705 0.3366 0.4844 0.3466 0.4826 0.3494 0.4149 0.3310 0.3819 0.3452 0.3628 0.3068 0.3542 0.2571 0.2552 0.2372 0.2344
0 0.9389 0.0382 0.9219 0.0486 0.9020 0.0677 0.8835 0.0920 0.8736 0.1198 0.8722 0.1458 0.8622 0.1528 0.8622 0.1597 0.8750 0.1667 0.8892 0.1979 0.8977 0.2101 0.9091 0.2188 0.9489 0.2292 0.9744 0.2309 0.9872 0.2483 0.9986 0.2517 0.9986 0.0260
0 0.1449 0.0035 0.1477 0.0260 0.1591 0.0538 0.1605 0.0660 0.1804 0.0833 0.1804 0.1163 0.1719 0.1458 0.1818 0.1649 0.1847 0.1649 0.1918 0.1545 0.2060 0.1562 0.2116 0.1493 0.2216 0.1441 0.2685 0.1372 0.2812 0.1267 0.2898 0.1146 0.2969 0.0972 0.3026 0.0712 0.2983 0.0347 0.2898 0.0035
0 0.0540 0.4878 0.0241 0.4965 0.0000 0.5104 0.0000 0.8177 0.0213 0.8038 0.0483 0.7639 0.0682 0.7066 0.1009 0.7465 0.1009 0.8160 0.1065 0.8524 0.1165 0.8420 0.1207 0.8264 0.1179 0.7795 0.1122 0.7656 0.0994 0.6736 0.0994 0.6302 0.1122 0.5087 0.0952 0.4861
0 0.7557 0.7726 0.7500 0.7951 0.7599 0.8438 0.7670 0.8576 0.7670 0.8715 0.7514 0.8941 0.7741 0.9392 0.7869 0.9948 0.9986 0.9965 0.9986 0.9688 0.9631 0.9236 0.9830 0.9219 0.9986 0.9062 0.9986 0.8507 0.9645 0.8368 0.9290 0.8351 0.8977 0.8420 0.8636 0.8281 0.8395 0.8247 0.8168 0.7708 0.8011 0.7517 0.7969 0.7639 0.7898 0.7622 0.7898 0.7760 0.7969 0.7812 0.7955 0.7865 0.7727 0.7604 0.7656 0.7604
0 0.0000 0.9653 0.0000 0.9983 0.0071 0.9965 0.0156 0.9983 0.0199 0.9965 0.0469 0.9965 0.0483 0.9983 0.0511 0.9965 0.0625 0.9983 0.0682 0.9965 0.0696 0.9983 0.0895 0.9983 0.0909 0.9965 0.0923 0.9983 0.1278 0.9983 0.1293 0.9965 0.1321 0.9983 0.1548 0.9983 0.1591 0.9965 0.1648 0.9983 0.1690 0.9948 0.1534 0.9774 0.1520 0.9618 0.1491 0.9566 0.1264 0.9444 0.1222 0.9444 0.0980 0.9323 0.0895 0.9306 0.0398 0.9392 0.0213 0.9479
