0 0.6900 0.2800 0.6787 0.2560 0.6700 0.1980 0.6475 0.1620 0.6138 0.1420 0.5350 0.1300 0.4587 0.1460 0.3837 0.1900 0.3775 0.1680 0.3525 0.1760 0.3450 0.1920 0.3375 0.2920 0.4088 0.2520 0.5025 0.2220 0.5950 0.2220 0.6225 0.2280 0.6462 0.2420 0.6637 0.2620 0.6750 0.2840 0.6813 0.3100 0.6850 0.3100
0 0.3125 0.0060 0.3125 0.0220 0.3137 0.0240 0.3150 0.0360 0.3162 0.0400 0.3212 0.0460 0.3225 0.0520 0.3225 0.0760 0.3212 0.0780 0.3212 0.0860 0.3287 0.0900 0.3337 0.0900 0.3375 0.0940 0.3438 0.0960 0.3538 0.1060 0.3563 0.1040 0.3650 0.0880 0.3725 0.0800 0.3887 0.0680 0.4050 0.0640 0.4075 0.0620 0.4088 0.0580 0.4088 0.0480 0.4062 0.0380 0.4000 0.0320 0.3950 0.0240 0.3850 0.0180 0.3775 0.0040 0.3137 0.0040
0 0.4100 0.0420 0.4113 0.0620 0.4863 0.0520 0.6175 0.0820 0.6550 0.1020 0.6750 0.1060 0.6913 0.1180 0.6987 0.1340 0.6925 0.1600 0.6963 0.1740 0.7025 0.1800 0.7225 0.1860 0.7312 0.1740 0.6813 0.0660 0.6650 0.0480 0.6525 0.0460 0.6462 0.0520 0.6225 0.0360 0.6100 0.0340 0.5850 0.0400 0.5337 0.0400 0.5100 0.0280 0.4313 0.0340
0 0.0875 0.4640 0.0650 0.4880 0.0425 0.5320 0.0250 0.5980 0.0238 0.6460 0.0150 0.6980 0.0000 0.7400 0.0000 0.7720 0.0125 0.7780 0.0250 0.7600 0.0325 0.7900 0.0000 0.9000 0.0000 0.9660 0.0088 0.9760 0.0175 0.9720 0.0225 0.9980 0.2125 0.9980 0.2162 0.9440 0.2050 0.8320 0.2137 0.7820 0.2150 0.7320 0.2013 0.5620 0.1812 0.5060 0.1425 0.4640 0.1225 0.4560
0 0.3862 0.0060 0.3875 0.0160 0.4113 0.0380 0.4450 0.0300 0.4600 0.0320 0.5100 0.0260 0.5350 0.0380 0.6225 0.0340 0.6412 0.0460 0.6462 0.0400 0.6362 0.0180 0.6350 0.0080 0.6262 0.0000 0.3937 0.0000
0 0.3488 0.1040 0.3300 0.0920 0.2863 0.0860 0.2700 0.1020 0.2537 0.1540 0.2475 0.2240 0.2338 0.2680 0.2175 0.2780 0.2112 0.2880 0.2050 0.3120 0.2025 0.3580 0.1737 0.4100 0.1713 0.4280 0.1812 0.4320 0.1925 0.4280 0.2087 0.3960 0.2075 0.4360 0.2137 0.4440 0.2238 0.4480 0.2325 0.4340 0.2562 0.4260 0.2600 0.3740 0.2875 0.3340 0.3300 0.2980 0.3375 0.2600 0.3438 0.1960 0.3525 0.1760 0.3750 0.1660 0.3688 0.1400
0 0.6338 0.0080 0.6512 0.0420 0.6625 0.0420 0.6800 0.0640 0.7013 0.1020 0.7163 0.1400 0.7338 0.1720 0.7775 0.1840 0.7975 0.1980 0.8050 0.1960 0.8087 0.1900 0.8100 0.1760 0.8050 0.1580 0.7963 0.1400 0.7937 0.1140 0.7963 0.1040 0.8063 0.1080 0.8025 0.0960 0.7913 0.0800 0.7837 0.0760 0.7675 0.0760 0.7412 0.0440 0.6837 0.0040 0.6362 0.0040
0 0.2075 0.5720 0.2175 0.7140 0.2112 0.8520 0.2288 0.9740 0.2400 0.9500 0.2475 0.8320 0.2825 0.9340 0.2938 0.9200 0.2863 0.8240 0.2950 0.8100 0.3575 0.8680 0.4238 0.8880 0.4288 0.8980 0.4037 0.8940 0.4000 0.9120 0.4688 0.9840 0.4988 0.9800 0.5238 0.9460 0.6262 0.9940 0.7525 0.9900 0.7538 0.9520 0.6887 0.6960 0.6687 0.6640 0.6562 0.6860 0.6562 0.7280 0.6175 0.6820 0.4587 0.5600 0.3463 0.5080 0.2575 0.5120 0.2250 0.5380
0 0.5663 0.4880 0.5525 0.5180 0.5450 0.5600 0.5500 0.6220 0.5625 0.6420 0.6425 0.7000 0.6550 0.7000 0.6562 0.6780 0.6650 0.6700 0.6863 0.6860 0.7512 0.9280 0.7762 0.9920 0.9487 0.9980 0.9537 0.9900 0.9550 0.9160 0.9912 0.8840 0.9988 0.8660 0.9550 0.8600 0.9125 0.8760 0.8738 0.7640 0.7800 0.6540 0.7238 0.5340 0.7025 0.4700 0.6750 0.4500 0.6275 0.4360 0.5962 0.4500
0 0.7488 0.4080 0.7325 0.3760 0.7163 0.3640 0.7113 0.3460 0.6950 0.3420 0.6725 0.3220 0.6650 0.2940 0.6438 0.3320 0.6262 0.3380 0.5900 0.3340 0.5600 0.3520 0.4625 0.3840 0.4175 0.3900 0.4025 0.3780 0.3750 0.3820 0.3438 0.4120 0.3212 0.4460 0.3100 0.4960 0.4113 0.5240 0.5150 0.5940 0.5350 0.5720 0.5500 0.5160 0.5700 0.4760 0.6050 0.4380 0.6362 0.4320 0.7075 0.4620 0.7262 0.4500
0 0.7400 0.4400 0.7362 0.4580 0.7188 0.4900 0.7275 0.5340 0.7525 0.5780 0.7913 0.6660 0.8538 0.7280 0.8750 0.7600 0.9087 0.8640 0.9187 0.8680 0.9300 0.8580 0.9775 0.8560 0.9988 0.8420 0.9988 0.7220 0.9838 0.7000 0.9425 0.6600 0.9187 0.6260 0.8825 0.5420 0.8762 0.5100 0.8438 0.4440 0.8263 0.4300 0.7837 0.4260
