0 0.0675 0.1120 0.0462 0.1100 0.0300 0.1140 0.0150 0.1260 0.0000 0.1460 0.0000 0.3580 0.0138 0.3660 0.0312 0.3840 0.0400 0.3760 0.0512 0.3420 0.0587 0.2980 0.0638 0.2920 0.0887 0.2820 0.1062 0.2640 0.0975 0.2580 0.0762 0.2580 0.0700 0.2520 0.0700 0.2460 0.0838 0.2160 0.0887 0.2100 0.1062 0.2100 0.1175 0.1960 0.1175 0.1900 0.1138 0.1860 0.1163 0.1800 0.1263 0.1820 0.1338 0.1760 0.1313 0.1660 0.1037 0.1500 0.0788 0.1180
0 0.3025 0.0400 0.3025 0.0580 0.3063 0.0680 0.3463 0.0620 0.3725 0.0800 0.3850 0.1080 0.3887 0.1580 0.4125 0.1840 0.4263 0.1920 0.4637 0.1940 0.4938 0.2120 0.5188 0.2120 0.5437 0.1980 0.5500 0.1880 0.5587 0.1580 0.5463 0.1080 0.5138 0.0740 0.4988 0.0720 0.4875 0.0800 0.4650 0.0780 0.4313 0.0640 0.3862 0.0340 0.3412 0.0300 0.3275 0.0380 0.3063 0.0360
0 0.8912 0.1700 0.8775 0.1820 0.8738 0.1900 0.8750 0.1960 0.8625 0.2320 0.8675 0.2560 0.8462 0.3080 0.8400 0.3400 0.8438 0.3460 0.8700 0.3580 0.8825 0.3680 0.9163 0.4040 0.9387 0.4420 0.9513 0.4460 0.9625 0.4260 0.9637 0.4100 0.9625 0.4020 0.9575 0.3940 0.9613 0.3420 0.9587 0.3220 0.9500 0.2980 0.9475 0.2140 0.9337 0.1880 0.9263 0.1820
0 0.5663 0.2960 0.5837 0.3040 0.5925 0.3160 0.5950 0.4000 0.5837 0.4100 0.5813 0.4240 0.6138 0.4860 0.6375 0.4940 0.7150 0.4900 0.8375 0.5220 0.8962 0.5160 0.9237 0.5260 0.9337 0.5060 0.9400 0.4740 0.9387 0.4500 0.9087 0.3980 0.8638 0.3580 0.8137 0.3380 0.6925 0.3140 0.5875 0.2600 0.5813 0.2640 0.5863 0.2840
0 0.3000 0.4380 0.2725 0.4140 0.2362 0.4100 0.2100 0.4180 0.1613 0.4600 0.1700 0.4860 0.1975 0.5020 0.1700 0.5560 0.1437 0.6740 0.1087 0.7220 0.0663 0.8120 0.0775 0.8320 0.1062 0.8080 0.1150 0.8400 0.0400 0.9000 0.0288 0.9360 0.1138 0.9060 0.1187 0.9720 0.1263 0.9920 0.2162 0.9980 0.2288 0.9720 0.2625 0.9940 0.2712 0.9900 0.2400 0.9260 0.2600 0.8700 0.2612 0.7640 0.2725 0.6880 0.2888 0.6300 0.3237 0.5540 0.3200 0.4920
0 0.5863 0.3100 0.5112 0.2820 0.4963 0.2900 0.4100 0.4420 0.3438 0.5300 0.3063 0.5960 0.2775 0.6780 0.2637 0.7800 0.2675 0.8520 0.2800 0.8900 0.2925 0.9700 0.3050 0.9440 0.3500 0.9680 0.3887 0.9620 0.4363 0.9220 0.4512 0.9220 0.4775 0.8700 0.4750 0.8500 0.4550 0.8120 0.4875 0.7360 0.5125 0.6060 0.5200 0.6000 0.5487 0.6380 0.5563 0.6380 0.5537 0.5740 0.5813 0.4020 0.5925 0.3960 0.5925 0.3320
0 0.9988 0.8960 0.9125 0.7980 0.8275 0.7360 0.7588 0.7080 0.7063 0.7060 0.6362 0.7300 0.4888 0.8600 0.4600 0.9120 0.4475 0.9920 0.9988 0.9980
0 0.1500 0.4540 0.1150 0.4360 0.0825 0.4400 0.0550 0.4600 0.0288 0.5040 0.0300 0.5400 0.0138 0.5740 0.0000 0.6240 0.0000 0.9600 0.0138 0.9420 0.0375 0.8920 0.0475 0.8480 0.0700 0.7820 0.1062 0.7180 0.1388 0.6720 0.1638 0.5660 0.1650 0.5240
0 0.5750 0.5980 0.5775 0.6340 0.5875 0.6640 0.5837 0.6920 0.6300 0.7220 0.6913 0.7040 0.7350 0.7000 0.7762 0.7080 0.8275 0.7320 0.8575 0.7180 0.9012 0.7320 0.9575 0.7100 0.9675 0.6880 0.9900 0.6740 0.9950 0.6400 0.9938 0.6260 0.9750 0.5900 0.9738 0.5640 0.9600 0.5520 0.9400 0.5500 0.8925 0.5200 0.8150 0.5260 0.7087 0.4940 0.6538 0.4960 0.6025 0.5240 0.5875 0.5400
0 0.3825 0.1080 0.3650 0.0760 0.3488 0.0660 0.3337 0.0660 0.3063 0.0760 0.2913 0.1040 0.2238 0.1360 0.1938 0.1400 0.1512 0.1840 0.1250 0.1920 0.1150 0.2140 0.1250 0.2220 0.1225 0.2420 0.1050 0.2820 0.1113 0.2960 0.1225 0.3020 0.1575 0.2960 0.1588 0.3020 0.1425 0.3280 0.1450 0.3380 0.1537 0.3360 0.1725 0.3160 0.2100 0.3020 0.2288 0.2740 0.2425 0.2620 0.2675 0.2560 0.2850 0.2420 0.3100 0.2320 0.3350 0.2140 0.3450 0.2000 0.3688 0.1860 0.3850 0.1540
0 0.4612 0.0380 0.4587 0.0660 0.4625 0.0720 0.4738 0.0760 0.4963 0.0700 0.5150 0.0720 0.5437 0.1000 0.5600 0.1420 0.5863 0.1660 0.6138 0.1700 0.6462 0.1820 0.6763 0.1800 0.6925 0.1840 0.6987 0.1780 0.7000 0.1640 0.6837 0.1260 0.6813 0.1020 0.6837 0.0900 0.6937 0.0860 0.7013 0.0760 0.6963 0.0720 0.6675 0.0760 0.6425 0.0620 0.5938 0.0500 0.5450 0.0160 0.5212 0.0060 0.4813 0.0100 0.4688 0.0220
