0 0.3875 0.1400 0.3875 0.1540 0.4037 0.1680 0.3900 0.2080 0.3925 0.2380 0.4000 0.2460 0.4412 0.2300 0.4700 0.2280 0.5325 0.2100 0.6225 0.2080 0.7212 0.2200 0.7275 0.2040 0.7375 0.2020 0.7037 0.1580 0.6525 0.1280 0.5000 0.0860 0.4150 0.1020
0 0.3287 0.3960 0.2500 0.3780 0.2275 0.4040 0.2263 0.4200 0.2050 0.4600 0.1862 0.5840 0.1087 0.7380 0.0963 0.8140 0.0963 0.8440 0.1025 0.8660 0.1150 0.8700 0.1338 0.9000 0.1875 0.9360 0.2313 0.9260 0.2675 0.8860 0.2900 0.8300 0.2950 0.7860 0.3113 0.7360 0.3125 0.6940 0.3025 0.5820 0.3225 0.5660 0.3438 0.5180 0.3688 0.4900 0.3800 0.4660 0.3800 0.4520 0.3650 0.4520 0.3287 0.4840 0.3187 0.4580 0.3488 0.4240
0 0.6663 0.0260 0.6663 0.0520 0.6687 0.0620 0.6737 0.0700 0.7075 0.0880 0.7262 0.0900 0.7400 0.0820 0.7675 0.0820 0.7975 0.0540 0.8150 0.0560 0.8363 0.0660 0.8450 0.0640 0.8450 0.0580 0.8325 0.0440 0.8287 0.0360 0.8287 0.0280 0.8350 0.0160 0.8325 0.0000 0.6737 0.0000
0 0.2475 0.9200 0.2712 0.9360 0.2850 0.9580 0.3287 0.9640 0.3150 0.9980 0.8850 0.9980 0.8512 0.9400 0.8075 0.9100 0.7525 0.9260 0.7013 0.9120 0.5525 0.8980 0.4825 0.9040 0.4113 0.9320 0.3787 0.9020 0.3425 0.8960 0.2838 0.9180
0 0.9988 0.9980 0.9988 0.6840 0.9413 0.7080 0.8800 0.7660 0.8350 0.7960 0.7775 0.8020 0.7462 0.8140 0.7475 0.8360 0.7588 0.8460 0.7812 0.8480 0.8337 0.8360 0.8363 0.8460 0.8237 0.8600 0.8250 0.8680 0.8387 0.8620 0.8562 0.8420 0.8562 0.8560 0.8337 0.9160 0.8962 0.9980 0.9100 0.9980 0.9700 0.9500 0.9700 0.9980
0 0.9075 0.2840 0.9000 0.2960 0.8950 0.3140 0.8862 0.3800 0.8775 0.4200 0.8762 0.4560 0.8812 0.5000 0.8938 0.5380 0.9375 0.6340 0.9712 0.6640 0.9988 0.6660 0.9988 0.4600 0.9700 0.3980 0.9712 0.3560 0.9663 0.3320 0.9337 0.2940 0.9150 0.2820
0 0.8650 0.1540 0.8287 0.1600 0.7900 0.1860 0.7712 0.1940 0.7488 0.1960 0.7425 0.2020 0.7425 0.2120 0.7462 0.2180 0.7712 0.2160 0.7963 0.2240 0.7863 0.2660 0.7688 0.3080 0.7675 0.3280 0.7750 0.3400 0.7850 0.3320 0.7900 0.3380 0.7913 0.3480 0.7788 0.3600 0.7950 0.3820 0.8075 0.4080 0.8237 0.4540 0.8363 0.4660 0.8425 0.4660 0.8488 0.4580 0.8562 0.4340 0.8725 0.4120 0.8800 0.3940 0.8862 0.3420 0.8938 0.3040 0.9050 0.2720 0.9087 0.2440 0.9062 0.2060 0.8988 0.1840 0.8838 0.1640
0 0.9988 0.1760 0.9900 0.1780 0.9800 0.1860 0.9750 0.1860 0.9587 0.1940 0.9425 0.1960 0.9287 0.2060 0.9200 0.2180 0.9125 0.2380 0.9087 0.2600 0.9087 0.2740 0.9125 0.2780 0.9163 0.2780 0.9287 0.2860 0.9513 0.3120 0.9587 0.3180 0.9700 0.3180 0.9862 0.3000 0.9988 0.2940
0 0.7575 0.1900 0.7750 0.1900 0.8000 0.1780 0.8275 0.1580 0.8462 0.1520 0.8650 0.1520 0.8788 0.1580 0.8962 0.1760 0.9062 0.1980 0.9100 0.2160 0.9150 0.2200 0.9337 0.1980 0.9988 0.1740 0.9988 0.1360 0.9700 0.1380 0.9513 0.1280 0.9075 0.1280 0.8938 0.1240 0.8650 0.1060 0.8438 0.1020 0.8137 0.1320 0.8037 0.1320 0.7887 0.1440 0.7600 0.1760
0 0.8762 0.0900 0.8788 0.0960 0.8825 0.0960 0.8850 0.1000 0.8838 0.1040 0.8775 0.1080 0.8800 0.1140 0.9012 0.1240 0.9075 0.1240 0.9087 0.1260 0.9525 0.1260 0.9738 0.1360 0.9750 0.1340 0.9812 0.1340 0.9838 0.1300 0.9825 0.1060 0.9762 0.0860 0.9563 0.0580 0.9413 0.0460 0.9225 0.0460 0.9213 0.0480 0.9163 0.0480 0.8900 0.0740 0.8825 0.0780 0.8775 0.0840
0 0.3887 0.2940 0.3875 0.3540 0.4200 0.4180 0.4175 0.4900 0.4275 0.4880 0.4437 0.4620 0.4525 0.4920 0.4700 0.5120 0.4788 0.5100 0.4788 0.4940 0.4637 0.4320 0.4725 0.3920 0.4813 0.3840 0.4975 0.3840 0.5325 0.4040 0.6375 0.3560 0.6500 0.3560 0.6787 0.3960 0.6937 0.3960 0.6925 0.3660 0.7212 0.3720 0.7438 0.3940 0.7625 0.3940 0.7675 0.3840 0.7662 0.3740 0.7262 0.3400 0.7550 0.3340 0.7650 0.3140 0.7438 0.2780 0.7375 0.2380 0.7225 0.2220 0.6012 0.2100 0.5188 0.2160 0.4238 0.2420 0.4075 0.2560
0 0.3900 0.1080 0.3700 0.0840 0.3525 0.0920 0.3187 0.0840 0.3050 0.1040 0.2750 0.1220 0.2487 0.1640 0.2100 0.1900 0.1688 0.2280 0.1525 0.2580 0.1363 0.3180 0.1338 0.3660 0.1425 0.4000 0.1613 0.4220 0.1850 0.4280 0.2200 0.4140 0.2275 0.3960 0.2487 0.3740 0.2988 0.3860 0.3250 0.3660 0.3350 0.3500 0.3287 0.3360 0.3125 0.3360 0.2950 0.3500 0.2900 0.3400 0.3125 0.2980 0.3212 0.2680 0.3663 0.1900 0.3663 0.1580 0.3725 0.1280 0.3887 0.1160
0 0.2425 0.1140 0.2475 0.1380 0.2562 0.1460 0.2737 0.1200 0.3038 0.1020 0.3137 0.0840 0.3250 0.0760 0.3425 0.0880 0.3725 0.0820 0.3800 0.0880 0.3937 0.1120 0.3987 0.1120 0.4163 0.0980 0.4313 0.0980 0.4738 0.0840 0.5062 0.0820 0.5112 0.0700 0.5000 0.0520 0.5000 0.0320 0.4950 0.0160 0.4888 0.0060 0.4775 0.0000 0.3475 0.0000 0.3463 0.0040 0.2988 0.0160 0.2725 0.0360 0.2425 0.0820
0 0.1050 0.1020 0.1062 0.1040 0.1175 0.1040 0.1363 0.0980 0.1537 0.0860 0.1775 0.0760 0.1900 0.0660 0.2213 0.0260 0.2263 0.0100 0.2275 0.0000 0.1300 0.0000 0.1288 0.0040 0.1225 0.0100 0.1138 0.0120 0.1050 0.0180 0.1037 0.0220 0.1050 0.0560 0.1025 0.0700 0.1037 0.0720
