0 0.0312 0.4960 0.0400 0.5700 0.0563 0.6100 0.0862 0.6320 0.1113 0.6820 0.1837 0.7340 0.1975 0.7360 0.2188 0.7220 0.2537 0.7160 0.2875 0.7220 0.3150 0.7380 0.3412 0.7400 0.3700 0.7380 0.3925 0.7260 0.3912 0.6780 0.3225 0.6400 0.3113 0.6080 0.3237 0.5940 0.3187 0.5760 0.2875 0.5640 0.2362 0.5620 0.2037 0.5140 0.1663 0.4840 0.1375 0.4460 0.1187 0.4360 0.0963 0.4360 0.0550 0.4480 0.0400 0.4700
0 0.8538 0.1400 0.8662 0.1520 0.8800 0.1600 0.8825 0.1640 0.8938 0.1720 0.9075 0.1900 0.9325 0.2120 0.9387 0.2200 0.9475 0.2240 0.9600 0.2340 0.9675 0.2360 0.9788 0.2140 0.9788 0.1680 0.9750 0.1540 0.9725 0.1500 0.9613 0.1440 0.9487 0.1320 0.9325 0.1300 0.9225 0.1360 0.9150 0.1360 0.9012 0.1300 0.8750 0.1300 0.8575 0.1360
0 0.1925 0.1240 0.1837 0.1080 0.1700 0.0980 0.1388 0.0960 0.1237 0.1000 0.0912 0.1000 0.0525 0.1120 0.0000 0.1420 0.0000 0.2540 0.0088 0.2700 0.0150 0.2700 0.0200 0.2660 0.0325 0.2420 0.0675 0.2360 0.1037 0.2240 0.1263 0.2080 0.1325 0.2080 0.1375 0.2140 0.1588 0.2100 0.1925 0.2140 0.1950 0.2100 0.1950 0.1840 0.1900 0.1640 0.1950 0.1440
0 0.4675 0.7340 0.4537 0.7220 0.3463 0.7480 0.3137 0.7440 0.2775 0.7260 0.2400 0.7240 0.1713 0.7520 0.0712 0.7720 0.0138 0.8020 0.0000 0.7940 0.0000 0.9940 0.0338 0.9980 0.0587 0.9820 0.1025 0.9300 0.1650 0.9000 0.3563 0.8780 0.3800 0.8900 0.3875 0.8760 0.4238 0.8520 0.4700 0.7740
0 0.3325 0.5600 0.3287 0.6040 0.3350 0.6320 0.3937 0.6760 0.4012 0.7280 0.4587 0.7160 0.4713 0.7380 0.4713 0.7800 0.4400 0.8280 0.4250 0.8640 0.4263 0.8780 0.4950 0.8940 0.6362 0.9520 0.6475 0.9420 0.6575 0.8800 0.6550 0.8240 0.6700 0.8060 0.6900 0.7400 0.6538 0.7680 0.5925 0.7660 0.5637 0.7080 0.5375 0.6760 0.5863 0.6700 0.6012 0.6580 0.6012 0.6400 0.5238 0.5780 0.3962 0.5200 0.3550 0.5300
0 0.0625 0.9900 0.0663 0.9980 0.6787 0.9980 0.6750 0.9760 0.6850 0.9720 0.6850 0.9640 0.6713 0.9760 0.6000 0.9380 0.4612 0.8900 0.3950 0.8860 0.3688 0.8940 0.3187 0.8860 0.1700 0.9040 0.0950 0.9400
0 0.7312 0.6880 0.7288 0.7020 0.6937 0.7500 0.6700 0.8160 0.6625 0.8500 0.6625 0.8940 0.6562 0.9380 0.6575 0.9600 0.6713 0.9620 0.6850 0.9400 0.6900 0.9460 0.6887 0.9980 0.8662 0.9980 0.8675 0.9580 0.8538 0.9000 0.8575 0.8440 0.8425 0.7900 0.8187 0.7460 0.7975 0.7200 0.7738 0.7060 0.7500 0.7040 0.7388 0.6880
0 0.7975 0.0300 0.7950 0.0200 0.7800 0.0000 0.7325 0.0000 0.7238 0.0140 0.7113 0.0260 0.6900 0.0320 0.6737 0.0480 0.6538 0.0600 0.6512 0.0640 0.6512 0.0760 0.6488 0.0800 0.6388 0.0820 0.6362 0.0900 0.6450 0.0960 0.6587 0.0940 0.6800 0.0980 0.6850 0.1080 0.6850 0.1260 0.6887 0.1360 0.6963 0.1460 0.6950 0.1240 0.6963 0.1140 0.7000 0.1100 0.7037 0.1100 0.7087 0.1240 0.7175 0.1260 0.7525 0.1080 0.7625 0.0980 0.7837 0.0920 0.7913 0.0860 0.7975 0.0560
0 0.2575 0.1080 0.2425 0.0940 0.2300 0.0720 0.2112 0.0680 0.1875 0.0420 0.1737 0.0400 0.0638 0.0740 0.0163 0.0740 0.0000 0.0920 0.0000 0.1360 0.0112 0.1340 0.0700 0.1020 0.0988 0.0960 0.1663 0.0940 0.1825 0.1040 0.1913 0.1160 0.1963 0.1300 0.1975 0.1480 0.2013 0.1540 0.2162 0.1580 0.2325 0.1400 0.2387 0.1260 0.2437 0.1280 0.2550 0.1160
0 0.6925 0.2660 0.6825 0.2640 0.6600 0.2440 0.6212 0.2620 0.5900 0.2600 0.5663 0.2880 0.5138 0.3260 0.4800 0.3700 0.4537 0.3720 0.4387 0.3820 0.4088 0.4480 0.4050 0.4840 0.4075 0.5160 0.4213 0.5300 0.4425 0.5340 0.4888 0.5600 0.5363 0.5780 0.5550 0.5500 0.5625 0.5200 0.5850 0.4980 0.6100 0.4520 0.6225 0.4420 0.6500 0.4460 0.6837 0.3960 0.6925 0.3460 0.6887 0.3220 0.6975 0.3100
0 0.2475 0.1340 0.2475 0.1400 0.2537 0.1440 0.3150 0.1520 0.3463 0.1640 0.3675 0.1620 0.3825 0.1500 0.4300 0.1640 0.4888 0.1500 0.4950 0.1600 0.5012 0.2000 0.4988 0.2380 0.5075 0.2420 0.5262 0.1920 0.5262 0.1620 0.5375 0.1360 0.5450 0.1040 0.5463 0.0220 0.5275 0.0240 0.5050 0.0080 0.4813 0.0000 0.3975 0.0000 0.3500 0.0160 0.2950 0.0620
0 0.0000 0.3600 0.0000 0.4020 0.0088 0.4140 0.0563 0.4420 0.0900 0.4320 0.1313 0.4380 0.1475 0.4500 0.1638 0.4760 0.2350 0.5380 0.2762 0.5360 0.2925 0.5580 0.3237 0.5640 0.3500 0.5240 0.4000 0.5060 0.4050 0.4500 0.3887 0.4200 0.3488 0.3680 0.2850 0.3280 0.1737 0.3100 0.1313 0.2920 0.0688 0.3000 0.0437 0.2900 0.0413 0.3020 0.0450 0.3160 0.0275 0.3240 0.0125 0.3520
0 0.2037 0.1960 0.2037 0.2140 0.2787 0.2280 0.3688 0.2640 0.3812 0.2740 0.4163 0.3260 0.4387 0.3420 0.4525 0.3440 0.4550 0.3540 0.4587 0.3500 0.4650 0.3580 0.4537 0.3640 0.4850 0.3540 0.5337 0.3020 0.5100 0.2580 0.4888 0.2440 0.4775 0.2280 0.4738 0.2140 0.4813 0.2000 0.4863 0.2080 0.4913 0.1960 0.4875 0.1900 0.4387 0.1760 0.4175 0.1860 0.3725 0.1800 0.3150 0.1560 0.2437 0.1440 0.2200 0.1600
0 0.0725 0.2900 0.0762 0.2960 0.1288 0.2880 0.1787 0.3080 0.2550 0.3160 0.2975 0.3300 0.3550 0.3700 0.3962 0.4220 0.3950 0.3820 0.4012 0.3460 0.4000 0.3120 0.3775 0.2740 0.3538 0.2600 0.2475 0.2240 0.1537 0.2140 0.1275 0.2240 0.0975 0.2500
0 0.7013 0.1220 0.6887 0.2240 0.7013 0.2940 0.7000 0.4060 0.7113 0.4480 0.7238 0.4520 0.7212 0.3700 0.7288 0.3460 0.7475 0.4140 0.7612 0.4220 0.7538 0.3360 0.7625 0.3060 0.7700 0.3020 0.8250 0.3520 0.8938 0.3940 0.8812 0.4760 0.8962 0.5020 0.9012 0.4600 0.9137 0.4340 0.9187 0.4380 0.9363 0.5360 0.9363 0.5740 0.9550 0.6020 0.9537 0.5300 0.9663 0.4420 0.9988 0.4040 0.9988 0.2420 0.9587 0.2380 0.8250 0.1240 0.7512 0.1120 0.7163 0.1300
