0 0.1700 0.0580 0.1575 0.0940 0.1550 0.1500 0.1613 0.1720 0.1837 0.2040 0.1925 0.2340 0.1988 0.2440 0.2087 0.2440 0.2162 0.2260 0.2313 0.2400 0.2437 0.2440 0.2550 0.2340 0.2675 0.2100 0.2712 0.2100 0.2762 0.2180 0.2737 0.2400 0.2762 0.2620 0.2925 0.2820 0.3063 0.2720 0.3088 0.2580 0.3025 0.2340 0.3050 0.1980 0.3100 0.1940 0.3187 0.2080 0.3287 0.1960 0.3100 0.1680 0.2988 0.1620 0.2800 0.1200 0.2562 0.1020 0.2525 0.0740 0.2387 0.0460 0.2225 0.0340 0.2075 0.0340 0.1862 0.0440
0 0.3337 0.0640 0.3250 0.0480 0.3200 0.0260 0.2988 0.0000 0.1925 0.0000 0.1425 0.0240 0.1212 0.0460 0.0975 0.0620 0.0887 0.0740 0.0813 0.1000 0.0638 0.1360 0.0688 0.1460 0.1062 0.1440 0.1300 0.1320 0.1512 0.1280 0.1550 0.1200 0.1562 0.0900 0.1700 0.0540 0.1837 0.0420 0.2062 0.0320 0.2238 0.0320 0.2375 0.0420 0.2525 0.0680 0.2575 0.0980 0.2787 0.1140 0.2925 0.1120 0.3137 0.1000
0 0.1850 0.0000 0.1338 0.0000 0.1325 0.0040 0.1263 0.0040 0.1087 0.0140 0.0850 0.0220 0.0675 0.0440 0.0563 0.0460 0.0525 0.0400 0.0488 0.0620 0.0437 0.0760 0.0425 0.0920 0.0350 0.1180 0.0350 0.1280 0.0437 0.1320 0.0500 0.1260 0.0663 0.1220 0.0788 0.1020 0.0838 0.0820 0.0963 0.0600 0.1225 0.0420 0.1412 0.0220 0.1775 0.0060
0 0.0000 0.9940 0.3137 0.9940 0.3375 0.8960 0.3750 0.8960 0.4300 0.8580 0.4738 0.8420 0.4938 0.8200 0.5012 0.7820 0.5312 0.7620 0.5325 0.7520 0.4900 0.7020 0.4275 0.6620 0.4263 0.6460 0.4637 0.6260 0.4575 0.6040 0.3725 0.6020 0.2913 0.5820 0.1875 0.5820 0.0737 0.6640 0.0000 0.7640
0 0.2712 0.2160 0.2437 0.2480 0.2075 0.2600 0.1875 0.2780 0.1475 0.3400 0.0650 0.5020 0.0362 0.5460 0.0112 0.6240 0.0000 0.7100 0.0000 0.7540 0.0587 0.6740 0.1737 0.5840 0.2025 0.5720 0.2475 0.5720 0.2675 0.4840 0.2775 0.4900 0.2988 0.5760 0.3212 0.5760 0.3125 0.5280 0.3113 0.4740 0.3175 0.4200 0.3013 0.3080 0.2712 0.2540
0 0.0000 0.1860 0.0000 0.3720 0.0187 0.3800 0.0262 0.3980 0.0362 0.4100 0.0537 0.4140 0.0638 0.4040 0.0838 0.4140 0.0950 0.4300 0.0988 0.4300 0.1138 0.4000 0.1163 0.3800 0.1200 0.3700 0.1338 0.3620 0.1425 0.3420 0.1388 0.3300 0.1375 0.3140 0.1325 0.3100 0.1187 0.2840 0.1100 0.2800 0.0963 0.2460 0.0887 0.2360 0.0550 0.2180 0.0350 0.2000
0 0.8037 0.2040 0.7987 0.2680 0.7863 0.3200 0.7875 0.3260 0.8037 0.3500 0.8387 0.3700 0.8450 0.3800 0.8650 0.4460 0.8812 0.4680 0.9062 0.4880 0.9437 0.5520 0.9663 0.5680 0.9800 0.5680 0.9988 0.5540 0.9988 0.3780 0.9775 0.3660 0.9575 0.3440 0.8838 0.2320 0.8550 0.2160 0.8375 0.2000 0.8213 0.1980
0 0.8500 0.1340 0.8562 0.1460 0.8688 0.1480 0.8712 0.1540 0.8638 0.1720 0.8500 0.1720 0.8438 0.1860 0.8438 0.1980 0.8575 0.2140 0.8862 0.2300 0.9350 0.3080 0.9437 0.2880 0.9775 0.2640 0.9812 0.2700 0.9812 0.2860 0.9762 0.3020 0.9762 0.3200 0.9862 0.3240 0.9900 0.3200 0.9925 0.3080 0.9988 0.3020 0.9988 0.1580 0.9900 0.1480 0.9600 0.1280 0.9275 0.1280 0.9075 0.1420 0.8850 0.1340 0.8725 0.1200 0.8638 0.1200
0 0.7975 0.1620 0.8025 0.1980 0.8137 0.1980 0.8175 0.1940 0.8400 0.1960 0.8488 0.1700 0.8600 0.1700 0.8700 0.1520 0.8562 0.1480 0.8475 0.1340 0.8625 0.1180 0.8738 0.1180 0.8838 0.1300 0.9050 0.1380 0.9250 0.1260 0.9625 0.1260 0.9988 0.1500 0.9988 0.1160 0.9862 0.1180 0.9663 0.0960 0.9537 0.0960 0.9400 0.0900 0.8750 0.0940 0.8250 0.0820 0.8063 0.0920 0.8000 0.1000
0 0.7488 0.0160 0.7275 0.0260 0.7100 0.0560 0.6887 0.1240 0.6850 0.1580 0.6700 0.1920 0.6687 0.2220 0.7100 0.2620 0.7412 0.3140 0.7538 0.3460 0.7588 0.3680 0.7625 0.3720 0.7788 0.3480 0.7800 0.3280 0.7913 0.2960 0.7963 0.2680 0.8000 0.2120 0.7950 0.1400 0.7987 0.1060 0.7950 0.0660 0.7875 0.0420 0.7750 0.0240 0.7600 0.0160
0 0.5200 0.0840 0.5200 0.1340 0.5375 0.1600 0.5463 0.1820 0.5825 0.2100 0.5875 0.2100 0.5950 0.1900 0.6012 0.1900 0.6088 0.2180 0.6175 0.2260 0.6350 0.2260 0.6525 0.2200 0.6650 0.2220 0.6675 0.2140 0.6675 0.1940 0.6800 0.1660 0.6850 0.1480 0.6875 0.1240 0.6850 0.1180 0.6012 0.0740 0.5913 0.0620 0.5813 0.0560 0.5463 0.0520 0.5350 0.0600
0 0.7700 0.0120 0.7700 0.0160 0.7775 0.0220 0.7850 0.0320 0.8037 0.0420 0.8087 0.0480 0.8175 0.0540 0.8263 0.0700 0.8337 0.0800 0.8462 0.0840 0.8475 0.0860 0.8650 0.0880 0.8662 0.0900 0.8812 0.0900 0.8825 0.0880 0.8825 0.0820 0.8788 0.0680 0.8675 0.0480 0.8600 0.0460 0.8588 0.0440 0.8525 0.0440 0.8363 0.0300 0.8237 0.0140 0.8187 0.0000 0.7738 0.0000
0 0.8250 0.0080 0.8300 0.0200 0.8462 0.0360 0.8650 0.0440 0.8712 0.0500 0.8800 0.0660 0.8850 0.0880 0.9225 0.0900 0.9363 0.0860 0.9513 0.0900 0.9537 0.0860 0.9587 0.0860 0.9675 0.0920 0.9775 0.1060 0.9875 0.1140 0.9988 0.1120 0.9988 0.0640 0.9862 0.0560 0.9650 0.0280 0.9525 0.0240 0.9337 0.0260 0.9100 0.0220 0.8912 0.0140 0.8725 0.0140 0.8625 0.0060 0.8538 0.0040 0.8525 0.0000 0.8313 0.0000
0 0.3787 0.0680 0.3613 0.0900 0.3713 0.1020 0.3713 0.1100 0.3613 0.1360 0.3525 0.1400 0.3563 0.1780 0.3350 0.2220 0.3262 0.2600 0.3125 0.2640 0.3113 0.2840 0.3200 0.3200 0.3287 0.3180 0.3387 0.3000 0.3500 0.3180 0.3650 0.3260 0.3713 0.3340 0.3850 0.3400 0.4025 0.3400 0.4163 0.3340 0.4375 0.3140 0.4512 0.2800 0.4637 0.2600 0.4662 0.2260 0.4587 0.1720 0.4462 0.1320 0.4412 0.0920 0.4338 0.0800 0.4175 0.0680
0 0.3150 0.0000 0.3150 0.0100 0.3237 0.0280 0.3275 0.0440 0.3312 0.0500 0.3387 0.0540 0.3638 0.0580 0.4000 0.0560 0.4050 0.0640 0.4163 0.0620 0.4263 0.0700 0.4525 0.0680 0.4763 0.0740 0.4900 0.0720 0.5075 0.0780 0.5138 0.0760 0.5175 0.0700 0.5088 0.0440 0.5025 0.0080 0.4988 0.0000
