0 0.2362 0.0360 0.2125 0.0340 0.1925 0.0420 0.1787 0.0560 0.1713 0.0680 0.1600 0.0960 0.1575 0.1220 0.1762 0.1560 0.1825 0.1900 0.1812 0.2000 0.1825 0.2140 0.1875 0.2200 0.1925 0.2380 0.1988 0.2460 0.2137 0.2460 0.2238 0.2300 0.2325 0.2240 0.2375 0.2160 0.2525 0.1780 0.2575 0.1540 0.2587 0.1320 0.2625 0.1280 0.2712 0.1260 0.2750 0.1160 0.2737 0.1020 0.2700 0.0900 0.2537 0.0520 0.2475 0.0440
0 0.3563 0.5440 0.3450 0.5740 0.3275 0.5780 0.3250 0.5880 0.3262 0.6660 0.3162 0.7460 0.2537 0.8740 0.2512 0.9460 0.2550 0.9660 0.2650 0.9880 0.2875 0.9980 0.4863 0.9980 0.4750 0.9220 0.4800 0.8220 0.4525 0.7200 0.4662 0.7200 0.4963 0.6820 0.4988 0.6120 0.4813 0.6060 0.4612 0.6140 0.4338 0.6480 0.3925 0.6020 0.3725 0.5400
0 0.4062 0.5980 0.4138 0.6220 0.4338 0.6380 0.4713 0.6060 0.5000 0.6080 0.4988 0.6840 0.4575 0.7280 0.4863 0.8460 0.5262 0.8920 0.5675 0.9000 0.6262 0.8900 0.6538 0.9000 0.6950 0.9320 0.7475 0.9980 0.9187 0.9980 0.9050 0.9560 0.8775 0.9240 0.8575 0.8620 0.8562 0.8340 0.8875 0.7860 0.8725 0.7560 0.8400 0.7760 0.8013 0.7600 0.7550 0.7640 0.7275 0.7500 0.6475 0.6720 0.5725 0.6260 0.5437 0.5820 0.5050 0.5580 0.4300 0.5680
0 0.3463 0.4020 0.4075 0.5700 0.4675 0.5520 0.5062 0.5540 0.5437 0.5760 0.5700 0.6140 0.6375 0.6580 0.7362 0.7500 0.7662 0.7600 0.7937 0.7520 0.8250 0.7660 0.8425 0.7600 0.8150 0.6920 0.8125 0.6700 0.8225 0.6580 0.8187 0.6400 0.7900 0.6020 0.7625 0.5860 0.7350 0.5360 0.7025 0.5020 0.5988 0.4540 0.5325 0.4020 0.4975 0.3880 0.4625 0.3520 0.3887 0.3560
0 0.4625 0.3380 0.4988 0.3840 0.5300 0.3960 0.5988 0.4500 0.7087 0.5020 0.7375 0.5340 0.7638 0.5800 0.8050 0.6120 0.8287 0.6520 0.8688 0.6520 0.9000 0.6280 0.9113 0.6020 0.9163 0.5500 0.9275 0.5340 0.9337 0.5080 0.9237 0.5000 0.9087 0.5120 0.8950 0.4780 0.8712 0.4480 0.7987 0.4380 0.7475 0.4040 0.6987 0.3860 0.6388 0.3340 0.6100 0.3200 0.5825 0.3200 0.5387 0.3420 0.5162 0.3400 0.5000 0.3260 0.4738 0.3280
0 0.0000 0.6040 0.0000 0.6560 0.0125 0.6760 0.0000 0.7080 0.0000 0.9980 0.1825 0.9980 0.1600 0.9080 0.1575 0.8780 0.1613 0.8660 0.1762 0.8500 0.2150 0.8460 0.2275 0.8380 0.2525 0.8400 0.2787 0.8100 0.2737 0.7980 0.2137 0.7900 0.1375 0.7360 0.1225 0.6920 0.1050 0.6640 0.0537 0.6560 0.0450 0.6440 0.0450 0.6200 0.0400 0.6080
0 0.7800 0.0000 0.7575 0.0360 0.7338 0.1180 0.7300 0.1600 0.7375 0.2080 0.7350 0.3500 0.7400 0.3660 0.7512 0.3720 0.7575 0.3520 0.7575 0.3180 0.7612 0.3120 0.7788 0.3140 0.8387 0.4120 0.8475 0.4340 0.8700 0.4380 0.8738 0.4340 0.8725 0.3580 0.8850 0.3100 0.8975 0.3200 0.9113 0.3500 0.9163 0.3460 0.8988 0.2860 0.8600 0.2220 0.8562 0.1900 0.8450 0.1540 0.8562 0.0960 0.8550 0.0420 0.8425 0.0140 0.8275 0.0000
0 0.8575 0.0400 0.8588 0.0880 0.8475 0.1440 0.8475 0.1540 0.8525 0.1640 0.8762 0.1760 0.8962 0.1760 0.9513 0.1980 0.9738 0.1940 0.9750 0.1960 0.9700 0.2000 0.9688 0.2080 0.9712 0.2160 0.9775 0.2200 0.9988 0.2220 0.9988 0.0860 0.9425 0.0620 0.9050 0.0540 0.8762 0.0420
0 0.6362 0.0000 0.6238 0.0180 0.6150 0.0400 0.6238 0.0660 0.6250 0.0960 0.6325 0.1160 0.6325 0.1300 0.6212 0.1760 0.6088 0.2020 0.6088 0.2120 0.6225 0.2260 0.6362 0.2520 0.6425 0.2700 0.6488 0.3120 0.6637 0.3200 0.6713 0.3320 0.6787 0.3200 0.6987 0.3180 0.7100 0.3120 0.7200 0.2980 0.7250 0.2800 0.7288 0.2500 0.7288 0.2220 0.7212 0.1820 0.7175 0.0900 0.7063 0.0280 0.6963 0.0000
0 0.2888 0.1700 0.2938 0.1900 0.3113 0.2220 0.3187 0.2580 0.3200 0.2840 0.3050 0.3020 0.3312 0.3420 0.3925 0.3480 0.4412 0.3440 0.4600 0.3260 0.4888 0.3200 0.5312 0.3400 0.5850 0.3160 0.6088 0.3160 0.6400 0.3300 0.6450 0.3220 0.6362 0.2600 0.6212 0.2300 0.6062 0.2180 0.5800 0.2080 0.5587 0.2080 0.5387 0.2220 0.4838 0.2140 0.4400 0.1960 0.4050 0.1720 0.3787 0.1680 0.3400 0.1380 0.3337 0.1420 0.3337 0.1600 0.3237 0.1600 0.3100 0.1460
0 0.4050 0.0240 0.4012 0.0420 0.4075 0.0540 0.4138 0.0800 0.4188 0.1280 0.4138 0.1700 0.4188 0.1780 0.4763 0.2080 0.5112 0.2180 0.5325 0.2180 0.5625 0.1960 0.5750 0.1720 0.5750 0.1660 0.5575 0.1580 0.5437 0.1580 0.5387 0.1500 0.5300 0.1100 0.5000 0.0720 0.4925 0.0340 0.4700 0.0000 0.4200 0.0000
0 0.5025 0.0460 0.5000 0.0540 0.5012 0.0680 0.5062 0.0780 0.5250 0.0980 0.5325 0.1100 0.5400 0.1440 0.5437 0.1520 0.5613 0.1540 0.5675 0.1580 0.5837 0.1560 0.5988 0.1660 0.6088 0.1660 0.6200 0.1580 0.6238 0.1320 0.6225 0.0740 0.6188 0.0580 0.6125 0.0460 0.6138 0.0360 0.6212 0.0200 0.6188 0.0080 0.6025 0.0040 0.6012 0.0000 0.5437 0.0000 0.5425 0.0040 0.5375 0.0040 0.5238 0.0160 0.5100 0.0320
0 0.2500 0.0340 0.2500 0.0420 0.2637 0.0640 0.2737 0.0680 0.2812 0.0760 0.2838 0.1120 0.2913 0.1320 0.2975 0.1400 0.3137 0.1420 0.3225 0.1540 0.3300 0.1540 0.3312 0.1380 0.3337 0.1340 0.3412 0.1340 0.3812 0.1640 0.4012 0.1640 0.4113 0.1480 0.4150 0.1260 0.4150 0.1120 0.4088 0.0660 0.3950 0.0360 0.3675 0.0000 0.2725 0.0000
0 0.1938 0.2520 0.1850 0.2640 0.1737 0.3200 0.1762 0.3800 0.1700 0.4120 0.1812 0.4840 0.2025 0.4960 0.1963 0.5780 0.1888 0.6220 0.1688 0.6080 0.1600 0.6140 0.1588 0.6260 0.1888 0.6960 0.2050 0.6920 0.2625 0.7580 0.3013 0.7620 0.3100 0.7520 0.3175 0.7140 0.3250 0.6380 0.3250 0.5760 0.3400 0.5700 0.3463 0.5500 0.3650 0.5320 0.3787 0.5400 0.3925 0.5880 0.4000 0.5840 0.4000 0.5740 0.3700 0.4760 0.3225 0.3720 0.3075 0.3120 0.2425 0.2540
0 0.1500 0.1120 0.1250 0.1060 0.0788 0.1100 0.0300 0.1380 0.0000 0.1800 0.0000 0.5860 0.0213 0.6060 0.0413 0.6060 0.0537 0.6400 0.0688 0.6340 0.0762 0.6020 0.0788 0.5480 0.0725 0.5200 0.0775 0.4800 0.0688 0.4520 0.0750 0.3860 0.1237 0.3000 0.1375 0.3240 0.1350 0.3880 0.1450 0.4000 0.1462 0.4140 0.1575 0.4120 0.1663 0.3880 0.1800 0.1880 0.1725 0.1520
0 0.1725 0.0520 0.1688 0.0480 0.1625 0.0340 0.1550 0.0220 0.1388 0.0080 0.1350 0.0080 0.1338 0.0060 0.1175 0.0060 0.1163 0.0080 0.1113 0.0080 0.1075 0.0120 0.0988 0.0160 0.0887 0.0340 0.0850 0.0520 0.0850 0.0660 0.0788 0.0820 0.0775 0.0980 0.0788 0.1040 0.0813 0.1060 0.0912 0.1040 0.0925 0.1020 0.1425 0.1040 0.1475 0.1000 0.1525 0.0920 0.1613 0.0880 0.1663 0.0780 0.1675 0.0720 0.1638 0.0600 0.1613 0.0580 0.1663 0.0540 0.1725 0.0540
