0 0.7025 0.1720 0.6913 0.1720 0.6663 0.1920 0.6562 0.2120 0.6512 0.2340 0.6138 0.2860 0.5938 0.3400 0.5813 0.4020 0.5837 0.4580 0.5962 0.4900 0.6212 0.5180 0.6462 0.5280 0.6887 0.5240 0.7037 0.5160 0.7300 0.4840 0.7438 0.5080 0.7475 0.5080 0.7550 0.4960 0.7612 0.4680 0.7688 0.4580 0.7688 0.4380 0.7638 0.4300 0.7538 0.4280 0.7600 0.3940 0.7612 0.3620 0.7525 0.3200 0.7625 0.2840 0.7612 0.2440 0.7438 0.2100
0 0.3950 0.0000 0.3950 0.0100 0.4012 0.0220 0.4263 0.0360 0.4363 0.0520 0.4462 0.0940 0.4300 0.1020 0.4387 0.1100 0.4512 0.1140 0.4662 0.1280 0.4738 0.1260 0.4875 0.1440 0.5038 0.1480 0.5300 0.1460 0.5363 0.1420 0.5463 0.1240 0.5613 0.1100 0.5637 0.1040 0.5625 0.0880 0.5513 0.0500 0.5387 0.0300 0.5250 0.0180 0.5162 0.0140 0.4938 0.0140 0.4763 0.0040 0.4750 0.0000
0 0.7600 0.1260 0.7575 0.1540 0.7638 0.1840 0.7588 0.2140 0.7675 0.2480 0.7600 0.3280 0.7638 0.3500 0.7662 0.4140 0.7775 0.4520 0.7963 0.4800 0.8075 0.4860 0.8250 0.4800 0.8475 0.4820 0.8812 0.4580 0.8925 0.4440 0.8988 0.4580 0.9062 0.4580 0.9100 0.4360 0.9100 0.3860 0.9062 0.3560 0.8912 0.3080 0.8750 0.2860 0.8588 0.2460 0.8450 0.1760 0.8375 0.1640 0.8213 0.1540 0.8125 0.1420 0.7937 0.1440 0.7825 0.1320
0 0.8638 0.0380 0.8525 0.0480 0.8425 0.0700 0.8363 0.1120 0.8387 0.1520 0.8525 0.1900 0.8612 0.2440 0.8725 0.2080 0.8800 0.2180 0.8750 0.2420 0.8762 0.2540 0.8838 0.2560 0.8875 0.2480 0.9225 0.2680 0.9313 0.3560 0.9163 0.4200 0.9200 0.4320 0.9275 0.4320 0.9437 0.4040 0.9563 0.4100 0.9625 0.4020 0.9663 0.3800 0.9762 0.3600 0.9850 0.3260 0.9988 0.3080 0.9988 0.1040 0.9525 0.0460 0.9213 0.0380 0.8862 0.0420
0 0.5988 0.0700 0.5900 0.0700 0.5700 0.0840 0.5737 0.0960 0.5725 0.1020 0.5500 0.1240 0.5413 0.1380 0.5350 0.1640 0.5363 0.1840 0.5062 0.2320 0.5075 0.2420 0.5212 0.2500 0.5300 0.2480 0.5337 0.2540 0.5375 0.2920 0.5513 0.2980 0.5637 0.3200 0.5625 0.3520 0.5650 0.3640 0.5775 0.3740 0.5837 0.3700 0.5950 0.3240 0.6088 0.2900 0.6488 0.2340 0.6512 0.2180 0.6587 0.2000 0.6575 0.1780 0.6625 0.1540 0.6600 0.1320 0.6525 0.1180 0.6412 0.1100 0.6275 0.0880
0 0.5487 0.3000 0.5400 0.2980 0.5300 0.3140 0.5000 0.3060 0.4975 0.2900 0.4800 0.3020 0.4363 0.3620 0.4200 0.4180 0.4188 0.4580 0.3862 0.5100 0.3175 0.5780 0.2963 0.6080 0.2700 0.6740 0.2612 0.7300 0.2650 0.7880 0.2850 0.8360 0.2963 0.8460 0.3300 0.8440 0.4788 0.8020 0.5312 0.7520 0.5475 0.6860 0.5500 0.5560 0.5675 0.5340 0.5800 0.4640 0.5775 0.4340 0.5575 0.3580 0.5600 0.3200
0 0.3638 0.3140 0.3312 0.3260 0.3125 0.3220 0.2988 0.3320 0.2875 0.3540 0.1625 0.4960 0.1212 0.5540 0.1000 0.6140 0.0963 0.6860 0.0825 0.7280 0.0850 0.7640 0.0975 0.8140 0.1288 0.8380 0.1613 0.8440 0.2137 0.8280 0.2350 0.8440 0.2500 0.8180 0.2575 0.7880 0.2625 0.6880 0.2812 0.6320 0.3137 0.5760 0.3912 0.4940 0.3675 0.3880 0.3688 0.3700 0.3837 0.3540
0 0.0288 0.2960 0.0000 0.3080 0.0000 0.8020 0.0075 0.8260 0.0213 0.8360 0.0362 0.8320 0.0400 0.8620 0.0575 0.8740 0.0650 0.8560 0.0688 0.7980 0.0788 0.7640 0.0775 0.7320 0.0912 0.6880 0.0925 0.6320 0.1087 0.5720 0.1275 0.5340 0.1300 0.4580 0.1212 0.4080 0.1000 0.3480 0.0788 0.3180 0.0600 0.3020
0 0.1562 0.1580 0.1313 0.1600 0.1075 0.1820 0.0700 0.2360 0.0525 0.2900 0.0737 0.3020 0.0900 0.3220 0.1138 0.3740 0.1350 0.4420 0.1338 0.5220 0.1462 0.5140 0.1787 0.4720 0.2325 0.4180 0.2687 0.3640 0.2612 0.3060 0.2500 0.2620 0.1950 0.1880 0.1725 0.1660
0 0.1250 0.1160 0.1138 0.1040 0.1013 0.1020 0.0700 0.1180 0.0575 0.1300 0.0400 0.1620 0.0000 0.2160 0.0000 0.3060 0.0175 0.2940 0.0462 0.2940 0.0663 0.2380 0.0800 0.2140 0.1225 0.1620 0.1363 0.1540 0.1338 0.1380
0 0.2137 0.0760 0.2100 0.1080 0.2112 0.1340 0.2288 0.1240 0.2800 0.1200 0.3638 0.1640 0.4225 0.1760 0.4300 0.1660 0.4213 0.1180 0.4225 0.0860 0.4412 0.0880 0.4350 0.0540 0.4250 0.0380 0.3987 0.0240 0.3850 0.0000 0.2512 0.0000 0.2275 0.0360
0 0.1975 0.1760 0.2000 0.1900 0.2500 0.2560 0.2662 0.3080 0.2938 0.3240 0.3162 0.3140 0.3337 0.3200 0.3625 0.3080 0.3887 0.3520 0.3875 0.3700 0.3975 0.3780 0.4213 0.3840 0.4275 0.3780 0.4350 0.3540 0.4188 0.3340 0.4213 0.3300 0.4500 0.3340 0.4938 0.2840 0.5075 0.3020 0.5212 0.3000 0.5337 0.2760 0.5300 0.2540 0.5012 0.2420 0.4713 0.2020 0.4800 0.1620 0.4750 0.1320 0.4425 0.1880 0.4050 0.1740 0.3663 0.1700 0.2787 0.1240 0.2200 0.1320 0.2025 0.1580
0 0.7300 0.8920 0.6963 0.8780 0.6425 0.7900 0.5800 0.7600 0.5387 0.7580 0.4800 0.8060 0.3775 0.8380 0.2500 0.8640 0.1625 0.8540 0.0850 0.9140 0.0450 0.8880 0.0025 0.8900 0.0000 0.9060 0.0288 0.9300 0.0200 0.9980 0.6200 0.9980 0.6475 0.9760 0.6850 0.9660 0.6950 0.9260 0.7262 0.9080
