0 0.3850 0.2220 0.3375 0.2140 0.3162 0.2320 0.3038 0.2540 0.2925 0.2960 0.2838 0.3120 0.2225 0.3720 0.1963 0.3900 0.1837 0.4100 0.1663 0.4660 0.1650 0.5320 0.1700 0.5600 0.1888 0.5980 0.2675 0.6040 0.2725 0.6140 0.2775 0.6140 0.3038 0.5920 0.3250 0.5000 0.3287 0.4380 0.3337 0.4200 0.3538 0.3860 0.3950 0.3660 0.4075 0.3340 0.4037 0.2880 0.3912 0.2320
0 0.9187 0.5640 0.8950 0.5100 0.8400 0.4780 0.7863 0.4840 0.7188 0.5120 0.5050 0.6980 0.4500 0.7320 0.3563 0.8500 0.2950 0.8820 0.2650 0.9380 0.2900 0.9460 0.2900 0.9900 0.3025 0.9980 0.6488 0.9940 0.6613 0.9620 0.7588 0.8920 0.8375 0.8160 0.8925 0.8320 0.9187 0.7380
0 0.4225 0.3880 0.4000 0.3780 0.3688 0.3800 0.3500 0.3940 0.3375 0.4200 0.3113 0.5880 0.3150 0.6600 0.3063 0.7660 0.3050 0.8640 0.3262 0.8540 0.3450 0.8540 0.4050 0.7920 0.4525 0.7220 0.4500 0.6760 0.4637 0.6300 0.4662 0.5800 0.4600 0.5280 0.4437 0.4840 0.4450 0.4220 0.4350 0.4000
0 0.2512 0.1400 0.2037 0.1240 0.1550 0.1480 0.1212 0.1480 0.0775 0.1900 0.0000 0.2960 0.0000 0.4840 0.0488 0.5720 0.0462 0.6280 0.0575 0.7200 0.0775 0.7460 0.0887 0.7400 0.0788 0.6740 0.0788 0.6340 0.0975 0.4920 0.1113 0.4660 0.1212 0.5000 0.1300 0.5020 0.1462 0.4400 0.1963 0.3640 0.2050 0.3760 0.2288 0.3560 0.2362 0.2940 0.2512 0.2460 0.2537 0.2040 0.2650 0.1860 0.2600 0.1560
0 0.4363 0.0120 0.4088 0.0300 0.3925 0.0660 0.3887 0.1320 0.3937 0.1860 0.4125 0.2560 0.4213 0.3420 0.4275 0.3420 0.4300 0.2220 0.4363 0.2260 0.4500 0.3480 0.4625 0.3920 0.4475 0.4280 0.4500 0.4720 0.4587 0.4660 0.4700 0.5020 0.4825 0.5160 0.4975 0.5700 0.5088 0.5700 0.5325 0.5420 0.5437 0.5180 0.5463 0.4620 0.5813 0.3400 0.5825 0.2680 0.5513 0.1400 0.5200 0.0620 0.4750 0.0140
0 0.7762 0.0760 0.7525 0.0640 0.7225 0.0640 0.7063 0.0840 0.6837 0.1380 0.6687 0.1620 0.6475 0.2140 0.6412 0.2420 0.6288 0.3280 0.6300 0.3820 0.6250 0.4100 0.6300 0.4200 0.6412 0.4220 0.6525 0.3860 0.6687 0.3620 0.6675 0.3300 0.6713 0.3220 0.6963 0.3460 0.7662 0.3500 0.7775 0.2900 0.7900 0.2600 0.7950 0.2240 0.7950 0.1600 0.7913 0.1120 0.7850 0.0900
0 0.6737 0.3380 0.6775 0.3900 0.6550 0.4580 0.6175 0.5140 0.6175 0.5420 0.6250 0.5580 0.6400 0.5660 0.7100 0.5120 0.7700 0.4840 0.8150 0.4720 0.8575 0.4800 0.8962 0.5060 0.9237 0.5800 0.9213 0.7240 0.9100 0.7860 0.9450 0.7720 0.9788 0.7340 0.9938 0.6900 0.9888 0.6060 0.9688 0.5260 0.9350 0.4600 0.8988 0.4200 0.8500 0.3920 0.7963 0.3780 0.7562 0.3520 0.6937 0.3500
0 0.9950 0.0600 0.9762 0.0680 0.9625 0.0940 0.8888 0.2980 0.8512 0.3760 0.8512 0.3840 0.8612 0.3880 0.8938 0.3400 0.9050 0.3160 0.9087 0.3160 0.9150 0.3300 0.9263 0.3880 0.9487 0.4580 0.9738 0.4920 0.9812 0.4920 0.9862 0.4840 0.9850 0.4340 0.9925 0.4160 0.9988 0.4120 0.9988 0.3660 0.9912 0.3580 0.9925 0.3200 0.9988 0.3020 0.9988 0.0620
0 0.0187 0.1020 0.0200 0.1120 0.0325 0.1040 0.0537 0.1040 0.0750 0.1160 0.0988 0.1600 0.1225 0.1440 0.1550 0.1440 0.1988 0.1220 0.2087 0.1200 0.2288 0.1260 0.2263 0.1000 0.2325 0.0620 0.2288 0.0580 0.1775 0.0420 0.0762 0.0420 0.0612 0.0460 0.0350 0.0620 0.0275 0.0740
0 0.2313 0.1160 0.2375 0.1360 0.2550 0.1420 0.2625 0.1580 0.2737 0.1500 0.2838 0.1540 0.2950 0.1760 0.2950 0.2020 0.3150 0.2040 0.3250 0.1940 0.3300 0.1580 0.3375 0.1400 0.3488 0.1460 0.3525 0.1740 0.3575 0.1820 0.3713 0.1780 0.3875 0.1580 0.3862 0.1040 0.3912 0.0620 0.4075 0.0280 0.4213 0.0160 0.4537 0.0060 0.4688 0.0080 0.4988 0.0320 0.5250 0.0640 0.5262 0.0500 0.5112 0.0240 0.4863 0.0000 0.2687 0.0000 0.2450 0.0300 0.2325 0.0780
