0 0.2300 0.0000 0.2288 0.0080 0.2325 0.0300 0.2362 0.0420 0.2500 0.0640 0.2500 0.0900 0.2525 0.1000 0.2600 0.1100 0.2625 0.1200 0.2812 0.1580 0.2850 0.1580 0.2925 0.1520 0.3075 0.1240 0.3175 0.1140 0.3362 0.1060 0.3513 0.1060 0.3525 0.0780 0.3500 0.0480 0.3450 0.0240 0.3400 0.0080 0.3350 0.0000
0 0.5475 0.1340 0.5363 0.1360 0.5212 0.1520 0.5025 0.1540 0.4950 0.1600 0.4350 0.2520 0.4213 0.2880 0.4113 0.3400 0.4175 0.3520 0.4387 0.3620 0.4425 0.3680 0.4425 0.3980 0.4387 0.4100 0.4150 0.4180 0.4125 0.4240 0.4150 0.4340 0.4500 0.4520 0.4863 0.4460 0.5025 0.4360 0.5162 0.4180 0.5312 0.4080 0.5413 0.3920 0.5463 0.3700 0.5450 0.3400 0.5500 0.3240 0.5513 0.3000 0.5563 0.2920 0.5637 0.2920 0.5675 0.2840 0.5775 0.2340 0.5737 0.2220 0.5625 0.2120 0.5737 0.1640
0 0.5775 0.1640 0.5650 0.2080 0.5813 0.2240 0.5713 0.2800 0.5713 0.3380 0.5900 0.4020 0.5775 0.4580 0.5800 0.5220 0.5275 0.5600 0.4813 0.5380 0.4713 0.5520 0.5312 0.6160 0.5563 0.6200 0.5950 0.6840 0.6425 0.6980 0.6913 0.6940 0.7037 0.6820 0.7200 0.6360 0.7338 0.5380 0.7338 0.4720 0.7212 0.3860 0.6650 0.2200 0.6613 0.1960 0.6475 0.1680
0 0.7063 0.1480 0.6925 0.1720 0.6837 0.2200 0.6837 0.2580 0.6950 0.3020 0.7238 0.3800 0.7450 0.5580 0.7375 0.5780 0.7388 0.6080 0.7688 0.6700 0.7712 0.6960 0.7913 0.7060 0.7987 0.6960 0.8150 0.6280 0.8275 0.6140 0.8413 0.6120 0.8488 0.5900 0.8450 0.5620 0.8275 0.5360 0.8275 0.5240 0.8488 0.4520 0.8500 0.3820 0.8438 0.3440 0.8275 0.2980 0.8137 0.2380 0.7913 0.1780 0.7812 0.1620 0.7625 0.1480 0.7350 0.1360
0 0.7650 0.1420 0.7650 0.1460 0.7812 0.1560 0.8063 0.2020 0.8150 0.1980 0.8287 0.1820 0.8313 0.1860 0.8275 0.2340 0.8300 0.2460 0.8400 0.2400 0.8550 0.2160 0.8700 0.1780 0.8875 0.1980 0.9163 0.2120 0.9350 0.1820 0.9475 0.1740 0.9750 0.1740 0.9988 0.1800 0.9988 0.1080 0.9838 0.0920 0.9563 0.0740 0.9025 0.0540 0.8588 0.0560 0.8375 0.0620 0.8063 0.0920
0 0.9587 0.1740 0.9425 0.1780 0.9300 0.1900 0.9038 0.2520 0.8962 0.2800 0.8875 0.3520 0.8738 0.3820 0.8588 0.4360 0.8525 0.4900 0.8612 0.5380 0.8725 0.5260 0.8762 0.5120 0.8812 0.5260 0.8800 0.5440 0.8888 0.5440 0.8938 0.5520 0.8938 0.5940 0.9000 0.6240 0.9163 0.6320 0.9350 0.6200 0.9437 0.5820 0.9587 0.5700 0.9663 0.5840 0.9688 0.6380 0.9738 0.6400 0.9900 0.5920 0.9988 0.5480 0.9988 0.4160 0.9938 0.3700 0.9938 0.3420 0.9988 0.3200 0.9988 0.1840
0 0.3137 0.6160 0.3312 0.6620 0.3237 0.7400 0.3325 0.7860 0.3550 0.8420 0.3900 0.8780 0.4425 0.8860 0.4863 0.9260 0.5387 0.9440 0.5913 0.9460 0.6600 0.9280 0.7800 0.9640 0.9113 0.9400 0.8850 0.8020 0.8975 0.7960 0.8962 0.7820 0.8588 0.7400 0.8450 0.7400 0.8538 0.7780 0.8438 0.7800 0.7612 0.7000 0.6062 0.6960 0.5212 0.6560 0.4900 0.6080 0.4363 0.5800 0.3800 0.5920 0.3438 0.6380
0 0.8688 0.5440 0.8538 0.5700 0.8462 0.6200 0.8413 0.6240 0.8337 0.6180 0.8287 0.6240 0.8250 0.6660 0.8425 0.7300 0.8550 0.7300 0.8888 0.7720 0.8975 0.7760 0.9012 0.7840 0.8962 0.8140 0.9237 0.8480 0.9450 0.8480 0.9550 0.8340 0.9663 0.8940 0.9712 0.9040 0.9788 0.9040 0.9838 0.8960 0.9838 0.8700 0.9738 0.7960 0.9738 0.7220 0.9800 0.7140 0.9712 0.6940 0.9688 0.6320 0.9563 0.5700 0.9525 0.5700 0.9425 0.5860 0.9250 0.6360 0.9075 0.6340 0.8975 0.6220 0.8925 0.6020 0.8912 0.5520
0 0.6538 0.0000 0.6525 0.0180 0.6450 0.0280 0.6388 0.0440 0.6225 0.0620 0.6138 0.0800 0.6062 0.1080 0.6050 0.1480 0.6075 0.1580 0.6288 0.1580 0.6462 0.1620 0.6575 0.1780 0.6613 0.1900 0.6675 0.2000 0.6775 0.2040 0.6813 0.2020 0.6863 0.1800 0.7037 0.1420 0.7063 0.1040 0.7087 0.1000 0.7200 0.1000 0.7388 0.1080 0.7400 0.1020 0.7325 0.0860 0.7200 0.0720 0.6963 0.0360 0.6787 0.0200 0.6800 0.0140 0.6775 0.0000
0 0.2575 0.1120 0.2500 0.1040 0.2288 0.1000 0.1988 0.1100 0.1837 0.1200 0.1725 0.1320 0.1525 0.1660 0.1325 0.2220 0.1025 0.2720 0.0988 0.2700 0.1013 0.2520 0.0975 0.2320 0.0938 0.2280 0.0862 0.2400 0.0875 0.2640 0.0925 0.2820 0.0887 0.3020 0.0912 0.3380 0.1288 0.2980 0.1575 0.2760 0.2013 0.2620 0.2263 0.2640 0.2362 0.2320 0.2525 0.2140 0.2737 0.1720 0.2737 0.1640
0 0.4788 0.0080 0.4750 0.0200 0.4750 0.0340 0.4713 0.0480 0.4713 0.0720 0.4750 0.0920 0.4800 0.1060 0.4913 0.1080 0.5012 0.1140 0.5062 0.1220 0.5038 0.1340 0.5112 0.1460 0.5225 0.1460 0.5400 0.1300 0.5525 0.1300 0.5563 0.1400 0.5675 0.1500 0.5750 0.1480 0.5825 0.1280 0.5837 0.1160 0.5875 0.1040 0.5887 0.0840 0.5837 0.0640 0.5725 0.0440 0.5613 0.0340 0.5463 0.0280 0.5387 0.0220 0.5262 0.0060 0.5200 0.0040 0.5188 0.0000 0.4863 0.0000 0.4850 0.0040
0 0.2550 0.3320 0.2412 0.2920 0.2238 0.2680 0.1950 0.2660 0.1663 0.2740 0.1325 0.2980 0.1150 0.3160 0.0450 0.4100 0.0112 0.4300 0.0037 0.4420 0.0000 0.4580 0.0450 0.4300 0.0737 0.4200 0.1175 0.4180 0.1638 0.4300 0.1825 0.4180 0.2375 0.4000 0.2587 0.3820
0 0.1675 0.4340 0.2387 0.4780 0.2687 0.5120 0.2938 0.5640 0.3050 0.5720 0.3387 0.5440 0.3700 0.5480 0.4263 0.5260 0.4550 0.5280 0.4763 0.5080 0.4713 0.4980 0.4325 0.4940 0.4000 0.4800 0.3925 0.4700 0.4000 0.4320 0.4113 0.4140 0.4350 0.4020 0.4412 0.3720 0.4113 0.3520 0.3925 0.3240 0.3613 0.2960 0.3438 0.2600 0.3237 0.2460 0.3162 0.2500 0.3150 0.2980 0.3250 0.3200 0.2988 0.3600 0.2512 0.3960 0.1775 0.4240
0 0.0000 0.4660 0.0000 0.8080 0.0138 0.8280 0.0325 0.9000 0.0413 0.9040 0.0462 0.8900 0.0437 0.7500 0.0963 0.7620 0.1388 0.7620 0.1725 0.7500 0.2288 0.8700 0.2288 0.9480 0.2512 0.9440 0.2675 0.8540 0.2562 0.8060 0.2975 0.7180 0.3125 0.6520 0.3063 0.6180 0.3088 0.5840 0.2900 0.5640 0.2712 0.5200 0.2362 0.4800 0.1450 0.4300 0.0750 0.4240
0 0.3650 0.1200 0.3513 0.1100 0.3350 0.1100 0.3125 0.1220 0.3025 0.1360 0.2950 0.1540 0.2825 0.1660 0.2650 0.1940 0.2562 0.2140 0.2462 0.2220 0.2338 0.2420 0.2300 0.2680 0.2425 0.2900 0.2487 0.3120 0.2562 0.3220 0.2587 0.3580 0.2650 0.3780 0.2712 0.3780 0.2825 0.3640 0.2900 0.3340 0.3113 0.2960 0.3137 0.2460 0.3162 0.2420 0.3300 0.2460 0.3350 0.2440 0.3400 0.2300 0.3563 0.2040 0.3787 0.1860 0.3837 0.1780 0.3850 0.1600 0.3750 0.1340
