0 0.4475 0.0000 0.3550 0.0000 0.3362 0.0360 0.3237 0.0900 0.3212 0.1360 0.3113 0.1840 0.3113 0.1960 0.3513 0.2360 0.3738 0.2720 0.3937 0.3120 0.3962 0.3120 0.4000 0.3020 0.4037 0.2740 0.4113 0.2460 0.4088 0.2160 0.4150 0.1820 0.4163 0.1540 0.4275 0.0920 0.4350 0.0700 0.4562 0.0440 0.4550 0.0240
0 0.1862 0.0320 0.1562 0.0520 0.1425 0.0520 0.1363 0.0400 0.0988 0.0980 0.0437 0.1420 0.0187 0.1860 0.0000 0.2360 0.0000 0.4540 0.0462 0.5380 0.0563 0.5320 0.1100 0.4520 0.1150 0.3720 0.1375 0.3040 0.1412 0.3200 0.1375 0.3260 0.1412 0.4000 0.1575 0.4040 0.1575 0.3160 0.1750 0.2200 0.1750 0.1620 0.1975 0.0960 0.1950 0.0700 0.2000 0.0520
0 0.2213 0.1680 0.2225 0.1980 0.1988 0.2760 0.2013 0.3360 0.2112 0.3880 0.2238 0.3940 0.2437 0.3560 0.2562 0.3580 0.2612 0.4160 0.2988 0.4940 0.3088 0.5520 0.3025 0.5640 0.3713 0.6460 0.4012 0.7600 0.4338 0.7560 0.4387 0.6780 0.4575 0.5980 0.4875 0.5360 0.5250 0.5060 0.5325 0.4780 0.5125 0.4980 0.4550 0.5080 0.4425 0.4480 0.3912 0.3140 0.3550 0.2460 0.3088 0.2000 0.2825 0.1860 0.2487 0.1880
0 0.2537 0.3580 0.2475 0.3580 0.2250 0.4020 0.1800 0.4100 0.1113 0.4580 0.0700 0.5160 0.0312 0.5920 0.0000 0.6940 0.0000 0.9980 0.0650 0.9920 0.0850 0.9240 0.1675 0.7540 0.2188 0.7080 0.2400 0.6620 0.2838 0.6700 0.3063 0.6420 0.2975 0.5020 0.2850 0.4640 0.2575 0.4160
0 0.5850 0.3560 0.5825 0.3780 0.5575 0.4200 0.5500 0.4580 0.5650 0.5120 0.5913 0.5200 0.6200 0.5520 0.6375 0.5980 0.6488 0.6500 0.6512 0.7100 0.6438 0.7740 0.6425 0.9080 0.6488 0.9900 0.6525 0.9980 0.7600 0.9940 0.7712 0.9820 0.7850 0.9440 0.7900 0.8700 0.7775 0.6180 0.7562 0.4900 0.7338 0.4320 0.7150 0.4020 0.6875 0.3760 0.6462 0.3500 0.6062 0.3640
0 0.3488 0.6580 0.3425 0.6520 0.3125 0.6520 0.3038 0.6640 0.2988 0.6840 0.2587 0.6840 0.2475 0.6700 0.2400 0.6720 0.2238 0.7100 0.1688 0.7580 0.0925 0.9140 0.0700 0.9980 0.3675 0.9980 0.3750 0.9500 0.3750 0.9160 0.3638 0.8300 0.3425 0.7720 0.3563 0.7520 0.3488 0.7160
0 0.5537 0.4800 0.5437 0.4900 0.5325 0.5200 0.5125 0.5220 0.4888 0.5420 0.4763 0.5620 0.4537 0.6240 0.4400 0.7080 0.4425 0.7440 0.4487 0.7560 0.4462 0.7880 0.3937 0.9980 0.6225 0.9980 0.6275 0.9860 0.6412 0.8820 0.6412 0.7640 0.6488 0.7040 0.6462 0.6540 0.6338 0.5940 0.6188 0.5560 0.5962 0.5280 0.5650 0.5200
0 0.9788 0.1180 0.9500 0.1180 0.9225 0.1320 0.9113 0.1440 0.9050 0.1620 0.9025 0.1840 0.9038 0.2500 0.9275 0.2680 0.9337 0.2860 0.9325 0.3300 0.9350 0.3720 0.9313 0.4000 0.9225 0.4280 0.9263 0.4360 0.9363 0.4280 0.9437 0.3960 0.9575 0.3640 0.9575 0.3480 0.9613 0.3320 0.9700 0.3180 0.9812 0.3080 0.9988 0.3000 0.9988 0.1360 0.9912 0.1260
0 0.8862 0.0060 0.8875 0.0580 0.8825 0.1020 0.8775 0.1260 0.8762 0.1400 0.8788 0.1520 0.8888 0.1520 0.9025 0.1280 0.9175 0.1320 0.9475 0.1160 0.9800 0.1160 0.9988 0.1300 0.9988 0.0160 0.9788 0.0060 0.9587 0.0040 0.9575 0.0000 0.8912 0.0000
0 0.7887 0.0000 0.7850 0.0100 0.7850 0.0160 0.8037 0.0540 0.8063 0.1020 0.8100 0.1140 0.8250 0.1360 0.8313 0.1240 0.8400 0.1180 0.8450 0.1180 0.8462 0.1240 0.8425 0.1480 0.8387 0.1520 0.8450 0.1680 0.8475 0.1700 0.8588 0.1680 0.8612 0.1640 0.8638 0.1460 0.8688 0.1320 0.8762 0.1200 0.8800 0.1040 0.8825 0.0740 0.8862 0.0560 0.8862 0.0340 0.8812 0.0000
0 0.6913 0.0000 0.7050 0.0400 0.7212 0.1040 0.7275 0.1160 0.7338 0.1380 0.7400 0.1440 0.7425 0.1620 0.7500 0.1860 0.7712 0.2140 0.7812 0.2220 0.7950 0.2420 0.8013 0.2420 0.8050 0.2140 0.8137 0.2120 0.8163 0.2000 0.8163 0.1740 0.8113 0.1520 0.8150 0.1500 0.8300 0.1600 0.8313 0.1560 0.8287 0.1480 0.8063 0.1120 0.7825 0.0280 0.7738 0.0140 0.7600 0.0000
0 0.6138 0.0000 0.6062 0.0340 0.6062 0.0900 0.6212 0.1660 0.6325 0.1880 0.6325 0.2120 0.6025 0.3260 0.6025 0.3420 0.6075 0.3460 0.6188 0.3420 0.6300 0.3220 0.6412 0.2820 0.6462 0.2780 0.6550 0.2940 0.6625 0.3420 0.6687 0.3580 0.7325 0.4120 0.7525 0.3520 0.7475 0.3280 0.7388 0.3220 0.7325 0.3040 0.7312 0.2540 0.7388 0.2240 0.7400 0.1840 0.7312 0.1360 0.7175 0.1000 0.6987 0.0260 0.6850 0.0000
0 0.7987 0.2740 0.7863 0.3180 0.7488 0.3760 0.7388 0.4340 0.7675 0.5220 0.7850 0.6720 0.8313 0.7720 0.8300 0.8020 0.8475 0.8780 0.8638 0.9140 0.8775 0.9220 0.9012 0.9220 0.9213 0.8920 0.9313 0.8980 0.9450 0.9240 0.9988 0.9160 0.9988 0.6600 0.8888 0.3840 0.8575 0.3300 0.8163 0.3120 0.8063 0.2780
0 0.4963 0.0180 0.4900 0.0200 0.4838 0.0480 0.4575 0.0480 0.4350 0.0760 0.4200 0.1500 0.4150 0.2460 0.4000 0.3140 0.4012 0.3340 0.4450 0.4440 0.4587 0.5040 0.5125 0.4920 0.5200 0.4500 0.5325 0.4280 0.5400 0.4020 0.5425 0.3700 0.5600 0.3600 0.5750 0.3660 0.5775 0.3600 0.5750 0.3360 0.5587 0.3360 0.5487 0.3280 0.5475 0.3080 0.5337 0.2560 0.5463 0.1880 0.5463 0.1500 0.5413 0.1180 0.5262 0.0780 0.4975 0.0520
0 0.2000 0.0000 0.1950 0.0340 0.2050 0.0580 0.2000 0.0880 0.2000 0.1400 0.2050 0.1840 0.2125 0.1840 0.2200 0.1600 0.2263 0.1600 0.2425 0.1760 0.2475 0.1740 0.2575 0.1820 0.2662 0.1820 0.2725 0.1760 0.2750 0.1260 0.2800 0.0960 0.2800 0.0580 0.2963 0.0240 0.3038 0.0340 0.3137 0.1200 0.3187 0.1200 0.3262 0.0000
