0 0.5925 0.8820 0.5875 0.8620 0.5363 0.8200 0.5125 0.7700 0.4800 0.7400 0.4412 0.7560 0.3762 0.7580 0.1412 0.8180 0.0275 0.8720 0.0000 0.8920 0.0000 0.9980 0.4938 0.9980 0.5550 0.9440 0.5850 0.9060
0 0.0000 0.8860 0.0425 0.8580 0.1025 0.8280 0.1812 0.8020 0.2700 0.7840 0.2825 0.7780 0.2838 0.7700 0.2400 0.6980 0.2362 0.6820 0.2250 0.6680 0.2112 0.6640 0.1975 0.6740 0.1388 0.6720 0.1113 0.6560 0.0838 0.6600 0.0425 0.6960 0.0000 0.7180
0 0.1125 0.1940 0.0963 0.1820 0.0788 0.1800 0.0500 0.1980 0.0200 0.2420 0.0000 0.2900 0.0000 0.5060 0.0150 0.4900 0.0200 0.4900 0.0288 0.5040 0.0400 0.5020 0.0462 0.4920 0.0650 0.4460 0.0663 0.4220 0.0762 0.4140 0.1062 0.3620 0.1150 0.3100 0.1313 0.3140 0.1500 0.3280 0.1650 0.3180 0.1762 0.2960 0.1762 0.2840
0 0.3075 0.0960 0.3025 0.0860 0.2750 0.0580 0.2712 0.0480 0.2712 0.0260 0.2662 0.0140 0.2550 0.0040 0.2437 0.0060 0.2300 0.0000 0.1537 0.0360 0.0825 0.0920 0.0725 0.1060 0.0575 0.1420 0.0563 0.1780 0.0587 0.1840 0.0775 0.1760 0.1013 0.1800 0.1388 0.2200 0.1325 0.1980 0.1338 0.1820 0.1375 0.1760 0.1888 0.1640 0.2425 0.1020 0.2762 0.0980 0.2875 0.1020 0.3025 0.1160 0.3075 0.1100
0 0.3600 0.1260 0.3613 0.1400 0.3525 0.1720 0.3538 0.2120 0.3775 0.2700 0.3925 0.2920 0.4637 0.3360 0.4875 0.3760 0.5325 0.4020 0.5437 0.4240 0.5625 0.4380 0.5763 0.4260 0.5513 0.3900 0.5513 0.3820 0.5988 0.3880 0.6150 0.3760 0.6162 0.3660 0.5950 0.3120 0.5875 0.2700 0.5875 0.2540 0.5950 0.2280 0.5950 0.2000 0.5863 0.1800 0.5825 0.1780 0.5713 0.2020 0.5687 0.2300 0.5637 0.2400 0.5500 0.2140 0.5288 0.1940 0.5012 0.1900 0.4600 0.1640 0.4437 0.1280 0.4263 0.1140 0.3875 0.1080
0 0.2787 0.0140 0.2787 0.0500 0.2825 0.0600 0.2925 0.0640 0.2975 0.0580 0.3088 0.0780 0.3337 0.0960 0.3325 0.1200 0.3175 0.1640 0.3212 0.1680 0.3287 0.1660 0.3400 0.1400 0.3538 0.1180 0.3600 0.1160 0.3688 0.1200 0.3912 0.1040 0.4213 0.1080 0.4462 0.1280 0.4738 0.1260 0.4688 0.1040 0.4600 0.0880 0.4450 0.0740 0.4437 0.0600 0.4363 0.0380 0.4100 0.0000 0.2825 0.0000
0 0.4487 0.0440 0.4475 0.0660 0.4562 0.0880 0.4662 0.1000 0.4863 0.1100 0.4938 0.1260 0.5138 0.1540 0.5325 0.1640 0.5625 0.1920 0.5737 0.1900 0.5813 0.1740 0.5900 0.1800 0.6150 0.1800 0.6375 0.1640 0.6362 0.1280 0.6325 0.1100 0.6250 0.0880 0.6162 0.0740 0.6012 0.0600 0.5737 0.0580 0.5600 0.0500 0.5437 0.0340 0.5175 0.0000 0.4700 0.0000 0.4612 0.0140
0 0.7488 0.2400 0.7550 0.2560 0.7700 0.2700 0.7837 0.2580 0.8075 0.2560 0.8425 0.2780 0.8650 0.3240 0.8712 0.3780 0.8938 0.4260 0.9200 0.4440 0.9437 0.4520 0.9875 0.4880 0.9988 0.4900 0.9988 0.3060 0.9788 0.3100 0.9537 0.2980 0.9250 0.2740 0.8712 0.2140 0.8438 0.2040 0.8263 0.1880 0.7863 0.1900 0.7638 0.2160 0.7800 0.2340 0.7788 0.2500 0.7600 0.2380
0 0.5763 0.0440 0.5775 0.0540 0.6038 0.0580 0.6250 0.0840 0.6338 0.1060 0.6388 0.1300 0.6400 0.1520 0.6462 0.1600 0.6687 0.1720 0.6850 0.1680 0.7225 0.1920 0.7538 0.1900 0.7588 0.1860 0.7688 0.1660 0.7688 0.1340 0.7588 0.0940 0.7388 0.0620 0.7163 0.0400 0.6800 0.0220 0.6475 0.0160 0.6362 0.0100 0.5938 0.0040 0.5863 0.0140
0 0.6412 0.0000 0.6412 0.0100 0.6700 0.0160 0.7137 0.0360 0.7325 0.0520 0.7462 0.0700 0.7612 0.0960 0.7700 0.1320 0.7712 0.1660 0.7750 0.1700 0.7863 0.1680 0.8013 0.1020 0.8000 0.0900 0.7738 0.0540 0.7525 0.0180 0.7375 0.0040 0.7338 0.0040 0.7325 0.0000
0 0.8100 0.0540 0.8000 0.0740 0.8000 0.0840 0.8050 0.1020 0.8000 0.1180 0.8000 0.1420 0.8087 0.1700 0.8150 0.1800 0.8363 0.1880 0.8462 0.2020 0.8650 0.2060 0.8738 0.2120 0.8838 0.2280 0.9025 0.2400 0.9200 0.2640 0.9387 0.2800 0.9400 0.2760 0.9337 0.2440 0.9337 0.2100 0.9525 0.1900 0.9313 0.1860 0.9263 0.1780 0.9187 0.1500 0.8812 0.0960 0.8775 0.0860 0.8750 0.0640 0.8700 0.0540 0.8550 0.0440 0.8413 0.0400 0.8237 0.0440
0 0.8788 0.0520 0.8750 0.0580 0.8838 0.0940 0.9012 0.1240 0.9100 0.1320 0.9200 0.1480 0.9313 0.1800 0.9475 0.1840 0.9625 0.1800 0.9650 0.1840 0.9637 0.1940 0.9525 0.2060 0.9525 0.2180 0.9700 0.2440 0.9888 0.2860 0.9988 0.2880 0.9988 0.1260 0.9738 0.1060 0.9413 0.0860 0.9275 0.0720 0.9163 0.0520 0.9087 0.0460 0.8912 0.0440
