0 0.0338 0.1280 0.0338 0.1340 0.0663 0.1440 0.1062 0.1720 0.1225 0.1720 0.1350 0.1800 0.1500 0.2080 0.1550 0.2380 0.1650 0.2560 0.1825 0.2560 0.2000 0.2680 0.2263 0.2760 0.2487 0.2760 0.2562 0.2720 0.2650 0.2480 0.2462 0.2160 0.2387 0.1900 0.2425 0.1780 0.2325 0.1620 0.2213 0.1580 0.2137 0.1460 0.1900 0.1300 0.1650 0.1040 0.1475 0.0940 0.1138 0.0880 0.1000 0.0800 0.0788 0.0800 0.0563 0.0920
0 0.3738 0.1160 0.3812 0.2040 0.3738 0.2260 0.3800 0.2840 0.3950 0.2780 0.4025 0.2440 0.4537 0.2860 0.4612 0.2760 0.4612 0.2560 0.5100 0.2740 0.5112 0.2640 0.4888 0.2400 0.4838 0.2100 0.5575 0.1960 0.5587 0.2220 0.5425 0.2880 0.5437 0.3160 0.5537 0.3140 0.5600 0.2860 0.5875 0.2280 0.5950 0.2340 0.6038 0.2660 0.6162 0.2720 0.6138 0.1980 0.6850 0.1880 0.6875 0.1560 0.6987 0.1420 0.6963 0.1060 0.6713 0.0820 0.5150 0.0100 0.4700 0.0140 0.4150 0.0340 0.3812 0.0700
0 0.0000 0.1460 0.0000 0.2820 0.0112 0.2840 0.0325 0.3080 0.0650 0.3120 0.0712 0.3420 0.0850 0.3540 0.1037 0.3940 0.1125 0.3960 0.1187 0.3880 0.1175 0.3760 0.1062 0.3460 0.1138 0.3480 0.1225 0.3660 0.1363 0.3660 0.1412 0.3600 0.1437 0.3260 0.1537 0.3100 0.1650 0.3340 0.1750 0.3420 0.1850 0.3400 0.1787 0.3200 0.1613 0.2900 0.1638 0.2700 0.1550 0.2480 0.1500 0.2160 0.1425 0.1960 0.1313 0.1800 0.1025 0.1740 0.0712 0.1520 0.0362 0.1380
0 0.8200 0.7900 0.8200 0.8100 0.8275 0.8260 0.8350 0.8560 0.8450 0.8700 0.8688 0.8780 0.8762 0.8740 0.8825 0.9140 0.8950 0.9360 0.9350 0.9540 0.9800 0.9980 0.9988 0.9980 0.9988 0.8100 0.9637 0.7920 0.9475 0.7760 0.9537 0.7700 0.9537 0.7620 0.9387 0.7320 0.9113 0.7040 0.9025 0.7020 0.8988 0.7140 0.9087 0.7400 0.9050 0.7480 0.8912 0.7580 0.8775 0.7820 0.8363 0.7760
0 0.7588 0.0040 0.7375 0.0480 0.7338 0.0660 0.7350 0.0960 0.7550 0.0760 0.7925 0.0720 0.8462 0.1140 0.8812 0.1660 0.9250 0.2660 0.9325 0.3120 0.9287 0.4100 0.9413 0.4100 0.9475 0.3760 0.9625 0.3320 0.9688 0.3380 0.9738 0.3780 0.9762 0.3400 0.9712 0.3080 0.9600 0.2880 0.9487 0.1660 0.8988 0.0700 0.8650 0.0300 0.8087 0.0000
0 0.5687 0.9140 0.5563 0.8560 0.5387 0.8240 0.5100 0.7960 0.4938 0.7720 0.4788 0.7620 0.4587 0.7640 0.3962 0.7900 0.3738 0.8200 0.3575 0.8520 0.3450 0.8980 0.3187 0.9540 0.3063 0.9980 0.5725 0.9980
0 0.4888 0.3400 0.4875 0.3680 0.4950 0.3880 0.4938 0.4020 0.5787 0.4800 0.6050 0.5180 0.6188 0.5480 0.6350 0.6040 0.6350 0.6420 0.6412 0.6760 0.6613 0.6680 0.7137 0.6180 0.7662 0.5900 0.7650 0.5680 0.7475 0.5160 0.7225 0.4640 0.6850 0.4200 0.6225 0.3720 0.5988 0.3360 0.5725 0.3260 0.5312 0.3260
0 0.7538 0.0800 0.7350 0.1000 0.7238 0.1380 0.7200 0.2280 0.7262 0.2740 0.7262 0.3340 0.7225 0.3620 0.7288 0.3780 0.7362 0.3820 0.7462 0.3100 0.7512 0.3100 0.7550 0.3320 0.7625 0.3360 0.7712 0.2840 0.7788 0.2740 0.8075 0.3280 0.8163 0.4440 0.8225 0.4600 0.8375 0.4700 0.8400 0.5280 0.8512 0.5460 0.8612 0.5440 0.8962 0.4960 0.9062 0.4680 0.9287 0.4600 0.9250 0.4240 0.9300 0.3040 0.9250 0.2720 0.8825 0.1720 0.8525 0.1240 0.7963 0.0760
0 0.3625 0.3140 0.3738 0.3400 0.3500 0.3880 0.3212 0.4280 0.3150 0.4800 0.3375 0.5280 0.3463 0.5280 0.3525 0.4900 0.3713 0.5000 0.4050 0.6120 0.4225 0.6420 0.4375 0.6540 0.4325 0.6600 0.3975 0.6520 0.3875 0.6620 0.3912 0.6780 0.4700 0.7440 0.4913 0.7100 0.5400 0.7320 0.5675 0.7080 0.6112 0.6980 0.6350 0.6780 0.6275 0.5820 0.5925 0.5020 0.4863 0.4000 0.4437 0.3200 0.4075 0.3020 0.3925 0.2860 0.3812 0.2880
0 0.1938 0.0500 0.1837 0.0740 0.1787 0.1020 0.1800 0.1120 0.1913 0.1260 0.2125 0.1400 0.2225 0.1540 0.2325 0.1560 0.2437 0.1660 0.2475 0.1740 0.2425 0.1860 0.2437 0.1980 0.2600 0.2220 0.2625 0.2340 0.2725 0.2520 0.2863 0.2620 0.3013 0.2620 0.3050 0.2540 0.3100 0.2540 0.3250 0.2640 0.3350 0.2620 0.3425 0.2520 0.3438 0.2400 0.3287 0.1940 0.3312 0.1760 0.3237 0.1500 0.3088 0.1160 0.2875 0.0900 0.2900 0.0840 0.3300 0.1020 0.3412 0.1020 0.3438 0.0960 0.3400 0.0880 0.2963 0.0620 0.2800 0.0300 0.2600 0.0140 0.2412 0.0140 0.2188 0.0220
