0 0.2650 0.0300 0.2600 0.0140 0.2512 0.0000 0.2050 0.0000 0.2037 0.0040 0.1988 0.0040 0.1800 0.0180 0.1575 0.0400 0.1225 0.0540 0.1138 0.0680 0.1075 0.0940 0.1025 0.1020 0.0925 0.1080 0.0887 0.1140 0.0887 0.1200 0.0975 0.1220 0.1138 0.1340 0.1363 0.1780 0.1562 0.1780 0.1663 0.1640 0.1613 0.1320 0.1650 0.1260 0.1688 0.1280 0.1737 0.1240 0.1862 0.1020 0.1938 0.0960 0.2150 0.0880 0.2487 0.0900 0.2575 0.0940 0.2687 0.0900 0.2712 0.0760
0 0.0612 0.1400 0.0537 0.1660 0.0475 0.2140 0.0488 0.2440 0.0537 0.2540 0.0537 0.2860 0.0938 0.3060 0.0975 0.3160 0.1000 0.3560 0.1138 0.3680 0.1388 0.3780 0.1650 0.3760 0.1750 0.3680 0.1875 0.3460 0.1913 0.3200 0.1913 0.2960 0.1875 0.2820 0.1800 0.2700 0.1762 0.2520 0.1575 0.2220 0.1363 0.2040 0.1313 0.1960 0.1325 0.1800 0.1237 0.1560 0.1138 0.1380 0.0975 0.1260 0.0825 0.1240
0 0.0688 0.3980 0.0488 0.4200 0.0387 0.4480 0.0350 0.4700 0.0000 0.5220 0.0000 0.5700 0.0138 0.5660 0.0150 0.5520 0.0225 0.5460 0.0250 0.5080 0.0300 0.4980 0.0450 0.5000 0.0512 0.5080 0.0550 0.5240 0.0550 0.5740 0.0725 0.5940 0.0813 0.5980 0.0963 0.5960 0.1087 0.6040 0.1175 0.6160 0.1275 0.6440 0.1375 0.6480 0.1787 0.5320 0.1800 0.4820 0.1700 0.4340 0.1562 0.3940 0.1288 0.3820 0.1075 0.3820
0 0.0325 0.5000 0.0262 0.5120 0.0262 0.5360 0.0150 0.5640 0.0000 0.5720 0.0000 0.9500 0.0225 0.9980 0.0450 0.9980 0.0375 0.9460 0.0375 0.8520 0.0437 0.8100 0.0700 0.7960 0.1313 0.7200 0.1462 0.7100 0.1487 0.6720 0.1462 0.6580 0.1350 0.6580 0.1212 0.6400 0.1113 0.6100 0.0912 0.5980 0.0762 0.6000 0.0512 0.5700 0.0525 0.5180 0.0475 0.5060
0 0.7700 0.0000 0.7788 0.0160 0.8100 0.0540 0.8237 0.0760 0.8350 0.1120 0.8400 0.1180 0.8675 0.1200 0.8925 0.1260 0.9213 0.1260 0.9337 0.0960 0.9337 0.0880 0.9300 0.0780 0.9163 0.0520 0.8950 0.0360 0.8625 0.0200 0.8475 0.0000
0 0.6312 0.0000 0.6250 0.0320 0.6538 0.0500 0.6687 0.0800 0.6775 0.1200 0.6950 0.1440 0.7175 0.1500 0.7275 0.1620 0.7350 0.2140 0.7350 0.2340 0.7288 0.2600 0.7312 0.2820 0.7362 0.2900 0.7438 0.2860 0.7450 0.2620 0.7612 0.2100 0.7662 0.2180 0.7675 0.2540 0.7738 0.2520 0.7825 0.2120 0.7950 0.2600 0.8137 0.2780 0.8413 0.2860 0.8500 0.2680 0.8650 0.2720 0.8688 0.2040 0.8562 0.1820 0.8175 0.0680 0.7675 0.0040
0 0.9988 0.2060 0.9938 0.1980 0.9812 0.1900 0.9675 0.1660 0.9600 0.1620 0.9375 0.1620 0.9163 0.1760 0.9012 0.1800 0.8862 0.1980 0.8762 0.2220 0.8738 0.2180 0.8738 0.2080 0.8625 0.1940 0.8600 0.2140 0.8688 0.2440 0.8688 0.2960 0.8625 0.3220 0.8612 0.3440 0.8688 0.3640 0.8750 0.3680 0.9175 0.3040 0.9425 0.2760 0.9625 0.2720 0.9862 0.2860 0.9925 0.2700 0.9988 0.2640
0 0.9613 0.2760 0.9487 0.2760 0.9350 0.2860 0.8900 0.3540 0.8788 0.3900 0.8800 0.4100 0.8912 0.4100 0.9000 0.3940 0.9038 0.3760 0.9113 0.3700 0.9087 0.4140 0.8825 0.4560 0.8762 0.5080 0.8550 0.5460 0.8675 0.5760 0.8975 0.5780 0.9337 0.5700 0.9600 0.5520 0.9387 0.6300 0.9387 0.6400 0.9513 0.6520 0.9587 0.6440 0.9613 0.6200 0.9850 0.5560 0.9988 0.4900 0.9988 0.3100 0.9825 0.2880
0 0.4325 0.8560 0.4375 0.8760 0.4587 0.8980 0.4950 0.8980 0.5425 0.9180 0.5787 0.9060 0.6000 0.9260 0.6412 0.9360 0.6850 0.9260 0.7538 0.9780 0.7900 0.9940 0.8650 0.9820 0.8800 0.9980 0.9875 0.9980 0.9988 0.9820 0.9988 0.8540 0.9563 0.7860 0.8712 0.7280 0.7050 0.6800 0.6575 0.6540 0.6112 0.6580 0.5725 0.6980 0.5400 0.7160 0.5088 0.7020 0.4838 0.7100 0.4725 0.7420 0.4725 0.7620 0.4813 0.7760 0.4775 0.7980
0 0.4188 0.0000 0.4213 0.0520 0.4300 0.0600 0.4387 0.0600 0.4425 0.0720 0.4412 0.1240 0.4475 0.1600 0.4550 0.1680 0.4625 0.1860 0.4788 0.2040 0.4900 0.2420 0.4950 0.2480 0.5012 0.2480 0.5012 0.2400 0.5075 0.2300 0.5100 0.2180 0.5112 0.1800 0.5162 0.1580 0.5188 0.1200 0.5387 0.0740 0.5387 0.0520 0.5363 0.0520 0.5288 0.0740 0.5250 0.0720 0.5100 0.0000
0 0.1787 0.2460 0.1812 0.2660 0.1900 0.2800 0.2150 0.2900 0.2013 0.3020 0.2037 0.3160 0.2675 0.3200 0.2863 0.3060 0.3225 0.3100 0.3412 0.3000 0.3525 0.3140 0.3875 0.3140 0.3900 0.3240 0.3787 0.3520 0.3837 0.3660 0.4188 0.3480 0.4350 0.3340 0.4437 0.3180 0.4738 0.2980 0.4813 0.2860 0.4875 0.2560 0.4875 0.2400 0.4800 0.2140 0.4550 0.1840 0.3962 0.1640 0.2750 0.1600 0.2587 0.1320 0.2425 0.1440 0.2350 0.1180 0.2200 0.1260 0.1988 0.2140
0 0.8387 0.1220 0.8575 0.1780 0.8762 0.2080 0.8800 0.2080 0.8938 0.1840 0.9025 0.1760 0.9187 0.1720 0.9313 0.1620 0.9425 0.1580 0.9550 0.1580 0.9663 0.1620 0.9812 0.1860 0.9988 0.2000 0.9988 0.1340 0.9725 0.1360 0.9450 0.1300 0.9087 0.1300 0.8600 0.1220
0 0.4400 0.0880 0.4350 0.0760 0.4250 0.0720 0.4200 0.0580 0.4062 0.0560 0.3150 0.0960 0.2525 0.1000 0.2275 0.0900 0.2125 0.0920 0.1875 0.1040 0.1675 0.1360 0.1675 0.1480 0.1750 0.1880 0.1875 0.2000 0.2037 0.1900 0.2162 0.1300 0.2288 0.1140 0.2387 0.1220 0.2437 0.1400 0.2587 0.1280 0.2712 0.1540 0.3050 0.1620 0.3875 0.1600 0.4350 0.1700 0.4437 0.1560 0.4387 0.1220
