0 0.2173 0.3177 0.1790 0.3542 0.1520 0.4167 0.1136 0.4635 0.0938 0.4688 0.0881 0.4792 0.0909 0.4965 0.1051 0.5000 0.1193 0.5503 0.1065 0.5573 0.0923 0.5851 0.1207 0.6111 0.1222 0.7899 0.1349 0.8420 0.1151 0.9010 0.0994 0.8767 0.0909 0.8802 0.0923 0.9028 0.1037 0.9253 0.0895 0.9201 0.1023 0.9705 0.1108 0.9531 0.1264 0.9740 0.1250 0.9983 0.2457 0.9965 0.2571 0.9774 0.2585 0.8976 0.2358 0.7500 0.2202 0.5399
0 0.2386 0.2413 0.2287 0.3125 0.2330 0.3420 0.2401 0.3403 0.2230 0.3906 0.2216 0.4878 0.2372 0.7257 0.2571 0.8576 0.3054 0.9948 0.4304 0.9965 0.4659 0.9358 0.4901 0.9323 0.5270 0.7899 0.5085 0.7830 0.4972 0.7917 0.4744 0.8472 0.4361 0.7917 0.4403 0.7535 0.4148 0.7691 0.3935 0.6458 0.3551 0.5295 0.3807 0.2795 0.3679 0.2847 0.3594 0.3316 0.3423 0.3576 0.3239 0.3177 0.3466 0.2378 0.3097 0.2222 0.2940 0.2448 0.2642 0.2587
0 0.5582 0.2083 0.5355 0.2309 0.5227 0.2830 0.4872 0.2969 0.4901 0.4375 0.4474 0.4479 0.4446 0.4757 0.4531 0.4844 0.5014 0.4757 0.5071 0.5208 0.4872 0.5608 0.4915 0.6163 0.5426 0.6597 0.5497 0.6319 0.5682 0.6406 0.6321 0.8003 0.7202 0.8889 0.7429 0.9896 0.7898 0.9948 0.7912 0.9601 0.8210 0.9340 0.8452 0.8837 0.8651 0.7934 0.8153 0.6493 0.6307 0.3576 0.5895 0.3073 0.5895 0.2309 0.5739 0.2344 0.5724 0.2135
0 0.7003 0.2240 0.6932 0.2517 0.7031 0.2847 0.6619 0.2795 0.6392 0.2899 0.6108 0.3264 0.8168 0.6441 0.8480 0.7240 0.8707 0.8073 0.8864 0.8142 0.9006 0.8003 0.9418 0.7917 0.9645 0.7483 0.9659 0.6858 0.9574 0.6024 0.9332 0.5278 0.8977 0.4583 0.8153 0.3663 0.7784 0.3056 0.7585 0.2934 0.7273 0.2917 0.7287 0.2639 0.7131 0.2465 0.7074 0.2257
0 0.2585 0.0035 0.1889 0.0035 0.1733 0.0139 0.1278 0.0868 0.0852 0.1701 0.0554 0.2587 0.0455 0.3212 0.0426 0.3993 0.0611 0.4392 0.0753 0.4462 0.0938 0.4444 0.1193 0.4080 0.1378 0.4288 0.1577 0.4010 0.1662 0.3663 0.1861 0.3420 0.1861 0.3333 0.1790 0.3281 0.1889 0.3125 0.1832 0.2934 0.1477 0.3333 0.1420 0.3351 0.1378 0.3229 0.1591 0.2847 0.1918 0.1858 0.2401 0.1215 0.2741 0.0903 0.2713 0.0729 0.2912 0.0295
0 0.0213 0.3906 0.0128 0.4045 0.0000 0.4844 0.0000 0.9809 0.0099 0.9965 0.1236 0.9983 0.1250 0.9722 0.1108 0.9549 0.1009 0.9722 0.0895 0.9514 0.0909 0.8003 0.0739 0.6580 0.0753 0.6111 0.1065 0.5521 0.1051 0.5278 0.0994 0.5156 0.0866 0.5208 0.0668 0.5156 0.0554 0.4410 0.0440 0.4201 0.0298 0.4253 0.0284 0.3976
0 0.6321 0.0903 0.6392 0.1198 0.6619 0.1389 0.6435 0.1736 0.6094 0.1979 0.5895 0.2309 0.5881 0.2934 0.5994 0.3108 0.6136 0.3125 0.6364 0.2882 0.6662 0.2743 0.7017 0.2795 0.6918 0.2396 0.7045 0.2222 0.7287 0.2604 0.7259 0.2865 0.7656 0.2917 0.7827 0.3038 0.8210 0.3594 0.8466 0.3733 0.8693 0.3733 0.8920 0.3507 0.9105 0.2951 0.9418 0.2847 0.9432 0.2274 0.9276 0.1823 0.9119 0.1649 0.8679 0.1667 0.8295 0.1441 0.7770 0.1372 0.7372 0.1233 0.6946 0.0955 0.6903 0.0660 0.6804 0.0538 0.6761 0.0972 0.6520 0.0972 0.6406 0.0868
0 0.0085 0.0556 0.0000 0.0590 0.0000 0.2326 0.0114 0.2344 0.0241 0.2448 0.0398 0.2500 0.0483 0.2448 0.0568 0.2344 0.0611 0.2205 0.0653 0.2153 0.0682 0.2014 0.1009 0.1250 0.1165 0.1024 0.1236 0.0833 0.1222 0.0799 0.0866 0.0816 0.0753 0.0851 0.0639 0.0938 0.0597 0.0938 0.0497 0.0868 0.0256 0.0885 0.0185 0.0816 0.0142 0.0625
0 0.8565 0.0503 0.8509 0.0590 0.8523 0.0712 0.8651 0.0955 0.8793 0.1111 0.8722 0.1302 0.8693 0.1580 0.8977 0.1562 0.9119 0.1615 0.9290 0.1788 0.9489 0.2431 0.9474 0.2830 0.9716 0.3229 0.9815 0.3507 0.9986 0.4479 0.9986 0.2014 0.9858 0.1701 0.9787 0.1319 0.9673 0.1059 0.9531 0.0885 0.9134 0.0677 0.9034 0.0469 0.8935 0.0451 0.8778 0.0556
0 0.9347 0.2882 0.9119 0.3021 0.8935 0.3559 0.8920 0.4288 0.8991 0.4549 0.9446 0.5469 0.9602 0.6007 0.9702 0.7118 0.9645 0.7899 0.9986 0.8229 0.9986 0.4618 0.9929 0.4462 0.9858 0.3750 0.9716 0.3299 0.9517 0.2969
0 0.9673 0.7986 0.9460 0.7917 0.9261 0.8038 0.9077 0.8056 0.9006 0.8125 0.9006 0.8212 0.8892 0.8351 0.8722 0.9062 0.8736 0.9670 0.8821 0.9965 0.9986 0.9965 0.9986 0.8403 0.9886 0.8212
0 0.4048 0.1059 0.4105 0.1233 0.4219 0.1181 0.4645 0.0642 0.4773 0.0382 0.4886 0.0295 0.4957 0.0486 0.4858 0.0799 0.4631 0.0938 0.4531 0.1111 0.4503 0.1389 0.4631 0.1337 0.4957 0.1059 0.5213 0.0764 0.5369 0.0851 0.5767 0.1233 0.5866 0.1233 0.6108 0.1372 0.6250 0.1372 0.6321 0.1285 0.6335 0.1181 0.6193 0.0590 0.6264 0.0486 0.6335 0.0208 0.6520 0.0347 0.6562 0.0330 0.6264 0.0017 0.4659 0.0017 0.4560 0.0104 0.4375 0.0590 0.4219 0.0729
