0 0.6438 0.0000 0.6462 0.0160 0.6600 0.0400 0.6600 0.0460 0.6637 0.0640 0.6637 0.0960 0.6650 0.1000 0.6750 0.0960 0.6775 0.0900 0.6775 0.0820 0.6800 0.0780 0.6837 0.0860 0.6875 0.0900 0.6937 0.0880 0.7037 0.0740 0.7212 0.0640 0.7262 0.0640 0.7288 0.0580 0.7275 0.0560 0.7275 0.0300 0.7212 0.0080 0.7175 0.0000
0 0.2800 0.0000 0.2075 0.0000 0.1938 0.0200 0.1837 0.0540 0.1800 0.0920 0.1800 0.1200 0.1825 0.1380 0.1825 0.1640 0.1775 0.2020 0.1800 0.2060 0.1850 0.2080 0.1888 0.1980 0.1963 0.1600 0.2000 0.1540 0.2087 0.1600 0.2200 0.1280 0.2375 0.1180 0.2525 0.1200 0.2575 0.1160 0.2625 0.0960 0.2637 0.0760 0.2775 0.0500 0.2800 0.0360 0.2850 0.0240 0.2850 0.0120
0 0.1588 0.1380 0.1237 0.1020 0.1013 0.0680 0.0850 0.0600 0.0700 0.0600 0.0525 0.0700 0.0225 0.1000 0.0000 0.1340 0.0000 0.2860 0.0187 0.2760 0.0325 0.2560 0.0437 0.2480 0.0675 0.2400 0.1025 0.2460 0.1125 0.2420 0.1138 0.2320 0.1050 0.2160 0.0925 0.2100 0.0825 0.1960 0.0988 0.1760 0.1113 0.1360 0.1225 0.1400 0.1263 0.1460 0.1375 0.1460 0.1537 0.1560 0.1600 0.1520
0 0.1125 0.2580 0.0950 0.2540 0.0813 0.2460 0.0587 0.2480 0.0312 0.2680 0.0125 0.3020 0.0000 0.3120 0.0000 0.5100 0.0100 0.5180 0.0262 0.5160 0.0325 0.5100 0.0387 0.4800 0.0663 0.4220 0.0825 0.3680 0.1163 0.3000 0.1175 0.2900 0.1138 0.2780
0 0.2112 0.2560 0.1938 0.2420 0.1737 0.2400 0.1450 0.2620 0.1150 0.3060 0.0800 0.3800 0.0663 0.4280 0.0375 0.4920 0.0312 0.5400 0.0187 0.5440 0.0138 0.5280 0.0000 0.5200 0.0000 0.6000 0.0138 0.6280 0.0125 0.6720 0.0075 0.6880 0.0100 0.7040 0.0375 0.7040 0.0725 0.6600 0.0938 0.5860 0.1113 0.5460 0.1350 0.5100 0.1787 0.5080 0.1775 0.4660 0.2050 0.4460 0.2162 0.4260 0.2238 0.3540 0.2675 0.3940 0.2838 0.3780 0.2375 0.3140 0.2250 0.2760
0 0.6100 0.1880 0.6088 0.2100 0.6150 0.2180 0.6450 0.2060 0.6475 0.2100 0.6500 0.2340 0.6600 0.2640 0.6587 0.2720 0.6462 0.2820 0.6550 0.3100 0.6663 0.3140 0.6800 0.3040 0.6913 0.3060 0.7075 0.3480 0.7250 0.3640 0.7475 0.3980 0.7600 0.4000 0.7800 0.4140 0.7900 0.3760 0.8050 0.3600 0.8287 0.3660 0.8462 0.3520 0.8475 0.3460 0.8125 0.3140 0.8025 0.2580 0.7762 0.2040 0.7612 0.1600 0.7412 0.1240 0.7200 0.1020 0.6863 0.0960 0.6663 0.1040 0.6512 0.1180
0 0.2762 0.0800 0.2675 0.0860 0.2612 0.1080 0.2612 0.1180 0.2313 0.1240 0.2087 0.1360 0.2013 0.1460 0.2125 0.1520 0.2112 0.1860 0.2150 0.1980 0.2112 0.2340 0.2125 0.2520 0.2250 0.2680 0.2350 0.3020 0.2450 0.3200 0.2712 0.3580 0.2838 0.3640 0.3225 0.3400 0.3250 0.3320 0.3237 0.2580 0.3200 0.2400 0.2900 0.1900 0.2875 0.1580 0.2812 0.1400 0.2875 0.1280 0.2900 0.1060 0.2850 0.0840 0.2825 0.0800
0 0.6950 0.0900 0.6987 0.0940 0.7188 0.0980 0.7325 0.1080 0.7538 0.1400 0.7638 0.1600 0.7762 0.1980 0.8025 0.2520 0.8125 0.2960 0.8200 0.3100 0.8363 0.3180 0.8400 0.2960 0.8562 0.2700 0.8688 0.2840 0.8625 0.2380 0.8512 0.1880 0.8300 0.1500 0.8163 0.1380 0.7975 0.1100 0.7612 0.0780 0.7338 0.0660 0.7113 0.0720
0 0.5212 0.2420 0.5138 0.2840 0.5125 0.3540 0.5212 0.3920 0.5300 0.4080 0.5675 0.4400 0.6125 0.4600 0.6262 0.4920 0.6575 0.5240 0.6813 0.5260 0.7238 0.5580 0.7688 0.5620 0.7875 0.5720 0.7975 0.5720 0.8075 0.5600 0.8100 0.5480 0.7837 0.4940 0.7812 0.4680 0.7937 0.4580 0.7875 0.4320 0.7588 0.4040 0.7400 0.4120 0.7300 0.4060 0.7137 0.3680 0.6937 0.3420 0.6538 0.3160 0.6175 0.2300 0.5787 0.2080 0.5550 0.2060 0.5387 0.2160
0 0.4387 0.7400 0.4387 0.7780 0.4600 0.8000 0.4612 0.8460 0.4775 0.9140 0.4763 0.9980 0.9988 0.9980 0.9988 0.9800 0.7688 0.8360 0.6837 0.7440 0.7050 0.6860 0.6975 0.5680 0.6900 0.5420 0.6400 0.5940 0.6075 0.6640 0.5288 0.7060 0.4675 0.6840
0 0.4188 0.0940 0.4062 0.1180 0.4000 0.1580 0.4025 0.1800 0.4188 0.2080 0.4300 0.2360 0.4487 0.2620 0.4600 0.2860 0.4650 0.3060 0.4913 0.3500 0.4963 0.3700 0.5012 0.3740 0.5088 0.3720 0.5112 0.3660 0.5100 0.3060 0.5150 0.2540 0.5212 0.2360 0.5337 0.2160 0.5312 0.2060 0.5225 0.1960 0.5188 0.1680 0.5212 0.1660 0.5637 0.1960 0.5713 0.1960 0.5737 0.1900 0.5725 0.1820 0.5650 0.1700 0.5238 0.1340 0.5038 0.1040 0.4863 0.0900 0.4625 0.0780 0.4412 0.0780
0 0.2950 0.0200 0.2975 0.0320 0.3287 0.0240 0.3688 0.0220 0.4150 0.0260 0.4550 0.0360 0.4925 0.0520 0.5200 0.0960 0.5437 0.0900 0.5537 0.0740 0.5537 0.0540 0.5587 0.0520 0.5637 0.0580 0.5700 0.0460 0.5687 0.0340 0.5450 0.0260 0.5212 0.0000 0.3038 0.0000
0 0.2725 0.0680 0.2725 0.0740 0.2850 0.0800 0.2913 0.1060 0.2900 0.1260 0.2938 0.1340 0.2963 0.1260 0.3050 0.1180 0.3187 0.1140 0.3525 0.1200 0.3775 0.1340 0.3887 0.1340 0.3987 0.1300 0.4062 0.1100 0.4175 0.0920 0.4450 0.0740 0.4713 0.0780 0.5188 0.1120 0.5175 0.0980 0.4900 0.0520 0.4775 0.0500 0.4562 0.0380 0.4150 0.0280 0.3650 0.0240 0.3113 0.0300 0.2838 0.0420
0 0.3025 0.1280 0.2925 0.1540 0.2925 0.1860 0.3187 0.2300 0.3250 0.2480 0.3275 0.3100 0.3337 0.3400 0.3500 0.3400 0.3775 0.3260 0.3937 0.3020 0.4062 0.2960 0.4113 0.3000 0.4150 0.3100 0.4163 0.3220 0.4138 0.3260 0.4225 0.3380 0.4512 0.3460 0.4625 0.3440 0.4612 0.3020 0.4587 0.2920 0.4412 0.2560 0.4275 0.2380 0.4200 0.2160 0.3987 0.1880 0.3950 0.1660 0.3837 0.1460 0.3663 0.1300 0.3475 0.1220 0.3125 0.1200
0 0.9463 0.1260 0.9225 0.1240 0.9137 0.1280 0.9050 0.1380 0.9000 0.1520 0.8962 0.1720 0.8862 0.1980 0.8838 0.2180 0.8700 0.2500 0.8700 0.2640 0.8725 0.2740 0.8800 0.2760 0.8838 0.2840 0.8825 0.3320 0.8850 0.3400 0.8925 0.3480 0.9425 0.3380 0.9475 0.3340 0.9513 0.3240 0.9587 0.3180 0.9688 0.2980 0.9712 0.2820 0.9712 0.2580 0.9800 0.2180 0.9788 0.1840 0.9700 0.1520 0.9625 0.1400
0 0.8063 0.0200 0.8050 0.0280 0.8087 0.0400 0.8137 0.0460 0.8250 0.0520 0.8287 0.0580 0.8250 0.0860 0.8250 0.1100 0.8287 0.1300 0.8350 0.1460 0.8350 0.1500 0.8450 0.1660 0.8550 0.1740 0.8712 0.1760 0.8800 0.1800 0.8900 0.1780 0.8925 0.1740 0.9012 0.1420 0.9113 0.1260 0.9113 0.1080 0.9038 0.0840 0.8888 0.0600 0.8825 0.0340 0.8638 0.0160 0.8538 0.0120 0.8275 0.0180 0.8113 0.0140
0 0.4738 0.3580 0.4225 0.3420 0.4075 0.3260 0.4062 0.3080 0.3650 0.3380 0.3100 0.3560 0.2525 0.4200 0.1862 0.4700 0.1812 0.5120 0.1450 0.5100 0.1250 0.5300 0.0900 0.6040 0.0638 0.7140 0.0762 0.7160 0.1125 0.7700 0.1675 0.7780 0.1775 0.8080 0.2750 0.7660 0.2737 0.7360 0.3088 0.7300 0.3137 0.7080 0.2950 0.6980 0.2375 0.7020 0.2350 0.6940 0.2963 0.6540 0.3525 0.5640 0.3950 0.5540 0.4500 0.5040 0.4750 0.5020 0.4938 0.4840 0.4863 0.4700 0.4250 0.4660 0.4350 0.4360 0.4313 0.4020 0.4675 0.3740
0 0.7212 0.0000 0.7225 0.0080 0.7300 0.0320 0.7300 0.0560 0.7338 0.0640 0.7388 0.0640 0.7400 0.0660 0.7562 0.0720 0.7700 0.0820 0.7775 0.0900 0.7812 0.0900 0.7863 0.0840 0.8175 0.0860 0.8213 0.0820 0.8250 0.0700 0.8250 0.0620 0.8213 0.0560 0.8075 0.0460 0.7963 0.0320 0.7950 0.0280 0.7950 0.0140 0.7900 0.0000
