0 0.9988 0.6740 0.8975 0.7100 0.8438 0.7480 0.8275 0.7720 0.8100 0.8160 0.7350 0.9320 0.7163 0.9200 0.6950 0.9280 0.6462 0.9980 0.9988 0.9980
0 0.6400 0.2880 0.6350 0.3180 0.6512 0.3360 0.6162 0.3960 0.6138 0.4120 0.6225 0.4360 0.6100 0.4600 0.6438 0.5080 0.6650 0.5860 0.6950 0.6400 0.6875 0.6520 0.6887 0.6640 0.7500 0.7420 0.7575 0.7400 0.7650 0.7220 0.7825 0.7260 0.8087 0.7460 0.8337 0.7420 0.8838 0.6720 0.8950 0.6460 0.8888 0.5920 0.8700 0.5260 0.8425 0.4800 0.7625 0.4080 0.7188 0.3320 0.6650 0.2920
0 0.6200 0.0060 0.5913 0.0060 0.5650 0.0320 0.5525 0.0620 0.5337 0.1360 0.5125 0.1900 0.5062 0.2180 0.5050 0.2860 0.5212 0.3840 0.4938 0.4140 0.4925 0.4220 0.5012 0.4300 0.5212 0.4300 0.5450 0.4960 0.5725 0.5220 0.5775 0.5200 0.5787 0.5000 0.5925 0.4560 0.6175 0.4380 0.6175 0.4300 0.6012 0.4060 0.6338 0.2960 0.6388 0.2600 0.6375 0.2080 0.6575 0.1100 0.6575 0.0720 0.6512 0.0420 0.6350 0.0160
0 0.2162 0.0000 0.2013 0.0000 0.1975 0.0100 0.1862 0.0240 0.1688 0.0560 0.1437 0.0760 0.1338 0.0920 0.1113 0.1140 0.0988 0.1220 0.0912 0.1300 0.0862 0.1420 0.0925 0.1500 0.1025 0.1540 0.1187 0.1760 0.1225 0.1740 0.1263 0.1780 0.1450 0.1520 0.1550 0.1440 0.1812 0.1360 0.2125 0.1380 0.2137 0.1260 0.2075 0.0860 0.2075 0.0460 0.2100 0.0260 0.2162 0.0060
0 0.2188 0.0040 0.2100 0.0380 0.2100 0.0920 0.2225 0.1500 0.2400 0.1840 0.2550 0.1860 0.2575 0.1520 0.2612 0.1500 0.3137 0.2000 0.3275 0.2220 0.3400 0.2860 0.3500 0.3080 0.3613 0.3100 0.3700 0.2800 0.3775 0.2760 0.3900 0.3080 0.4113 0.3340 0.4225 0.3600 0.4288 0.3660 0.4462 0.3660 0.4550 0.3460 0.4600 0.2280 0.4625 0.2240 0.4675 0.2320 0.4675 0.2680 0.4738 0.2820 0.4775 0.2820 0.4875 0.2440 0.4738 0.2040 0.4475 0.1780 0.4363 0.1100 0.3887 0.0240 0.3700 0.0000
0 0.3013 0.2080 0.2875 0.1920 0.2625 0.1960 0.2288 0.1880 0.1062 0.2480 0.0950 0.2700 0.0712 0.2940 0.0537 0.3400 0.0488 0.4220 0.0563 0.4760 0.0825 0.5120 0.1175 0.5040 0.1525 0.5080 0.2050 0.5440 0.2025 0.4720 0.2412 0.4400 0.2637 0.4980 0.2700 0.5420 0.2825 0.5600 0.2900 0.5560 0.2787 0.4380 0.2812 0.3940 0.2988 0.3800 0.3038 0.3660 0.2938 0.2640 0.2975 0.2600 0.3137 0.2860 0.3212 0.2840
0 0.3600 0.3880 0.3613 0.4120 0.3750 0.4260 0.3075 0.5300 0.2675 0.6580 0.2963 0.8060 0.3175 0.8680 0.3488 0.9160 0.3962 0.9220 0.4537 0.9600 0.4813 0.9920 0.5375 0.9920 0.4775 0.9260 0.5088 0.9440 0.5513 0.9440 0.5550 0.9280 0.4863 0.8660 0.4437 0.7580 0.4688 0.7340 0.4850 0.5720 0.5000 0.5340 0.5825 0.5800 0.5988 0.5760 0.6125 0.5560 0.5500 0.5100 0.4650 0.3840 0.4188 0.3700 0.3962 0.3860
0 0.1013 0.1600 0.0750 0.1540 0.0600 0.1720 0.0400 0.1840 0.0288 0.2100 0.0238 0.2380 0.0000 0.2760 0.0000 0.5300 0.0288 0.4980 0.0475 0.4600 0.0462 0.3860 0.0500 0.3460 0.0587 0.3160 0.0788 0.2780 0.0938 0.2660 0.1050 0.2440 0.1163 0.2340 0.1212 0.1940 0.1138 0.1760
0 0.0862 0.5300 0.0663 0.5740 0.0537 0.6780 0.0563 0.7520 0.0512 0.8100 0.0587 0.9340 0.0725 0.9340 0.0825 0.9100 0.0800 0.8260 0.0875 0.7900 0.1075 0.8700 0.1425 0.9500 0.1350 0.9980 0.3663 0.9980 0.3513 0.9400 0.3050 0.8440 0.2687 0.6900 0.2300 0.5880 0.1988 0.5440 0.1638 0.5180 0.1200 0.5080
0 0.8812 0.1120 0.8688 0.1520 0.8725 0.1780 0.8812 0.1960 0.8900 0.2000 0.8950 0.2260 0.9150 0.2660 0.9313 0.2840 0.9425 0.2900 0.9437 0.2840 0.9413 0.2740 0.9437 0.2700 0.9500 0.2700 0.9625 0.2620 0.9712 0.2620 0.9800 0.2760 0.9988 0.2900 0.9988 0.1700 0.9862 0.1580 0.9525 0.1140 0.9275 0.0980 0.9050 0.0940 0.8950 0.0980
0 0.6350 0.0000 0.6350 0.0080 0.6575 0.0540 0.6613 0.0900 0.6462 0.2080 0.6500 0.2140 0.6613 0.2140 0.6737 0.1280 0.6750 0.1700 0.6825 0.2020 0.6900 0.2160 0.7000 0.2220 0.7000 0.2660 0.7087 0.2680 0.7200 0.2520 0.7250 0.2560 0.7275 0.3180 0.7512 0.3600 0.7662 0.3460 0.7750 0.3140 0.7825 0.3140 0.7975 0.2940 0.8187 0.3080 0.8113 0.2640 0.7975 0.2500 0.7950 0.2400 0.8100 0.1620 0.8087 0.1020 0.7775 0.0000
0 0.8313 0.1400 0.8287 0.1480 0.8125 0.1540 0.8100 0.1800 0.7975 0.2340 0.7987 0.2460 0.8063 0.2500 0.8137 0.2640 0.8237 0.3060 0.8237 0.3160 0.8213 0.3200 0.8113 0.3100 0.8063 0.3140 0.8013 0.3480 0.7913 0.3640 0.7913 0.3760 0.8025 0.3880 0.8125 0.3920 0.8137 0.4160 0.8275 0.4200 0.8438 0.4360 0.8488 0.4360 0.8762 0.4040 0.8925 0.3960 0.9038 0.3960 0.9137 0.3880 0.9187 0.3800 0.9225 0.3640 0.9237 0.3160 0.9075 0.2600 0.8750 0.2000 0.8650 0.1660 0.8512 0.1440
0 0.9663 0.2640 0.9487 0.2740 0.9500 0.2960 0.9263 0.3200 0.9263 0.3600 0.9175 0.3880 0.9075 0.3980 0.8825 0.4040 0.8688 0.4140 0.8387 0.4620 0.8387 0.4720 0.8550 0.4920 0.8725 0.5260 0.8888 0.5800 0.8988 0.6340 0.9038 0.6380 0.9313 0.6220 0.9525 0.5940 0.9563 0.5540 0.9762 0.5300 0.9988 0.4640 0.9988 0.2960
