0 0.0000 0.2160 0.0000 0.3700 0.0225 0.3760 0.0288 0.3840 0.0338 0.3800 0.0475 0.3920 0.0587 0.4520 0.0600 0.5380 0.0675 0.5320 0.0775 0.5080 0.0788 0.4640 0.0988 0.4020 0.1113 0.4160 0.1550 0.5020 0.1700 0.5100 0.1975 0.4740 0.2437 0.4320 0.2625 0.3980 0.2575 0.3560 0.2300 0.2920 0.2075 0.2560 0.1762 0.2280 0.1250 0.2080 0.0338 0.2080
0 0.8237 0.3980 0.8025 0.3580 0.7675 0.3240 0.7450 0.3140 0.6900 0.3120 0.5863 0.3600 0.5600 0.3860 0.5325 0.4300 0.5150 0.4280 0.5088 0.4360 0.4938 0.4860 0.4975 0.4980 0.5088 0.4820 0.5112 0.4960 0.4913 0.6080 0.5112 0.6240 0.5375 0.5900 0.5637 0.5820 0.5625 0.6000 0.5325 0.6460 0.5312 0.6580 0.5450 0.6680 0.5613 0.6540 0.5837 0.6100 0.6438 0.5440 0.7350 0.5340 0.7312 0.5620 0.7438 0.5640 0.7925 0.5300 0.8000 0.5080 0.8175 0.4880 0.8263 0.4500
0 0.8363 0.6020 0.8125 0.6040 0.7225 0.6560 0.6975 0.6560 0.6687 0.6740 0.6412 0.7180 0.6150 0.7880 0.5875 0.8040 0.5600 0.8320 0.5425 0.8380 0.5475 0.8520 0.5288 0.8780 0.5225 0.9040 0.5387 0.9080 0.5600 0.8960 0.5988 0.8500 0.5813 0.9900 0.5837 0.9980 0.6150 0.9980 0.6625 0.9500 0.6825 0.9580 0.7438 0.9140 0.7750 0.8660 0.8237 0.8540 0.8475 0.7600 0.8525 0.7080 0.8512 0.6640
0 0.7362 0.2860 0.7412 0.3100 0.7725 0.3240 0.8025 0.3540 0.8200 0.3800 0.8263 0.3980 0.8287 0.4460 0.8938 0.5020 0.8675 0.5060 0.8638 0.5120 0.8662 0.5200 0.9350 0.5620 0.9525 0.5480 0.9688 0.5480 0.9988 0.5660 0.9988 0.3940 0.9637 0.3620 0.8400 0.2800 0.7500 0.2740
0 0.5150 0.0840 0.5162 0.0940 0.5288 0.1180 0.5375 0.1200 0.5550 0.1120 0.5613 0.1300 0.5763 0.1500 0.6188 0.1720 0.6488 0.2160 0.6850 0.2340 0.7238 0.2640 0.7362 0.2680 0.7612 0.2620 0.7762 0.2540 0.7925 0.2300 0.7800 0.2180 0.7800 0.1900 0.7725 0.1700 0.7600 0.1540 0.7250 0.1340 0.6950 0.1080 0.6562 0.0880 0.6300 0.0600 0.5887 0.0540 0.5763 0.0400 0.5550 0.0340 0.5475 0.0500 0.5288 0.0500 0.5262 0.0720
0 0.4338 0.3360 0.4163 0.3180 0.3912 0.3220 0.3837 0.3080 0.3900 0.2960 0.3875 0.2900 0.3425 0.2960 0.3375 0.3040 0.3412 0.3240 0.3125 0.3280 0.2900 0.3440 0.2412 0.4400 0.1925 0.4840 0.1675 0.5220 0.1237 0.5520 0.0950 0.6040 0.0850 0.5960 0.0750 0.6000 0.0737 0.6140 0.0600 0.6340 0.0612 0.6460 0.0825 0.6840 0.1062 0.6640 0.1325 0.7180 0.1537 0.7440 0.1938 0.7440 0.2338 0.6620 0.3050 0.5740 0.3262 0.5380 0.3488 0.4640 0.3400 0.4000 0.3488 0.3900 0.3550 0.3940 0.3837 0.4560 0.4012 0.4020 0.4200 0.3820
0 0.5050 0.5000 0.4925 0.5080 0.4863 0.4720 0.4662 0.4760 0.4575 0.4900 0.4250 0.4760 0.3912 0.4860 0.3488 0.3980 0.3438 0.4160 0.3525 0.4620 0.3325 0.5340 0.2225 0.6860 0.1862 0.7820 0.1187 0.8440 0.0600 0.8460 0.0788 0.8760 0.1263 0.8960 0.0950 0.9180 0.0350 0.9300 0.0300 0.9460 0.0600 0.9680 0.0838 0.9580 0.1700 0.9580 0.2137 0.9920 0.2637 0.9820 0.2787 0.9980 0.2900 0.9540 0.3663 0.8280 0.4213 0.6560 0.4625 0.6080 0.4875 0.6040 0.4888 0.5820 0.4775 0.5500 0.4975 0.5440
0 0.2025 0.0400 0.1963 0.0360 0.1888 0.0600 0.1537 0.0560 0.1062 0.0620 0.0762 0.0740 0.0525 0.0920 0.0000 0.1540 0.0000 0.2120 0.0350 0.2040 0.1525 0.2080 0.1613 0.2020 0.1800 0.2280 0.2025 0.2460 0.2075 0.2440 0.2062 0.2140 0.2162 0.1560 0.2162 0.1140 0.2013 0.0680
0 0.7700 0.1060 0.7638 0.1380 0.7863 0.1640 0.8063 0.2200 0.8063 0.2360 0.7875 0.2720 0.8612 0.2700 0.8738 0.2860 0.8762 0.3020 0.9663 0.3580 0.9875 0.3800 0.9988 0.3840 0.9988 0.2420 0.9688 0.1860 0.9350 0.1540 0.8875 0.1280 0.8538 0.1160 0.8150 0.0880 0.7775 0.0980
0 0.7963 0.0360 0.7975 0.0480 0.8137 0.0480 0.8163 0.0520 0.8137 0.0640 0.8137 0.0800 0.8163 0.0860 0.8438 0.1060 0.8625 0.1160 0.8838 0.1240 0.8962 0.1220 0.9038 0.1340 0.9075 0.1360 0.9125 0.1340 0.9187 0.1160 0.9275 0.0820 0.9275 0.0740 0.9337 0.0420 0.9313 0.0000 0.8213 0.0000 0.8200 0.0040 0.8137 0.0060 0.8087 0.0180
0 0.8313 0.5660 0.8287 0.5720 0.8550 0.6620 0.8562 0.6940 0.8512 0.7580 0.8375 0.8020 0.8287 0.8560 0.8275 0.9240 0.8325 0.9480 0.8287 0.9980 0.9988 0.9980 0.9988 0.7540 0.9712 0.6780 0.9812 0.6720 0.9838 0.6600 0.9800 0.6020 0.9875 0.5820 0.9862 0.5720 0.9537 0.5600 0.9450 0.5720 0.9375 0.6000 0.9137 0.6020 0.8950 0.5940 0.8725 0.5580
