0 0.9988 0.4020 0.9663 0.4160 0.8975 0.4140 0.8812 0.5280 0.8425 0.6420 0.8425 0.6740 0.8525 0.7080 0.8075 0.7600 0.7312 0.7700 0.7312 0.7800 0.8013 0.8080 0.7825 0.8180 0.7200 0.8200 0.7125 0.8460 0.7412 0.8660 0.7788 0.8560 0.8175 0.8680 0.8387 0.8640 0.8812 0.8980 0.9087 0.9080 0.9325 0.9020 0.9663 0.8680 0.9850 0.8880 0.9825 0.8460 0.9988 0.7940
0 0.4225 0.0240 0.4238 0.0800 0.4462 0.1840 0.4550 0.1280 0.4612 0.1580 0.4700 0.1700 0.4738 0.1640 0.4688 0.1060 0.4813 0.0640 0.5600 0.1020 0.5663 0.1180 0.5700 0.1760 0.5775 0.1920 0.5837 0.1900 0.5950 0.1380 0.6112 0.1280 0.6212 0.1600 0.6238 0.1940 0.6350 0.2120 0.6450 0.2080 0.6375 0.1780 0.6400 0.1560 0.6525 0.1720 0.6587 0.2040 0.6775 0.1940 0.6837 0.1260 0.6937 0.0880 0.7312 0.1020 0.6488 0.0000 0.4300 0.0000
0 0.6725 0.1960 0.6562 0.2140 0.6275 0.2180 0.6050 0.2300 0.5613 0.2940 0.5587 0.3220 0.5750 0.3280 0.5863 0.3440 0.5813 0.3760 0.5813 0.4120 0.5875 0.4540 0.5938 0.4700 0.5700 0.4680 0.5613 0.4720 0.5613 0.4780 0.5737 0.4960 0.5713 0.5200 0.5900 0.5340 0.6125 0.5680 0.6225 0.5760 0.6400 0.5620 0.6737 0.5900 0.6963 0.5920 0.7050 0.5660 0.6987 0.4900 0.7013 0.4200 0.7125 0.3820 0.7362 0.3520 0.7300 0.3320 0.7100 0.2960 0.7137 0.2780 0.7100 0.2640 0.6987 0.2520 0.6925 0.2360 0.6937 0.2080
0 0.3300 0.7360 0.3162 0.7900 0.3387 0.8000 0.3488 0.8200 0.3312 0.8680 0.3287 0.9220 0.3362 0.9600 0.3525 0.9980 0.5813 0.9980 0.5587 0.9340 0.5563 0.8920 0.5487 0.8620 0.5325 0.8320 0.5150 0.8120 0.5012 0.7800 0.4813 0.7740 0.4963 0.7520 0.4650 0.6920 0.4487 0.6860 0.4263 0.7080 0.3762 0.7320 0.3663 0.7300 0.3488 0.7140
0 0.5850 0.2020 0.5563 0.1800 0.5463 0.1840 0.5375 0.2100 0.4900 0.1980 0.3900 0.2500 0.3875 0.2600 0.3987 0.2720 0.4275 0.2660 0.4338 0.2780 0.3738 0.3740 0.3038 0.4220 0.2650 0.4160 0.2700 0.4340 0.2963 0.4500 0.2963 0.4600 0.2275 0.4500 0.2250 0.4700 0.2475 0.4940 0.2700 0.4900 0.2988 0.5120 0.3237 0.5180 0.3688 0.5680 0.4088 0.5720 0.4487 0.5600 0.5300 0.4620 0.5437 0.4040 0.5475 0.3320 0.5675 0.2700 0.5650 0.2400 0.5837 0.2260
0 0.2162 0.0280 0.2188 0.0380 0.2350 0.0460 0.2550 0.0760 0.2625 0.1040 0.2637 0.1340 0.2612 0.1720 0.2725 0.1860 0.2925 0.1920 0.3200 0.2120 0.3650 0.2160 0.3750 0.2080 0.3862 0.1880 0.4000 0.1820 0.4037 0.1720 0.4225 0.1740 0.4300 0.1700 0.4275 0.1540 0.4113 0.1400 0.3900 0.1060 0.3688 0.0900 0.3513 0.0840 0.3375 0.0660 0.3200 0.0540 0.3038 0.0300 0.2725 0.0100 0.2288 0.0060 0.2238 0.0100
0 0.2313 0.0460 0.2162 0.0400 0.1862 0.0440 0.1775 0.0500 0.1663 0.0700 0.1625 0.1460 0.1487 0.1740 0.1338 0.2220 0.1338 0.2340 0.1425 0.2360 0.1537 0.2120 0.1575 0.2160 0.1550 0.2920 0.1588 0.3020 0.1762 0.3020 0.2000 0.2740 0.2125 0.2700 0.2238 0.2560 0.2338 0.2680 0.2387 0.2660 0.2338 0.2520 0.2325 0.2380 0.2450 0.2200 0.2500 0.1880 0.2587 0.1680 0.2612 0.1480 0.2612 0.1080 0.2537 0.0780 0.2450 0.0620
0 0.1888 0.0060 0.1737 0.0140 0.1625 0.0260 0.1412 0.0200 0.1363 0.0000 0.1300 0.0000 0.1313 0.0340 0.1050 0.0640 0.0950 0.0800 0.0900 0.1020 0.0813 0.1160 0.0650 0.1300 0.0550 0.1520 0.0425 0.2000 0.0413 0.2240 0.0437 0.2260 0.0500 0.2180 0.0600 0.2200 0.0800 0.2120 0.0912 0.2120 0.1175 0.2400 0.1250 0.2360 0.1300 0.2280 0.1388 0.1920 0.1600 0.1440 0.1638 0.0960 0.1625 0.0780 0.1713 0.0540 0.1850 0.0340
0 0.0813 0.2160 0.0512 0.2220 0.0462 0.2280 0.0400 0.2640 0.0400 0.2880 0.0325 0.3260 0.0325 0.3540 0.0000 0.4140 0.0000 0.5980 0.0200 0.6120 0.0512 0.6080 0.0737 0.5920 0.0938 0.5560 0.1062 0.5140 0.1237 0.4860 0.1300 0.4620 0.1263 0.3660 0.1363 0.3220 0.1338 0.2900 0.1225 0.2560 0.1125 0.2380 0.0912 0.2280
0 0.7850 0.1320 0.7788 0.1520 0.7725 0.2040 0.7662 0.2240 0.7650 0.2660 0.7688 0.2720 0.7750 0.2720 0.7788 0.2660 0.7825 0.2400 0.7900 0.2260 0.8025 0.2640 0.8113 0.2780 0.8363 0.2880 0.8700 0.3220 0.8825 0.3520 0.8912 0.4040 0.9113 0.4080 0.9387 0.3720 0.9475 0.3700 0.9600 0.3540 0.9463 0.3160 0.9437 0.2880 0.9350 0.2600 0.9163 0.2340 0.8875 0.1740 0.8638 0.1400 0.8438 0.1200 0.8200 0.1120 0.7987 0.1160
0 0.8800 0.1580 0.8925 0.1800 0.9163 0.2300 0.9387 0.2640 0.9463 0.2920 0.9487 0.3160 0.9550 0.3260 0.9575 0.3420 0.9637 0.3520 0.9625 0.3660 0.9663 0.3760 0.9825 0.4000 0.9988 0.4000 0.9988 0.2680 0.9888 0.2560 0.9688 0.2220 0.9587 0.2000 0.9400 0.1740 0.9137 0.1540 0.9038 0.1500 0.8912 0.1500
