0 0.3187 0.1420 0.3212 0.1480 0.3287 0.1520 0.3575 0.1480 0.4150 0.1480 0.4350 0.1540 0.4575 0.1540 0.4763 0.1460 0.4975 0.1200 0.4963 0.0660 0.4913 0.0380 0.4850 0.0220 0.4700 0.0000 0.3825 0.0000 0.3725 0.0540 0.3762 0.0900 0.3613 0.1040 0.3400 0.1140 0.3250 0.1260 0.3200 0.1340
0 0.1613 0.2780 0.1325 0.2620 0.0963 0.2640 0.0000 0.3540 0.0000 0.7740 0.0112 0.7860 0.0163 0.7800 0.0225 0.7060 0.0413 0.6020 0.0862 0.4860 0.1013 0.4160 0.1325 0.3560 0.1350 0.3060 0.1375 0.3020 0.1450 0.3220 0.1537 0.3260 0.1575 0.3360 0.1837 0.3100
0 0.0725 0.0960 0.0750 0.1140 0.0862 0.1340 0.0813 0.1580 0.0862 0.1740 0.1100 0.1900 0.1138 0.1760 0.1062 0.1600 0.1125 0.1500 0.1200 0.1500 0.1412 0.1860 0.1450 0.2000 0.1525 0.2060 0.1487 0.2160 0.1187 0.2520 0.1613 0.2640 0.1900 0.2400 0.2162 0.2360 0.2263 0.2420 0.2562 0.2240 0.2662 0.2100 0.2850 0.1640 0.2700 0.1100 0.2500 0.0840 0.2263 0.0660 0.1775 0.0420 0.1812 0.0260 0.1750 0.0160 0.1462 0.0200 0.1263 0.0340 0.1237 0.0240 0.1275 0.0000 0.1212 0.0060 0.1050 0.0520
0 0.1375 0.3060 0.1338 0.3600 0.1025 0.4220 0.0900 0.4840 0.0462 0.6040 0.0213 0.7420 0.0250 0.8540 0.0462 0.9080 0.0850 0.9500 0.1688 0.9460 0.2325 0.9640 0.2725 0.9920 0.3150 0.9900 0.3200 0.9640 0.2412 0.9240 0.1787 0.8580 0.1850 0.8340 0.2000 0.8360 0.2263 0.8680 0.3038 0.8420 0.3337 0.8200 0.3387 0.7960 0.2525 0.8040 0.2125 0.7460 0.2275 0.6020 0.2200 0.5120 0.2375 0.4460 0.2362 0.4160 0.2200 0.3760 0.2325 0.3460 0.1850 0.3160 0.1550 0.3400
0 0.3425 0.2040 0.3013 0.2120 0.2637 0.2660 0.2325 0.3660 0.2313 0.3980 0.2412 0.4360 0.2225 0.5160 0.2325 0.6020 0.2225 0.6320 0.2200 0.7160 0.2313 0.7120 0.2475 0.6680 0.3125 0.7740 0.3412 0.7600 0.3438 0.7020 0.3663 0.6300 0.4400 0.6180 0.4425 0.6020 0.4338 0.5880 0.3862 0.5820 0.3987 0.5440 0.5150 0.5900 0.5300 0.5820 0.5225 0.5540 0.4487 0.5220 0.3950 0.4700 0.4037 0.3980 0.3850 0.3200 0.4263 0.3140 0.4950 0.3400 0.5012 0.3220 0.4700 0.2960 0.4788 0.2760 0.4200 0.2740 0.3837 0.2300
0 0.5050 0.4120 0.5387 0.5940 0.6212 0.7200 0.6325 0.8140 0.6138 0.8460 0.6262 0.8620 0.6200 0.8940 0.6625 0.8780 0.6900 0.9220 0.7087 0.9920 0.7450 0.9740 0.7837 0.8040 0.8287 0.8020 0.8762 0.8300 0.8962 0.8180 0.8925 0.7860 0.8325 0.7460 0.8525 0.7440 0.9087 0.7740 0.9137 0.7280 0.8600 0.7020 0.7662 0.6140 0.7087 0.4880 0.6475 0.4200 0.6538 0.4120 0.6987 0.4220 0.6987 0.4040 0.6600 0.3880 0.6162 0.3440 0.5700 0.3340 0.5387 0.3540
0 0.8063 0.1900 0.7900 0.1940 0.7762 0.1740 0.7525 0.1620 0.7150 0.1660 0.6787 0.1980 0.6375 0.1880 0.6338 0.1940 0.6375 0.2100 0.6262 0.2220 0.6238 0.2360 0.5675 0.2540 0.5437 0.2840 0.4825 0.2480 0.4850 0.2700 0.5150 0.3020 0.5025 0.3380 0.4650 0.3880 0.4625 0.4040 0.4738 0.4260 0.4975 0.4220 0.5363 0.3540 0.5725 0.3260 0.6188 0.3420 0.6687 0.3840 0.7200 0.3680 0.7488 0.3440 0.7588 0.2720 0.7937 0.2240
0 0.9425 0.6520 0.9263 0.6640 0.9038 0.7020 0.9125 0.7200 0.9263 0.7260 0.9337 0.7400 0.9325 0.7460 0.9025 0.7900 0.9012 0.8160 0.8812 0.8660 0.8700 0.8840 0.8438 0.9040 0.8313 0.9300 0.8263 0.9700 0.8337 0.9980 0.8512 0.9980 0.8562 0.9860 0.8900 0.9900 0.9000 0.9980 0.9988 0.9980 0.9988 0.7160 0.9712 0.6960
0 0.9988 0.2940 0.9825 0.3000 0.9637 0.2920 0.9237 0.2920 0.8350 0.3100 0.7750 0.3500 0.7362 0.4180 0.7512 0.4280 0.7525 0.4680 0.7600 0.4900 0.7800 0.5160 0.8000 0.5280 0.8337 0.6160 0.8488 0.6420 0.8600 0.6500 0.8588 0.6200 0.8450 0.5700 0.8488 0.5600 0.8925 0.6080 0.9263 0.6080 0.8800 0.5480 0.8725 0.5280 0.8750 0.5180 0.9175 0.5240 0.9725 0.4580 0.9988 0.4660
0 0.9988 0.2080 0.9800 0.2020 0.9487 0.2020 0.8912 0.1920 0.8175 0.2100 0.7863 0.2360 0.7625 0.2680 0.7562 0.3020 0.7638 0.3600 0.7825 0.3400 0.8450 0.3020 0.9137 0.2900 0.9712 0.2900 0.9812 0.2940 0.9988 0.2900
0 0.9988 0.1120 0.9750 0.1100 0.9613 0.1220 0.9550 0.1320 0.9025 0.1320 0.8888 0.1380 0.8788 0.1480 0.8662 0.1700 0.8612 0.1900 0.8625 0.1940 0.9025 0.1900 0.9038 0.1920 0.9437 0.1960 0.9550 0.2000 0.9738 0.1980 0.9912 0.2040 0.9988 0.2040
0 0.5913 0.0940 0.5938 0.1060 0.6300 0.1260 0.6312 0.1340 0.6275 0.1400 0.6300 0.1460 0.6388 0.1440 0.6500 0.1320 0.6850 0.1360 0.7250 0.1540 0.7612 0.1600 0.7800 0.1740 0.7950 0.1780 0.8150 0.1760 0.8562 0.1840 0.8888 0.1320 0.8862 0.1040 0.8762 0.0860 0.8650 0.0760 0.8500 0.0700 0.8287 0.0700 0.8113 0.0780 0.7350 0.0480 0.7025 0.0260 0.6725 0.0300 0.6512 0.0520 0.6275 0.0580
0 0.8137 0.0000 0.8125 0.0180 0.8163 0.0260 0.8175 0.0420 0.8263 0.0620 0.8300 0.0660 0.8550 0.0680 0.8738 0.0800 0.8950 0.1100 0.8962 0.1140 0.8938 0.1260 0.8950 0.1280 0.9537 0.1280 0.9725 0.1080 0.9675 0.0920 0.9525 0.0700 0.9400 0.0600 0.9250 0.0580 0.9187 0.0500 0.9000 0.0400 0.8812 0.0160 0.8662 0.0040 0.8625 0.0040 0.8612 0.0000
0 0.7100 0.0000 0.7100 0.0100 0.7113 0.0120 0.7125 0.0240 0.7250 0.0400 0.7362 0.0460 0.7412 0.0460 0.7425 0.0480 0.7575 0.0520 0.7712 0.0600 0.7900 0.0640 0.8087 0.0740 0.8163 0.0740 0.8237 0.0680 0.8237 0.0620 0.8200 0.0560 0.8200 0.0520 0.8075 0.0320 0.7900 0.0180 0.7875 0.0180 0.7762 0.0100 0.7738 0.0060 0.7700 0.0040 0.7688 0.0000
0 0.5725 0.0340 0.5750 0.0400 0.5875 0.0560 0.6062 0.0720 0.6100 0.0720 0.6262 0.0560 0.6400 0.0500 0.6500 0.0500 0.6775 0.0240 0.6837 0.0240 0.6850 0.0220 0.7087 0.0240 0.7100 0.0200 0.7063 0.0000 0.6138 0.0000 0.6125 0.0040 0.6100 0.0040 0.5950 0.0180
0 0.4738 0.0000 0.4863 0.0200 0.4925 0.0340 0.5000 0.0780 0.5050 0.0800 0.5288 0.0800 0.5363 0.0760 0.5537 0.0760 0.5637 0.0700 0.5737 0.0700 0.5913 0.0840 0.6012 0.0780 0.6000 0.0720 0.5850 0.0580 0.5687 0.0340 0.5637 0.0200 0.5575 0.0100 0.5513 0.0040 0.5500 0.0000
0 0.3638 0.0000 0.2800 0.0000 0.2787 0.0040 0.2650 0.0080 0.2475 0.0200 0.2225 0.0240 0.2150 0.0280 0.1975 0.0460 0.2000 0.0520 0.2238 0.0620 0.2487 0.0800 0.2637 0.0960 0.2762 0.1220 0.2913 0.1200 0.3187 0.1040 0.3400 0.0760 0.3613 0.0220 0.3638 0.0120
