0 0.1663 0.6600 0.1737 0.7280 0.1888 0.7400 0.2100 0.7140 0.2188 0.6400 0.2263 0.6380 0.2525 0.6900 0.2662 0.7500 0.3300 0.7620 0.4113 0.8760 0.4750 0.8660 0.5025 0.8900 0.5500 0.9060 0.6100 0.8940 0.6250 0.8740 0.6887 0.9000 0.7013 0.8920 0.6713 0.7420 0.7087 0.7200 0.7113 0.7080 0.6550 0.6920 0.6225 0.7140 0.5375 0.6580 0.4175 0.6360 0.3250 0.5960 0.2712 0.5580 0.2037 0.5900
0 0.1225 0.7400 0.1400 0.7980 0.1850 0.8480 0.1950 0.9120 0.2200 0.9740 0.2325 0.9920 0.2450 0.9980 0.4750 0.9980 0.3812 0.8360 0.3400 0.7760 0.3125 0.7560 0.2612 0.7540 0.2625 0.7340 0.2375 0.6560 0.2238 0.6380 0.2150 0.6600 0.2125 0.7140 0.1950 0.7420 0.1825 0.7480 0.1725 0.7360 0.1550 0.7300
0 0.6950 0.8200 0.6975 0.8340 0.7137 0.8360 0.7262 0.8500 0.7200 0.9120 0.7100 0.9560 0.7087 0.9980 0.9775 0.9980 0.9550 0.9640 0.9137 0.9200 0.8838 0.8680 0.8500 0.8400 0.8450 0.8320 0.8375 0.7960 0.8250 0.7760 0.8150 0.7700 0.7963 0.7720 0.7350 0.7600 0.7275 0.7640
0 0.7900 0.3540 0.7812 0.3660 0.7750 0.4000 0.7550 0.4160 0.7612 0.4920 0.7788 0.5260 0.7788 0.5660 0.7700 0.6060 0.7788 0.6700 0.7550 0.6900 0.7450 0.6900 0.7075 0.6520 0.6887 0.6500 0.6875 0.6640 0.7512 0.7540 0.8200 0.7680 0.8375 0.7880 0.8525 0.8300 0.8725 0.8420 0.9075 0.8400 0.9387 0.8160 0.9475 0.7760 0.9500 0.6900 0.9413 0.6240 0.8912 0.4880 0.8712 0.4040 0.8375 0.3500
0 0.4587 0.2580 0.4675 0.2700 0.5463 0.3020 0.5750 0.3280 0.5975 0.3680 0.6175 0.4600 0.6175 0.5720 0.6125 0.5860 0.5800 0.6280 0.5813 0.6440 0.6238 0.6440 0.6425 0.6180 0.6613 0.5660 0.6975 0.5480 0.7325 0.4900 0.7163 0.4160 0.6950 0.3840 0.6350 0.3260 0.5150 0.2420 0.4775 0.2400
0 0.3250 0.3840 0.3187 0.3740 0.2425 0.3680 0.2387 0.3220 0.2475 0.2520 0.2550 0.2340 0.2550 0.1900 0.2475 0.1780 0.2387 0.1780 0.2200 0.2020 0.2025 0.2080 0.1900 0.1920 0.1550 0.2200 0.1550 0.2360 0.1500 0.2440 0.1725 0.2520 0.1212 0.3100 0.0750 0.3440 0.0450 0.3480 0.0213 0.3660 0.0000 0.3620 0.0000 0.5240 0.0887 0.5060 0.1138 0.4920 0.1762 0.4340 0.2288 0.4300 0.2400 0.4180 0.2775 0.4040 0.3125 0.4020
0 0.0000 0.1460 0.0000 0.2880 0.0037 0.2880 0.0225 0.3120 0.0375 0.3240 0.0350 0.3400 0.0000 0.3500 0.0000 0.3580 0.0200 0.3620 0.0475 0.3420 0.0700 0.3400 0.0875 0.3320 0.1187 0.3080 0.1475 0.2780 0.1487 0.2700 0.1412 0.2480 0.1375 0.2260 0.1225 0.1980 0.1113 0.1860 0.0862 0.1700 0.0512 0.1620 0.0175 0.1480
0 0.1412 0.1040 0.1212 0.1140 0.1125 0.1220 0.1000 0.1460 0.0988 0.1700 0.1025 0.1760 0.1175 0.1880 0.1375 0.2160 0.1450 0.2520 0.1537 0.2680 0.1575 0.2640 0.1537 0.2380 0.1537 0.2240 0.1575 0.2160 0.1688 0.2100 0.1737 0.2000 0.1925 0.1940 0.1988 0.2040 0.2013 0.2040 0.2162 0.1920 0.2188 0.1960 0.2238 0.1940 0.2288 0.1880 0.2288 0.1840 0.2162 0.1640 0.2100 0.1580 0.2037 0.1560 0.1913 0.1580 0.1837 0.1400 0.1638 0.1100 0.1537 0.1040
0 0.3362 0.0400 0.3225 0.0300 0.2938 0.0200 0.2462 0.0200 0.1650 0.0320 0.1087 0.0540 0.0912 0.0520 0.0762 0.0700 0.0737 0.0960 0.0638 0.1220 0.1025 0.1300 0.1225 0.1100 0.1487 0.1000 0.1650 0.1080 0.1950 0.1460 0.2600 0.1420 0.2637 0.1560 0.3050 0.1520 0.3113 0.1480 0.3137 0.1280 0.3225 0.1180 0.3362 0.0900
0 0.3937 0.0000 0.3925 0.0460 0.3987 0.0680 0.4025 0.0980 0.4037 0.1540 0.4188 0.1620 0.4225 0.1940 0.4350 0.2100 0.4387 0.2040 0.4387 0.1760 0.4350 0.1800 0.4325 0.1760 0.4375 0.1620 0.4462 0.1580 0.4612 0.1740 0.4662 0.1920 0.4913 0.2180 0.5025 0.2220 0.5100 0.2320 0.5212 0.2380 0.5325 0.2360 0.5350 0.2200 0.5275 0.1940 0.5288 0.1500 0.5325 0.1400 0.5400 0.1400 0.5325 0.1180 0.5188 0.1140 0.5075 0.1000 0.5012 0.0860 0.4988 0.0640 0.4900 0.0320 0.4700 0.0000
0 0.4750 0.0000 0.4925 0.0340 0.5038 0.0860 0.5162 0.1080 0.5288 0.1080 0.5413 0.0880 0.5563 0.0780 0.5825 0.0740 0.5837 0.0940 0.5813 0.1040 0.5875 0.1140 0.5913 0.1100 0.6012 0.0700 0.6150 0.0640 0.6188 0.0700 0.6200 0.1360 0.6325 0.1560 0.6375 0.1540 0.6362 0.1280 0.6500 0.1300 0.6600 0.1200 0.6613 0.0900 0.6675 0.0800 0.6750 0.0800 0.6725 0.0580 0.6600 0.0280 0.6587 0.0000
0 0.8712 0.3000 0.8588 0.3160 0.8538 0.3300 0.8525 0.3760 0.8762 0.4100 0.8912 0.4820 0.9350 0.5920 0.9463 0.6420 0.9513 0.6460 0.9563 0.6320 0.9600 0.5780 0.9762 0.5500 0.9988 0.5420 0.9988 0.4740 0.9738 0.4380 0.9637 0.4300 0.9525 0.3780 0.9550 0.3720 0.9675 0.3720 0.9700 0.3760 0.9788 0.3740 0.9825 0.3680 0.9788 0.3580 0.9700 0.3500 0.9675 0.3400 0.9387 0.3260 0.9125 0.2980 0.8862 0.2940
0 0.8300 0.0000 0.7762 0.0000 0.7750 0.0060 0.7662 0.0240 0.7525 0.0760 0.7512 0.1220 0.7550 0.1340 0.7600 0.1420 0.7700 0.1460 0.7775 0.1560 0.7812 0.1580 0.8025 0.1580 0.8087 0.1540 0.8187 0.1400 0.8237 0.1260 0.8237 0.1020 0.8187 0.0820 0.8187 0.0680 0.8225 0.0600 0.8275 0.0400
0 0.6675 0.0060 0.6637 0.0180 0.6637 0.0340 0.6650 0.0400 0.6725 0.0520 0.6787 0.0800 0.6775 0.1200 0.6837 0.1260 0.6887 0.1380 0.7013 0.1360 0.7113 0.1260 0.7200 0.1080 0.7462 0.1080 0.7475 0.1060 0.7488 0.0940 0.7362 0.0700 0.7400 0.0460 0.7388 0.0320 0.7462 0.0300 0.7538 0.0420 0.7588 0.0400 0.7625 0.0260 0.7500 0.0140 0.7438 0.0000 0.6713 0.0000
0 0.8512 0.1420 0.8525 0.1600 0.8700 0.1820 0.8675 0.1900 0.8575 0.1960 0.8575 0.2020 0.8612 0.2080 0.8950 0.2360 0.9038 0.2380 0.9137 0.2460 0.9313 0.2720 0.9400 0.2960 0.9500 0.3100 0.9650 0.3240 0.9838 0.3320 0.9988 0.3500 0.9988 0.2140 0.9725 0.1840 0.9500 0.1480 0.9012 0.1040 0.8938 0.1020 0.8788 0.1120 0.8675 0.1360
