0 0.7450 0.0360 0.7325 0.0540 0.7175 0.0640 0.7137 0.0740 0.7125 0.1000 0.7163 0.1140 0.7137 0.1780 0.7188 0.2020 0.7325 0.2240 0.7375 0.2380 0.7600 0.2660 0.7675 0.2680 0.7800 0.2280 0.7975 0.2020 0.7975 0.1860 0.8000 0.1820 0.8175 0.1820 0.8150 0.1660 0.8225 0.1520 0.8187 0.1400 0.8013 0.1260 0.7975 0.1200 0.7950 0.0980 0.7863 0.0720 0.7863 0.0580 0.7788 0.0440 0.7600 0.0360
0 0.2475 0.0400 0.2387 0.0360 0.1800 0.0380 0.1600 0.0440 0.1388 0.0560 0.1200 0.0720 0.1000 0.1000 0.0788 0.1460 0.0762 0.1640 0.0875 0.1720 0.0988 0.1580 0.1263 0.1400 0.1562 0.1380 0.1650 0.1440 0.1750 0.1580 0.1837 0.1840 0.1850 0.2000 0.1913 0.2040 0.2162 0.2000 0.2238 0.1960 0.2225 0.1900 0.2250 0.1820 0.2525 0.1760 0.2550 0.1720 0.2587 0.1320 0.2462 0.0860 0.2450 0.0560
0 0.8862 0.0600 0.8738 0.0780 0.8650 0.1040 0.8588 0.1360 0.8600 0.1640 0.8838 0.1960 0.8888 0.1980 0.8912 0.1920 0.9100 0.2400 0.9425 0.2780 0.9663 0.3000 0.9988 0.3420 0.9988 0.1260 0.9750 0.0820 0.9600 0.0640 0.9375 0.0460 0.9113 0.0460
0 0.0288 0.0560 0.0138 0.0700 0.0100 0.0700 0.0050 0.0580 0.0000 0.0600 0.0000 0.4000 0.0225 0.3840 0.0400 0.3580 0.0488 0.3340 0.0600 0.2860 0.0600 0.2600 0.0563 0.2540 0.0312 0.2520 0.0262 0.2460 0.0362 0.2320 0.0400 0.2160 0.0575 0.1960 0.0612 0.1860 0.0563 0.1380 0.0500 0.1200 0.0350 0.0980 0.0375 0.0740 0.0437 0.0620 0.0437 0.0580
0 0.1288 0.1420 0.0975 0.1620 0.0788 0.1880 0.0575 0.1980 0.0312 0.2460 0.0450 0.2480 0.0563 0.2400 0.0638 0.2560 0.0638 0.2820 0.0525 0.3460 0.0600 0.3600 0.0813 0.3620 0.0750 0.4100 0.0788 0.4180 0.0925 0.4100 0.0975 0.4540 0.0963 0.4900 0.1062 0.4840 0.1150 0.4060 0.1263 0.3640 0.1562 0.3720 0.1663 0.4540 0.1762 0.4860 0.1850 0.4880 0.1888 0.4840 0.1888 0.4640 0.1775 0.4000 0.1762 0.3400 0.1888 0.3100 0.1913 0.2640 0.1812 0.1860 0.1737 0.1600 0.1625 0.1440
0 0.8137 0.0000 0.8113 0.0460 0.8175 0.0840 0.8213 0.0900 0.8225 0.1400 0.8263 0.1460 0.8237 0.1620 0.8275 0.1660 0.8337 0.1860 0.8700 0.1940 0.8712 0.1880 0.8575 0.1620 0.8575 0.1340 0.8625 0.1080 0.8712 0.0800 0.8800 0.0640 0.8975 0.0460 0.8962 0.0120 0.8938 0.0000
0 0.2350 0.5500 0.2387 0.5680 0.2562 0.5840 0.2313 0.6320 0.2238 0.6180 0.2125 0.6160 0.2087 0.6480 0.2150 0.6700 0.2137 0.7600 0.2362 0.7960 0.2375 0.9400 0.2462 0.9980 0.5262 0.9980 0.5200 0.9080 0.5125 0.8860 0.5012 0.8900 0.4938 0.9160 0.4650 0.9060 0.3900 0.7940 0.3750 0.7220 0.3787 0.6780 0.3713 0.6300 0.3475 0.5840 0.3675 0.5600 0.3613 0.5400 0.3337 0.5060 0.3013 0.5260 0.2762 0.5040 0.2487 0.5420
0 0.8050 0.1900 0.7800 0.2320 0.7688 0.2740 0.7600 0.5040 0.7688 0.5360 0.7775 0.5400 0.7837 0.4400 0.8050 0.4100 0.8087 0.4660 0.8187 0.4720 0.8263 0.4520 0.8287 0.4120 0.8700 0.4940 0.9475 0.5700 0.9525 0.5820 0.9525 0.6240 0.9400 0.7320 0.9463 0.7560 0.9537 0.7620 0.9650 0.6980 0.9988 0.6400 0.9988 0.3500 0.8775 0.2040 0.8512 0.1920
0 0.5650 0.0740 0.5837 0.0900 0.6150 0.1040 0.6375 0.1220 0.6425 0.1220 0.6412 0.1160 0.6488 0.1060 0.6550 0.1060 0.6800 0.1300 0.6925 0.1320 0.6937 0.1220 0.6775 0.1000 0.6750 0.0900 0.6913 0.0680 0.7125 0.0680 0.7250 0.0520 0.7212 0.0140 0.7225 0.0000 0.6050 0.0000 0.6038 0.0040 0.5913 0.0120 0.5813 0.0280 0.5763 0.0440 0.5650 0.0660
0 0.4763 0.1000 0.4825 0.1400 0.5112 0.1720 0.5212 0.1880 0.5325 0.1920 0.5613 0.2160 0.5938 0.2300 0.6088 0.2300 0.6262 0.2200 0.6438 0.1920 0.6725 0.1720 0.6825 0.1460 0.6813 0.1380 0.6725 0.1320 0.6650 0.1340 0.6625 0.1420 0.6525 0.1420 0.6225 0.1120 0.6012 0.0980 0.5837 0.0940 0.5525 0.0700 0.5513 0.0800 0.5575 0.1020 0.5487 0.1140 0.5425 0.1140 0.5225 0.1020 0.4938 0.1040 0.4888 0.1000
0 0.3825 0.1300 0.3638 0.1680 0.3488 0.2240 0.3575 0.2820 0.3613 0.2880 0.3700 0.2840 0.3750 0.2520 0.3837 0.2440 0.4062 0.3100 0.4375 0.3420 0.4462 0.3860 0.4575 0.4100 0.4738 0.4140 0.5288 0.5020 0.5475 0.4960 0.5500 0.4440 0.5550 0.4380 0.5625 0.4680 0.5637 0.4980 0.5750 0.5060 0.5775 0.4720 0.5713 0.4360 0.5725 0.3980 0.5763 0.3940 0.5837 0.4020 0.5950 0.4020 0.5975 0.3960 0.5713 0.3560 0.5637 0.2800 0.5525 0.2420 0.5062 0.1700 0.4537 0.1240 0.4125 0.1120
0 0.2475 0.0520 0.2487 0.0900 0.2600 0.1280 0.2575 0.1700 0.2637 0.2320 0.2712 0.2380 0.2787 0.2320 0.2787 0.1880 0.2900 0.1440 0.2900 0.1920 0.3013 0.2480 0.3162 0.2740 0.3225 0.2740 0.3150 0.1960 0.3312 0.1180 0.3563 0.1160 0.3762 0.1280 0.4012 0.1000 0.4188 0.0960 0.4275 0.1080 0.4537 0.1120 0.4662 0.0920 0.5475 0.1080 0.5537 0.0160 0.5437 0.0000 0.2612 0.0000
