0 0.8200 0.0140 0.8200 0.0240 0.8263 0.0280 0.8325 0.0480 0.8413 0.0520 0.8488 0.0640 0.8500 0.0760 0.8575 0.0840 0.8525 0.1080 0.8588 0.1520 0.8825 0.1820 0.8875 0.2380 0.8888 0.3320 0.8962 0.3360 0.9000 0.3300 0.9000 0.2920 0.9075 0.2800 0.9100 0.2480 0.9213 0.2620 0.9300 0.2860 0.9413 0.2880 0.9450 0.2840 0.9475 0.2320 0.9525 0.2060 0.9613 0.2000 0.9725 0.2100 0.9775 0.2080 0.9613 0.1780 0.9450 0.1620 0.9363 0.1140 0.9012 0.0540 0.8800 0.0320 0.8488 0.0120
0 0.8337 0.2480 0.7987 0.2640 0.7800 0.2960 0.7688 0.3640 0.7525 0.4080 0.7450 0.4520 0.7137 0.5280 0.7075 0.5860 0.7075 0.7320 0.6863 0.7420 0.6725 0.7640 0.6737 0.8080 0.6950 0.8140 0.7163 0.8000 0.7200 0.8420 0.7312 0.8680 0.7438 0.8660 0.7700 0.8120 0.7887 0.8660 0.8000 0.8780 0.8100 0.8740 0.8175 0.8440 0.8125 0.7820 0.7963 0.7520 0.8375 0.6580 0.8525 0.6080 0.8562 0.5240 0.8700 0.4680 0.8825 0.3440 0.8738 0.2880
0 0.4850 0.3340 0.4750 0.3460 0.4850 0.4120 0.4875 0.4960 0.5112 0.5040 0.5225 0.5280 0.5012 0.5700 0.4800 0.5800 0.4725 0.5960 0.4800 0.7820 0.5100 0.9040 0.5188 0.9900 0.5363 0.9920 0.5325 0.8780 0.5450 0.8980 0.5625 0.9580 0.5863 0.9560 0.5962 0.9420 0.6012 0.8760 0.6175 0.8040 0.6450 0.8260 0.6438 0.7500 0.6225 0.7280 0.6150 0.6600 0.5900 0.5860 0.5813 0.5060 0.6438 0.5440 0.6488 0.5320 0.5938 0.4760 0.5737 0.4200 0.5413 0.3660 0.5162 0.3420
0 0.4138 0.1140 0.4050 0.1340 0.3762 0.1480 0.3588 0.1920 0.3563 0.3220 0.3613 0.3760 0.3600 0.4300 0.3650 0.4920 0.3775 0.5200 0.3825 0.5460 0.3862 0.6120 0.4088 0.6520 0.4163 0.7120 0.4350 0.7200 0.4400 0.7120 0.4512 0.6420 0.4612 0.6240 0.4713 0.5860 0.4775 0.5760 0.4988 0.5680 0.5200 0.5280 0.5125 0.5120 0.4863 0.4960 0.4813 0.5140 0.4725 0.5220 0.4825 0.4720 0.4838 0.4240 0.4763 0.3640 0.4625 0.3080 0.4525 0.1900 0.4437 0.1540 0.4325 0.1380 0.4188 0.1340 0.4188 0.1140
0 0.0088 0.6020 0.0088 0.6100 0.0437 0.6580 0.0650 0.6760 0.0775 0.7840 0.1150 0.8600 0.1437 0.9780 0.1537 0.9980 0.4125 0.9980 0.3588 0.8780 0.3113 0.7360 0.2762 0.6680 0.2350 0.6140 0.1713 0.5620 0.1113 0.5540 0.0650 0.5640 0.0475 0.6080
0 0.2900 0.1060 0.2787 0.1120 0.2750 0.1260 0.2762 0.1560 0.2850 0.1920 0.2525 0.2660 0.2250 0.3960 0.2313 0.5080 0.2462 0.5580 0.2575 0.6280 0.2750 0.6520 0.2725 0.5280 0.2787 0.5200 0.2938 0.5280 0.2938 0.6300 0.3013 0.6400 0.3150 0.6360 0.3225 0.5520 0.3450 0.4700 0.3475 0.3920 0.3525 0.3700 0.3525 0.1960 0.3563 0.1820 0.3450 0.1640 0.3100 0.1600
0 0.2550 0.1100 0.2387 0.1260 0.2062 0.1380 0.1725 0.1800 0.1475 0.2240 0.1037 0.3280 0.0938 0.3620 0.0875 0.4060 0.0900 0.4520 0.0700 0.5040 0.0688 0.5220 0.0725 0.5300 0.0912 0.5000 0.1025 0.4940 0.1138 0.5020 0.1225 0.5260 0.1288 0.5280 0.1325 0.5460 0.1775 0.5580 0.1800 0.4940 0.1850 0.4860 0.1888 0.5360 0.1938 0.5380 0.2037 0.5020 0.2087 0.4500 0.2200 0.4220 0.2250 0.3660 0.2587 0.2380 0.2787 0.1980 0.2762 0.1700 0.2575 0.1340
0 0.0000 0.1180 0.0000 0.2680 0.0063 0.2680 0.0350 0.2840 0.0887 0.2880 0.1138 0.2980 0.1487 0.2140 0.1475 0.2040 0.1400 0.1840 0.1250 0.1600 0.1087 0.1420 0.0875 0.1300 0.0650 0.1120 0.0512 0.1060 0.0350 0.1040 0.0125 0.1100
0 0.5613 0.0000 0.4562 0.0000 0.4437 0.0260 0.4375 0.0520 0.4250 0.0800 0.4200 0.1100 0.4138 0.1220 0.4188 0.1300 0.4375 0.1400 0.4475 0.1580 0.4550 0.1920 0.4575 0.2380 0.4662 0.2700 0.4775 0.2720 0.4863 0.2640 0.4888 0.2060 0.5062 0.1760 0.5125 0.1460 0.5225 0.1360 0.5288 0.1380 0.5288 0.1160 0.5363 0.1000 0.5400 0.1100 0.5425 0.1840 0.5525 0.1880 0.5563 0.1160 0.5637 0.0880 0.5650 0.0140
0 0.5700 0.0100 0.5687 0.0760 0.5825 0.1260 0.5925 0.2060 0.6088 0.2420 0.6150 0.2400 0.6100 0.2140 0.6175 0.1900 0.6125 0.1420 0.6212 0.1140 0.6587 0.1380 0.7188 0.1480 0.7238 0.1640 0.7200 0.2540 0.7312 0.2760 0.7400 0.2200 0.7625 0.1720 0.7762 0.1700 0.8187 0.1860 0.8575 0.1880 0.8675 0.1780 0.8538 0.1460 0.8475 0.1020 0.8525 0.0880 0.8488 0.0800 0.8300 0.0760 0.7875 0.0480 0.7288 0.0000 0.5737 0.0000
