0 0.0000 0.0400 0.0000 0.2640 0.0125 0.3260 0.0288 0.3560 0.0375 0.3520 0.0262 0.3160 0.0213 0.2580 0.0775 0.2880 0.0975 0.3460 0.1100 0.4360 0.1250 0.4660 0.1325 0.4640 0.1350 0.4480 0.1263 0.3900 0.1275 0.3480 0.1338 0.3400 0.1550 0.4020 0.2062 0.4780 0.2238 0.4780 0.2350 0.3640 0.2600 0.4040 0.2650 0.3960 0.2437 0.3240 0.2225 0.3080 0.2050 0.2420 0.1988 0.1760 0.1837 0.1400 0.1000 0.0540 0.0488 0.0360
0 0.1150 0.0580 0.1475 0.0960 0.1775 0.1240 0.1938 0.1540 0.2000 0.1540 0.2450 0.1200 0.2562 0.1080 0.2975 0.0900 0.3200 0.0640 0.3250 0.0540 0.3250 0.0400 0.2988 0.0000 0.2062 0.0000 0.2050 0.0040 0.1762 0.0260 0.1237 0.0480
0 0.4975 0.9980 0.4750 0.9080 0.4512 0.8560 0.4213 0.8180 0.3725 0.7920 0.3125 0.8040 0.2800 0.8260 0.2562 0.8560 0.2200 0.8700 0.1988 0.8860 0.1725 0.8860 0.1600 0.8960 0.1437 0.8980 0.1325 0.9140 0.1400 0.9400 0.1212 0.9500 0.1125 0.9660 0.1175 0.9840 0.1288 0.9880 0.2125 0.9820 0.2437 0.9980
0 0.8387 0.3100 0.8025 0.3800 0.7850 0.4280 0.7850 0.4400 0.8100 0.4600 0.8438 0.4680 0.8538 0.5260 0.8575 0.5320 0.8762 0.5320 0.8900 0.5520 0.8900 0.5700 0.8975 0.5960 0.8788 0.6380 0.8500 0.6640 0.8450 0.6840 0.8450 0.7380 0.8600 0.7400 0.8762 0.7240 0.9100 0.7180 0.9213 0.7020 0.9688 0.7120 0.9988 0.6960 0.9988 0.4680 0.9587 0.3940 0.9025 0.3220 0.8738 0.3040 0.8475 0.3040
0 0.8163 0.3220 0.8075 0.2940 0.7850 0.2740 0.7475 0.2620 0.7175 0.2700 0.7087 0.2980 0.6875 0.3120 0.6700 0.2920 0.6475 0.2860 0.6425 0.3040 0.6587 0.3180 0.6262 0.3360 0.6012 0.3620 0.5212 0.3860 0.4938 0.3640 0.4850 0.3880 0.4700 0.3900 0.4675 0.4020 0.4800 0.4240 0.5150 0.4380 0.5200 0.4460 0.5200 0.4720 0.5262 0.4960 0.5387 0.5180 0.5675 0.5460 0.5650 0.5660 0.5713 0.5760 0.5800 0.5540 0.5938 0.5400 0.6312 0.5480 0.7412 0.4960 0.7775 0.4380 0.8150 0.3460
0 0.8225 0.1520 0.8013 0.1160 0.7775 0.1040 0.7025 0.1080 0.6613 0.1220 0.6100 0.1560 0.5950 0.1800 0.5737 0.1760 0.5650 0.1840 0.5613 0.1960 0.5637 0.2000 0.5613 0.2680 0.5513 0.3080 0.5587 0.3160 0.6212 0.3040 0.6475 0.2780 0.6750 0.2860 0.6850 0.3060 0.7050 0.2960 0.7137 0.2640 0.7612 0.2560 0.7850 0.2300 0.7913 0.2300 0.8087 0.2500 0.8225 0.2500 0.8325 0.2400 0.8237 0.1900
0 0.9125 0.2020 0.9075 0.2160 0.9113 0.2340 0.9175 0.2460 0.9137 0.2500 0.9100 0.2900 0.9125 0.3240 0.9263 0.3460 0.9487 0.3720 0.9988 0.4580 0.9988 0.2600 0.9938 0.2520 0.9988 0.2480 0.9988 0.1960 0.9862 0.1980 0.9688 0.2200 0.9537 0.2100 0.9337 0.2080 0.9237 0.2000
0 0.8125 0.0640 0.8000 0.0860 0.7963 0.1040 0.8100 0.1220 0.8237 0.1480 0.8263 0.1900 0.8387 0.2400 0.8250 0.2520 0.8200 0.2840 0.8275 0.2880 0.8600 0.2720 0.8825 0.3000 0.9025 0.3160 0.9075 0.3140 0.9113 0.2480 0.9062 0.2140 0.9100 0.2020 0.9175 0.1960 0.9163 0.1900 0.8888 0.1480 0.8775 0.1040 0.8575 0.0720 0.8325 0.0560 0.8237 0.0560
0 0.8250 0.0520 0.7987 0.0200 0.7725 0.0140 0.7538 0.0200 0.7512 0.0300 0.7438 0.0380 0.7238 0.0440 0.7050 0.0560 0.6725 0.0640 0.6462 0.0880 0.6175 0.0960 0.6150 0.1040 0.6212 0.1140 0.6175 0.1180 0.6038 0.1200 0.6025 0.1240 0.6100 0.1400 0.6250 0.1420 0.6562 0.1200 0.6863 0.1080 0.7450 0.1040 0.7538 0.1000 0.7913 0.1040 0.8025 0.0760 0.8113 0.0620
0 0.3125 0.0900 0.3688 0.0940 0.3837 0.1060 0.3962 0.1240 0.4025 0.1520 0.4150 0.1720 0.4688 0.2160 0.5350 0.2440 0.5587 0.2400 0.5650 0.2240 0.5750 0.2180 0.6100 0.1520 0.6050 0.1360 0.5875 0.1160 0.5450 0.1060 0.5075 0.0820 0.4387 0.0600 0.4263 0.0460 0.4100 0.0380 0.3800 0.0380 0.3600 0.0540 0.3350 0.0640 0.3225 0.0740
0 0.4512 0.2520 0.4450 0.2320 0.4037 0.1620 0.3950 0.1260 0.3800 0.1060 0.3650 0.0960 0.3125 0.0980 0.2412 0.1280 0.1988 0.1600 0.2062 0.2040 0.2087 0.2500 0.2213 0.2920 0.2313 0.3080 0.2462 0.2900 0.2700 0.2900 0.3013 0.2800 0.3212 0.2640 0.3412 0.2360 0.3875 0.2560 0.4238 0.2900 0.4288 0.2800 0.4250 0.2580 0.3912 0.2220 0.3887 0.2120 0.3925 0.2060 0.4088 0.2180 0.4375 0.2620 0.4487 0.2620
