0 0.9275 0.0000 0.9237 0.0100 0.9237 0.0280 0.9213 0.0440 0.9213 0.0940 0.9237 0.1080 0.9325 0.0960 0.9337 0.0880 0.9400 0.0820 0.9425 0.0720 0.9500 0.0940 0.9625 0.0960 0.9688 0.1140 0.9762 0.1220 0.9825 0.1340 0.9850 0.1460 0.9838 0.1900 0.9850 0.1920 0.9988 0.1900 0.9988 0.0900 0.9750 0.0580 0.9725 0.0520 0.9725 0.0460 0.9650 0.0300 0.9600 0.0000
0 0.6562 0.2340 0.6562 0.2520 0.6450 0.2940 0.6538 0.3400 0.7087 0.4200 0.7750 0.4820 0.7850 0.5040 0.7937 0.5480 0.8237 0.5900 0.8438 0.6080 0.8500 0.5960 0.8375 0.5280 0.8975 0.5400 0.9237 0.5340 0.9287 0.5260 0.9287 0.5140 0.9137 0.4780 0.9075 0.4200 0.9225 0.4080 0.9250 0.3980 0.8888 0.3900 0.8438 0.3460 0.7725 0.3000 0.7575 0.2800 0.7462 0.2460 0.7300 0.2300 0.7075 0.2180 0.6875 0.2180
0 0.9812 0.8860 0.9637 0.8280 0.9425 0.7940 0.9137 0.7720 0.8588 0.7700 0.8175 0.7880 0.7438 0.7780 0.7575 0.8220 0.8013 0.8460 0.8163 0.8640 0.7600 0.9120 0.7262 0.9640 0.7125 0.9980 0.9750 0.9980 0.9838 0.9380
0 0.9988 0.1940 0.9812 0.2020 0.9587 0.2040 0.9487 0.2100 0.9325 0.2320 0.9213 0.2580 0.9187 0.2680 0.9187 0.2780 0.9263 0.2940 0.9300 0.3100 0.9413 0.3260 0.9613 0.3440 0.9750 0.3500 0.9875 0.3500 0.9988 0.3440
0 0.8438 0.2680 0.8300 0.3020 0.8275 0.3140 0.8287 0.3340 0.8488 0.3460 0.8888 0.3860 0.9363 0.3900 0.9400 0.3960 0.9337 0.4080 0.9150 0.4180 0.9100 0.4280 0.9125 0.4600 0.9187 0.4860 0.9263 0.5040 0.9525 0.5460 0.9800 0.5600 0.9888 0.5500 0.9988 0.5480 0.9988 0.4460 0.9850 0.4020 0.9738 0.3840 0.9563 0.3700 0.9337 0.3400 0.9263 0.3020 0.9200 0.2860 0.8962 0.2580 0.8838 0.2500 0.8700 0.2500
0 0.1450 0.0880 0.1500 0.1020 0.1613 0.1120 0.1737 0.1120 0.1875 0.1040 0.1925 0.1040 0.1975 0.1080 0.2062 0.1020 0.2125 0.1020 0.2263 0.0940 0.2313 0.0820 0.2313 0.0760 0.2462 0.0600 0.2550 0.0460 0.2725 0.0420 0.2812 0.0280 0.2850 0.0280 0.2900 0.0220 0.2963 0.0200 0.2975 0.0140 0.2900 0.0080 0.2863 0.0000 0.1725 0.0000 0.1713 0.0040 0.1638 0.0100 0.1512 0.0340 0.1437 0.0640
0 0.8662 0.5540 0.8400 0.6440 0.8450 0.7120 0.8738 0.7640 0.9025 0.7640 0.9250 0.7740 0.9450 0.7920 0.9637 0.8220 0.9750 0.8500 0.9850 0.8980 0.9838 0.9940 0.9988 0.9980 0.9988 0.6220 0.9850 0.5840 0.9750 0.5680 0.9375 0.5420 0.9113 0.5400
0 0.7750 0.8540 0.7588 0.8420 0.7350 0.7740 0.7163 0.7540 0.6587 0.7300 0.5900 0.7380 0.5625 0.7080 0.5363 0.7020 0.5262 0.7180 0.5025 0.7220 0.5012 0.7360 0.5188 0.7560 0.5637 0.7720 0.5825 0.8000 0.5787 0.8140 0.5262 0.8280 0.4612 0.8660 0.3837 0.9520 0.3538 0.9720 0.2900 0.9760 0.2450 0.9980 0.7025 0.9980
0 0.6262 0.0960 0.6262 0.1020 0.6538 0.1200 0.6575 0.1720 0.6663 0.1740 0.6763 0.1540 0.6987 0.1280 0.7050 0.1100 0.7087 0.1320 0.7250 0.1260 0.7512 0.0780 0.7750 0.0840 0.7950 0.0740 0.7987 0.0820 0.7987 0.1060 0.7925 0.1340 0.8000 0.1400 0.8175 0.0980 0.8187 0.0760 0.8287 0.0680 0.8350 0.0840 0.8363 0.1560 0.8413 0.1660 0.8462 0.1520 0.8512 0.0940 0.8625 0.0620 0.8650 0.0140 0.8625 0.0000 0.6813 0.0000 0.6550 0.0580
0 0.3337 0.0040 0.3438 0.0280 0.3525 0.0340 0.3688 0.0320 0.3738 0.0460 0.4150 0.0420 0.4250 0.0300 0.4487 0.0280 0.4788 0.0300 0.4925 0.0340 0.5025 0.0420 0.5413 0.0440 0.5450 0.0380 0.5450 0.0300 0.5350 0.0120 0.5325 0.0000 0.3350 0.0000
0 0.0000 0.6080 0.0000 0.8560 0.0175 0.8380 0.0587 0.8400 0.1062 0.8040 0.1150 0.8080 0.1113 0.8280 0.1175 0.8400 0.1500 0.8560 0.1850 0.8520 0.1850 0.8380 0.1737 0.8080 0.1575 0.7840 0.1437 0.7740 0.1525 0.7420 0.1837 0.7020 0.1825 0.6840 0.1750 0.6720 0.1000 0.6360 0.0762 0.6380 0.0225 0.6080
0 0.2875 0.1060 0.2737 0.1320 0.2162 0.1200 0.1575 0.1420 0.1300 0.1620 0.0912 0.2120 0.0488 0.2860 0.0288 0.3400 0.0300 0.4580 0.0000 0.5340 0.0000 0.5860 0.0288 0.5320 0.0612 0.6200 0.0875 0.6320 0.1150 0.5260 0.1288 0.6180 0.1388 0.6420 0.1475 0.5900 0.1437 0.5280 0.1500 0.4260 0.2100 0.3720 0.2400 0.3240 0.2500 0.3440 0.2537 0.3960 0.2462 0.4920 0.2600 0.4900 0.2712 0.4580 0.2812 0.3440 0.2975 0.2960 0.3075 0.2340 0.3050 0.1920 0.2888 0.1460
0 0.9838 0.1460 0.9800 0.1320 0.9625 0.1060 0.9600 0.0980 0.9500 0.0960 0.9475 0.0920 0.9425 0.0600 0.9350 0.0960 0.9200 0.1240 0.9113 0.1540 0.8950 0.1580 0.8750 0.1700 0.8500 0.1960 0.8450 0.1960 0.8387 0.1900 0.8300 0.1900 0.8300 0.1960 0.8475 0.2180 0.8538 0.2180 0.8612 0.2120 0.8662 0.2260 0.8800 0.2460 0.8900 0.2500 0.9062 0.2640 0.9137 0.2660 0.9313 0.2300 0.9487 0.2060 0.9587 0.2000 0.9712 0.2000 0.9800 0.1960
0 0.7025 0.1460 0.7013 0.1580 0.7100 0.1640 0.7050 0.1860 0.7037 0.2140 0.7225 0.2220 0.7412 0.2360 0.7538 0.2560 0.7588 0.2780 0.7738 0.2980 0.8175 0.3280 0.8225 0.3280 0.8263 0.3060 0.8337 0.2820 0.8462 0.2580 0.8275 0.2260 0.8275 0.2200 0.8200 0.2120 0.8175 0.2020 0.8200 0.1880 0.8175 0.1800 0.7925 0.1380 0.7675 0.1180 0.7425 0.1160 0.7200 0.1360 0.7087 0.1380
