0 0.3663 0.2460 0.3950 0.2880 0.3837 0.3460 0.3613 0.3920 0.3613 0.4020 0.3762 0.4260 0.3975 0.4200 0.4000 0.3980 0.4913 0.4040 0.5350 0.3660 0.5387 0.3920 0.5262 0.4400 0.5337 0.4520 0.6438 0.4500 0.6687 0.4080 0.7050 0.3840 0.7325 0.3860 0.7662 0.4060 0.7750 0.3980 0.7738 0.3560 0.7588 0.3140 0.7175 0.2720 0.6863 0.2540 0.6375 0.2460 0.5437 0.2640 0.4963 0.2540 0.4188 0.2620
0 0.7850 0.0000 0.8037 0.0440 0.8063 0.0580 0.8063 0.0720 0.8125 0.0760 0.8163 0.0820 0.8163 0.0860 0.8225 0.1020 0.8425 0.1020 0.8562 0.1080 0.8738 0.1220 0.8962 0.1600 0.8988 0.1620 0.9038 0.1600 0.9038 0.1500 0.8975 0.1300 0.8962 0.1140 0.8862 0.0720 0.8750 0.0500 0.8650 0.0440 0.8400 0.0160 0.8313 0.0000
0 0.8600 0.0340 0.8662 0.0420 0.8775 0.0500 0.8838 0.0600 0.8988 0.1160 0.9187 0.1200 0.9325 0.1260 0.9575 0.1260 0.9750 0.1140 0.9988 0.1160 0.9988 0.0340 0.9825 0.0280 0.9650 0.0280 0.9463 0.0340 0.9213 0.0340 0.9038 0.0220 0.8900 0.0180 0.8725 0.0200 0.8638 0.0260
0 0.2950 0.0320 0.3050 0.0420 0.3113 0.0520 0.3337 0.0520 0.3350 0.0500 0.3438 0.0500 0.3450 0.0520 0.3538 0.0520 0.3550 0.0540 0.3613 0.0540 0.3625 0.0520 0.3762 0.0520 0.3875 0.0440 0.3900 0.0400 0.3925 0.0240 0.4000 0.0000 0.3200 0.0000 0.3200 0.0020 0.3113 0.0140 0.3038 0.0200 0.3013 0.0240 0.2950 0.0280
0 0.4037 0.0000 0.3975 0.0120 0.3925 0.0360 0.3937 0.0540 0.3950 0.0580 0.4025 0.0680 0.4025 0.0960 0.4037 0.1000 0.4075 0.1040 0.4138 0.1040 0.4275 0.0940 0.4400 0.0920 0.4412 0.0940 0.4412 0.1020 0.4437 0.1060 0.4500 0.1100 0.4575 0.0940 0.4612 0.0820 0.4738 0.0600 0.4750 0.0440 0.4763 0.0420 0.4763 0.0260 0.4800 0.0120 0.4813 0.0000
0 0.5038 0.0000 0.4950 0.0360 0.4888 0.0520 0.4888 0.0820 0.4775 0.1020 0.4725 0.1160 0.4800 0.1200 0.4863 0.1180 0.4925 0.1020 0.5025 0.1140 0.5100 0.1140 0.5188 0.1040 0.5363 0.0920 0.5450 0.0800 0.5487 0.0840 0.5525 0.1240 0.5637 0.1300 0.5650 0.1200 0.5613 0.1020 0.5613 0.0700 0.5637 0.0620 0.5775 0.0440 0.5850 0.0400 0.5887 0.0240 0.6000 0.0060 0.6012 0.0000
0 0.5750 0.0580 0.5950 0.0600 0.5975 0.0640 0.5962 0.0780 0.6038 0.0900 0.6412 0.0900 0.6587 0.0780 0.6675 0.0660 0.6937 0.0420 0.7125 0.0140 0.7150 0.0000 0.6062 0.0000 0.6038 0.0060 0.5925 0.0200 0.5887 0.0320 0.5887 0.0400 0.5863 0.0440 0.5800 0.0460 0.5750 0.0540
0 0.8037 0.0560 0.8000 0.0380 0.7812 0.0000 0.7225 0.0000 0.6937 0.0460 0.6913 0.0580 0.6825 0.0740 0.6663 0.0960 0.6600 0.1000 0.6150 0.0980 0.6112 0.1020 0.6112 0.1080 0.6162 0.1160 0.6312 0.1200 0.6425 0.1280 0.6663 0.1260 0.6863 0.1300 0.6887 0.1340 0.6887 0.1520 0.6913 0.1580 0.6975 0.1620 0.7100 0.1620 0.7200 0.1520 0.7288 0.1540 0.7575 0.1280 0.7738 0.1280 0.7887 0.1160 0.7987 0.0980
0 0.6700 0.6380 0.6600 0.6320 0.6312 0.6580 0.5312 0.6380 0.4238 0.6800 0.3488 0.7220 0.2487 0.8120 0.1237 0.9780 0.1187 0.9980 0.6388 0.9980 0.6525 0.9740 0.6800 0.8700
0 0.2100 0.6520 0.1900 0.6560 0.1650 0.6840 0.1425 0.7220 0.0000 0.6880 0.0000 0.9780 0.0262 0.9980 0.0775 0.9980 0.0800 0.9680 0.1150 0.9820 0.1525 0.9380 0.1862 0.8840 0.2125 0.8520 0.2175 0.8380 0.2087 0.7980 0.2162 0.7760 0.2188 0.6980
0 0.3762 0.2720 0.3387 0.2800 0.3013 0.2520 0.2787 0.2560 0.2587 0.2800 0.2500 0.3100 0.2100 0.3640 0.1950 0.4180 0.1375 0.4980 0.1163 0.5460 0.1050 0.5980 0.1013 0.7020 0.1537 0.7160 0.1525 0.7040 0.1913 0.6500 0.2087 0.6500 0.2238 0.7140 0.2162 0.7840 0.2213 0.8160 0.2437 0.8080 0.2950 0.7580 0.2913 0.6780 0.3025 0.6600 0.3125 0.6220 0.3137 0.5440 0.3187 0.5340 0.3375 0.5320 0.3488 0.5120 0.3550 0.4620 0.3438 0.4280 0.3538 0.3780 0.3837 0.3300 0.3862 0.2960
0 0.5363 0.3700 0.4888 0.4080 0.4012 0.4040 0.4037 0.4200 0.4313 0.4560 0.4412 0.4600 0.4325 0.4960 0.4188 0.5200 0.4037 0.5040 0.3975 0.5060 0.3950 0.5140 0.4100 0.5820 0.4113 0.6160 0.4175 0.6300 0.4500 0.6480 0.4562 0.6620 0.5400 0.6340 0.6162 0.6520 0.5675 0.5900 0.5425 0.4880 0.5300 0.4660 0.5150 0.4520 0.5250 0.4380 0.5337 0.4060
0 0.9525 0.3680 0.9087 0.3480 0.8812 0.3480 0.8113 0.4020 0.7688 0.4640 0.7500 0.4680 0.7488 0.4920 0.7712 0.5100 0.7700 0.5460 0.7538 0.6340 0.7362 0.6740 0.7050 0.7140 0.7100 0.7380 0.7438 0.7260 0.7650 0.6700 0.7788 0.6500 0.7975 0.6720 0.8263 0.6640 0.7812 0.7960 0.7825 0.8060 0.8013 0.8180 0.8387 0.7160 0.9012 0.6260 0.9225 0.6140 0.9363 0.5900 0.9463 0.5860 0.9938 0.6100 0.9988 0.6020 0.9988 0.4480
0 0.8512 0.2240 0.8363 0.2600 0.8325 0.2780 0.8363 0.3360 0.8488 0.3660 0.8688 0.3500 0.8938 0.3420 0.9125 0.3460 0.9300 0.3560 0.9387 0.3560 0.9500 0.3620 0.9613 0.3740 0.9788 0.4120 0.9988 0.4400 0.9988 0.3680 0.9875 0.3460 0.9663 0.3240 0.9413 0.2900 0.9337 0.2480 0.9225 0.2280 0.8962 0.2080 0.8688 0.2080
0 0.8725 0.1240 0.8450 0.1060 0.8250 0.1060 0.8125 0.1160 0.7950 0.1480 0.7900 0.1480 0.7725 0.1340 0.7575 0.1320 0.7350 0.1520 0.7312 0.1600 0.7212 0.1600 0.7188 0.1640 0.7300 0.1740 0.7700 0.1820 0.7875 0.2140 0.7837 0.2220 0.7775 0.2200 0.7712 0.2240 0.7700 0.2320 0.7762 0.2720 0.7950 0.2840 0.7837 0.3140 0.7837 0.3240 0.7913 0.3400 0.7937 0.3400 0.7975 0.3280 0.8263 0.2780 0.8512 0.2200 0.8700 0.2040 0.8962 0.2020 0.8912 0.1640 0.8862 0.1480
0 0.5587 0.1460 0.5413 0.2320 0.5475 0.2520 0.5637 0.2560 0.5725 0.2460 0.5875 0.2520 0.6412 0.2420 0.6900 0.2520 0.7125 0.2640 0.7538 0.3020 0.7812 0.3660 0.8050 0.3960 0.8137 0.3900 0.8113 0.3780 0.7913 0.3480 0.7750 0.3040 0.7750 0.2680 0.7688 0.2260 0.7900 0.2160 0.7688 0.1860 0.7312 0.1780 0.7125 0.1620 0.6987 0.1580 0.6837 0.1600 0.6850 0.1660 0.6925 0.1680 0.6913 0.1780 0.6488 0.1360 0.6100 0.1200 0.5813 0.1220
0 0.5350 0.2340 0.5162 0.2080 0.4900 0.1900 0.4863 0.1780 0.4462 0.1720 0.3862 0.1980 0.3063 0.2160 0.2313 0.2440 0.2013 0.2780 0.1825 0.3400 0.1862 0.3840 0.1963 0.4040 0.2112 0.3560 0.2387 0.3240 0.2512 0.3020 0.2525 0.2880 0.2825 0.2500 0.3075 0.2480 0.3300 0.2720 0.3588 0.2760 0.3713 0.2680 0.3650 0.2380 0.3787 0.2480 0.3987 0.2480 0.4225 0.2600 0.4700 0.2500 0.5337 0.2580
0 0.0400 0.2200 0.0000 0.2480 0.0000 0.5960 0.0525 0.6400 0.0813 0.6500 0.0988 0.6180 0.1000 0.5980 0.0850 0.5640 0.0612 0.5400 0.0450 0.4780 0.0775 0.4240 0.0912 0.3620 0.1375 0.3580 0.1650 0.3700 0.1787 0.3660 0.1775 0.3440 0.0988 0.3160 0.0950 0.3020 0.1075 0.3000 0.1725 0.3260 0.1850 0.3120 0.1163 0.2700 0.0825 0.2300
0 0.1125 0.0000 0.0700 0.0000 0.0688 0.0040 0.0537 0.0100 0.0450 0.0240 0.0150 0.0520 0.0000 0.0760 0.0000 0.1400 0.0075 0.1440 0.0150 0.1560 0.0225 0.1780 0.0250 0.1960 0.0288 0.2060 0.0362 0.2020 0.0450 0.2020 0.0563 0.1940 0.0600 0.1940 0.0625 0.1980 0.0712 0.1960 0.0838 0.1620 0.0825 0.1440 0.0862 0.1320 0.0875 0.1140 0.0900 0.1100 0.0975 0.1080 0.1025 0.0980 0.1087 0.0340 0.1200 0.0160
0 0.1150 0.0000 0.1212 0.0200 0.1100 0.0440 0.1087 0.0700 0.1050 0.0860 0.1050 0.1180 0.0988 0.1300 0.1000 0.1400 0.1062 0.1480 0.1163 0.1520 0.1187 0.1480 0.1225 0.1280 0.1325 0.1360 0.1475 0.1360 0.1525 0.1400 0.1663 0.1420 0.1800 0.1380 0.1963 0.1180 0.2000 0.1080 0.1975 0.0340 0.1950 0.0160 0.1862 0.0000
0 0.2013 0.0000 0.1988 0.0140 0.1988 0.0360 0.2037 0.1140 0.2150 0.1200 0.2250 0.1340 0.2350 0.1420 0.2437 0.1460 0.2712 0.1460 0.2863 0.1380 0.2988 0.1180 0.3088 0.1140 0.3137 0.1080 0.3262 0.1120 0.3387 0.1040 0.3425 0.0960 0.3337 0.0840 0.3212 0.0820 0.3063 0.0480 0.2963 0.0360 0.2838 0.0280 0.2787 0.0200 0.2800 0.0160 0.2762 0.0000
