0 0.0213 0.7940 0.0288 0.8920 0.0700 0.9840 0.0838 0.9980 0.5713 0.9980 0.5975 0.9480 0.5563 0.9140 0.5162 0.9180 0.4863 0.8880 0.5100 0.8240 0.5050 0.7960 0.4888 0.7980 0.4750 0.8260 0.4375 0.8540 0.4238 0.8780 0.4213 0.9040 0.3725 0.8880 0.2600 0.8840 0.2200 0.8200 0.2062 0.7680 0.1713 0.7080 0.1163 0.6780 0.0813 0.6800 0.0600 0.6980 0.0525 0.6580 0.0425 0.7260
0 0.5575 0.0920 0.5025 0.0840 0.4675 0.1180 0.4288 0.1920 0.3812 0.3520 0.3713 0.4140 0.3800 0.4980 0.3513 0.5660 0.3837 0.6060 0.4000 0.7380 0.4075 0.7540 0.4375 0.7600 0.4462 0.7500 0.4487 0.7200 0.4813 0.6140 0.5012 0.7580 0.5112 0.7700 0.5238 0.7600 0.5138 0.6160 0.5238 0.5940 0.5175 0.5660 0.5288 0.4700 0.5262 0.3600 0.5312 0.3400 0.5350 0.3460 0.5363 0.4400 0.5413 0.4540 0.5537 0.4520 0.5563 0.3620 0.5900 0.1860 0.5837 0.1280
0 0.2112 0.2260 0.1638 0.2180 0.1125 0.2540 0.0362 0.3860 0.0150 0.3980 0.0000 0.4220 0.0000 0.6020 0.0387 0.6340 0.0650 0.6400 0.0900 0.6360 0.1138 0.6060 0.1325 0.5600 0.1412 0.5200 0.1575 0.4980 0.1650 0.4760 0.1700 0.4240 0.1812 0.4100 0.2050 0.4000 0.2300 0.3520 0.2487 0.3460 0.2575 0.3300 0.2525 0.3200 0.2263 0.3260 0.2100 0.3220 0.2087 0.3080 0.2162 0.2900 0.2112 0.2680 0.2275 0.2560
0 0.4675 0.0940 0.4637 0.0920 0.4437 0.1100 0.4263 0.0980 0.3812 0.1060 0.3725 0.1140 0.3513 0.1660 0.3075 0.2300 0.2812 0.2840 0.2762 0.3020 0.2762 0.3220 0.2687 0.3380 0.2587 0.3460 0.2587 0.3640 0.2775 0.3920 0.2838 0.3920 0.2963 0.3740 0.3000 0.3740 0.3137 0.3880 0.3488 0.4000 0.3700 0.3960 0.3825 0.3380 0.4012 0.2840 0.4100 0.2420 0.4263 0.1900 0.4387 0.1600 0.4637 0.1160
0 0.9500 0.4380 0.9475 0.4140 0.9300 0.3840 0.9513 0.3780 0.9363 0.3080 0.9300 0.3000 0.9150 0.3080 0.8575 0.2560 0.8187 0.2600 0.7975 0.2820 0.6925 0.2920 0.6625 0.2800 0.6325 0.2780 0.6150 0.2860 0.6038 0.3020 0.5787 0.2960 0.5663 0.3240 0.5700 0.3400 0.5887 0.3400 0.5938 0.4000 0.6088 0.4300 0.6300 0.4480 0.6625 0.4620 0.7512 0.4660 0.8325 0.4180 0.8862 0.4120 0.9000 0.4020 0.9087 0.4140
0 0.3950 0.0960 0.3962 0.1000 0.4250 0.0960 0.4387 0.1060 0.4662 0.0980 0.4700 0.1060 0.5025 0.0800 0.5288 0.0800 0.5525 0.0860 0.5563 0.0840 0.5587 0.0680 0.5675 0.0600 0.5837 0.0640 0.5962 0.0840 0.6025 0.0840 0.6075 0.0700 0.6262 0.0740 0.6275 0.0620 0.6125 0.0500 0.5887 0.0440 0.5687 0.0000 0.4412 0.0000 0.4062 0.0460 0.3987 0.0640
0 0.5938 0.0340 0.5988 0.0440 0.6125 0.0460 0.6250 0.0540 0.6587 0.0540 0.6637 0.0640 0.6600 0.0760 0.6600 0.0840 0.6637 0.0880 0.6687 0.0880 0.6850 0.0640 0.6937 0.0620 0.7488 0.0780 0.7662 0.0760 0.7700 0.0840 0.7650 0.0940 0.7650 0.1020 0.7712 0.1080 0.7937 0.0820 0.7987 0.0940 0.8000 0.1180 0.8050 0.1180 0.8100 0.1100 0.8137 0.0780 0.8250 0.0560 0.8213 0.0240 0.8050 0.0000 0.6125 0.0000 0.6062 0.0160
0 0.4350 0.0000 0.3463 0.0000 0.3450 0.0040 0.3400 0.0040 0.3337 0.0100 0.3187 0.0120 0.3088 0.0180 0.3000 0.0300 0.2975 0.0420 0.2900 0.0600 0.2875 0.0780 0.2875 0.1180 0.2900 0.1280 0.3000 0.1460 0.3212 0.1420 0.3312 0.1500 0.3450 0.1520 0.3500 0.1580 0.3713 0.1120 0.3787 0.1040 0.3875 0.1020 0.3925 0.0960 0.3975 0.0560
0 0.9450 0.7120 0.9287 0.7260 0.8925 0.7460 0.8800 0.7700 0.8812 0.7780 0.8888 0.7820 0.8825 0.8020 0.8600 0.7900 0.8475 0.8060 0.8325 0.8100 0.8287 0.8180 0.8287 0.8500 0.8350 0.8780 0.8550 0.9000 0.8725 0.9040 0.8700 0.9480 0.8800 0.9980 0.9988 0.9980 0.9988 0.7960 0.9738 0.7700 0.9537 0.7640 0.9400 0.7540 0.9400 0.7440 0.9475 0.7220
0 0.9263 0.0000 0.9263 0.1020 0.9187 0.1240 0.9200 0.1460 0.9250 0.1460 0.9387 0.1300 0.9387 0.1180 0.9363 0.1120 0.9363 0.1020 0.9387 0.0980 0.9463 0.1260 0.9550 0.1460 0.9613 0.1720 0.9762 0.1960 0.9800 0.1960 0.9862 0.1840 0.9875 0.1620 0.9900 0.1580 0.9938 0.1640 0.9950 0.1800 0.9988 0.1880 0.9988 0.1100 0.9962 0.1080 0.9962 0.0940 0.9988 0.0920 0.9988 0.0060 0.9962 0.0000
0 0.9200 0.0000 0.8750 0.0000 0.8738 0.0040 0.8675 0.0100 0.8600 0.0380 0.8512 0.0540 0.8500 0.0780 0.8525 0.0940 0.8425 0.1280 0.8650 0.1260 0.8762 0.1340 0.8825 0.1500 0.8862 0.1540 0.8962 0.1540 0.8988 0.1520 0.9113 0.1260 0.9137 0.1160 0.9225 0.0960 0.9225 0.0740 0.9237 0.0720 0.9225 0.0680 0.9225 0.0160
