0 0.3887 0.0060 0.3675 0.0380 0.3675 0.0540 0.3725 0.0640 0.3775 0.0620 0.3837 0.0460 0.3875 0.0440 0.3900 0.0480 0.3912 0.0580 0.3850 0.1180 0.3950 0.1280 0.4150 0.1280 0.4188 0.1320 0.4213 0.1480 0.4263 0.1500 0.4313 0.1420 0.4313 0.1300 0.4387 0.1080 0.4437 0.1000 0.4525 0.0980 0.4550 0.1020 0.4512 0.1460 0.4437 0.1980 0.4462 0.2020 0.4587 0.2000 0.4612 0.1840 0.4662 0.1760 0.4662 0.1440 0.4700 0.1220 0.4750 0.1100 0.4813 0.1080 0.4888 0.0820 0.4900 0.0580 0.5000 0.0280 0.5088 0.0120 0.5100 0.0000 0.3975 0.0000 0.3962 0.0040
0 0.0000 0.6880 0.0000 0.9400 0.0400 0.9180 0.0975 0.9240 0.1000 0.9340 0.0938 0.9440 0.0650 0.9520 0.0650 0.9740 0.0750 0.9900 0.2188 0.9980 0.2662 0.9840 0.2775 0.9940 0.3425 0.9980 0.3800 0.9480 0.3937 0.9140 0.4000 0.8240 0.3962 0.7740 0.3038 0.7040 0.2225 0.6840 0.0813 0.6980
0 0.0000 0.5520 0.0000 0.6820 0.0500 0.6920 0.1688 0.6800 0.2762 0.6880 0.3887 0.7580 0.4037 0.7860 0.4575 0.7840 0.4650 0.7920 0.5275 0.7660 0.5275 0.7400 0.5500 0.7300 0.5637 0.7080 0.5625 0.6900 0.5162 0.6560 0.4963 0.6200 0.5175 0.5940 0.5150 0.5840 0.4425 0.5700 0.4338 0.5920 0.3937 0.5440 0.3538 0.5180 0.3187 0.5160 0.2800 0.5340 0.2162 0.5340 0.1688 0.5220 0.1100 0.5240 0.0650 0.5000 0.0450 0.5080
0 0.6687 0.6340 0.6687 0.6540 0.6837 0.6960 0.6987 0.7160 0.7113 0.7560 0.7312 0.7800 0.7325 0.8580 0.7550 0.9020 0.7788 0.9260 0.7725 0.9480 0.8013 0.9400 0.8475 0.9560 0.9287 0.9500 0.9988 0.9220 0.9988 0.6720 0.9775 0.6720 0.8912 0.7000 0.8588 0.6820 0.8325 0.6800 0.8063 0.6680 0.7525 0.6720 0.7238 0.6460 0.7113 0.6460 0.7075 0.6660 0.6837 0.6380
0 0.9988 0.4880 0.9700 0.5020 0.9325 0.5080 0.9175 0.5180 0.8612 0.5180 0.8050 0.5560 0.7825 0.5900 0.7788 0.6020 0.7662 0.5880 0.7462 0.5760 0.7425 0.5780 0.7412 0.5980 0.7575 0.6280 0.7700 0.6420 0.7788 0.6640 0.8075 0.6640 0.8325 0.6760 0.8588 0.6780 0.8950 0.6960 0.9125 0.6860 0.9725 0.6680 0.9988 0.6660
0 0.9988 0.3320 0.9575 0.2900 0.9450 0.2840 0.9175 0.2860 0.8612 0.3260 0.8462 0.3580 0.8488 0.3660 0.8550 0.3700 0.8488 0.3800 0.8100 0.3960 0.7788 0.4260 0.7700 0.4240 0.7625 0.4320 0.7625 0.4420 0.7725 0.4740 0.7900 0.4780 0.7913 0.5160 0.8025 0.5500 0.8688 0.5120 0.9137 0.5140 0.9375 0.5020 0.9688 0.4980 0.9838 0.4880 0.9912 0.4400 0.9988 0.4300
0 0.9225 0.1700 0.9137 0.1840 0.9075 0.2120 0.9100 0.2400 0.9175 0.2580 0.9175 0.2700 0.9150 0.2800 0.9163 0.2820 0.9213 0.2800 0.9487 0.2820 0.9587 0.2680 0.9613 0.2680 0.9637 0.2720 0.9650 0.2880 0.9700 0.2960 0.9850 0.3060 0.9938 0.3200 0.9988 0.3240 0.9988 0.1780 0.9775 0.1640 0.9525 0.1560 0.9363 0.1580
0 0.7850 0.1580 0.8013 0.1740 0.8163 0.1780 0.8313 0.1880 0.8588 0.2140 0.8975 0.2300 0.9038 0.2240 0.9050 0.2080 0.9125 0.1820 0.9300 0.1580 0.9587 0.1540 0.9988 0.1720 0.9988 0.0960 0.9738 0.0940 0.9625 0.1000 0.9150 0.1020 0.8725 0.1000 0.8562 0.1080 0.8488 0.0920 0.8450 0.0920 0.8413 0.0980 0.8400 0.1280 0.8413 0.1340 0.8500 0.1400 0.8462 0.1480 0.8375 0.1540 0.8263 0.1520
0 0.6412 0.2180 0.6125 0.2680 0.5975 0.3200 0.5975 0.3900 0.6100 0.4200 0.6250 0.4400 0.6425 0.4520 0.7113 0.4680 0.7350 0.4800 0.7525 0.5020 0.7788 0.5000 0.7800 0.4900 0.7450 0.4600 0.7262 0.4340 0.7350 0.4280 0.7575 0.4300 0.7700 0.4140 0.7662 0.4020 0.7500 0.3920 0.7475 0.3820 0.7575 0.3460 0.7675 0.3280 0.7837 0.3340 0.7950 0.3220 0.7987 0.3100 0.7963 0.2720 0.8075 0.2580 0.8063 0.2440 0.7963 0.2260 0.7950 0.2080 0.8150 0.1960 0.7887 0.1680 0.7425 0.1600 0.6863 0.1820
0 0.6188 0.1580 0.6100 0.1560 0.5913 0.1680 0.5787 0.1680 0.5563 0.1560 0.5312 0.1700 0.5325 0.1780 0.5200 0.2020 0.5088 0.2400 0.4813 0.2800 0.4600 0.3280 0.4487 0.3760 0.4475 0.4400 0.4512 0.4560 0.4637 0.4800 0.4838 0.4980 0.4963 0.5020 0.5337 0.4960 0.5537 0.4820 0.5613 0.5100 0.5687 0.5120 0.5737 0.5060 0.5962 0.4520 0.5950 0.4360 0.5863 0.4320 0.5837 0.4220 0.5938 0.3820 0.5913 0.3480 0.5938 0.3040 0.6150 0.2540 0.6075 0.2100 0.6200 0.1800 0.6312 0.1800
0 0.8712 0.0640 0.8662 0.0500 0.8575 0.0460 0.8350 0.0180 0.8275 0.0140 0.8087 0.0140 0.7913 0.0200 0.7800 0.0340 0.7825 0.0380 0.7812 0.0420 0.7638 0.0460 0.7525 0.0540 0.7200 0.0560 0.6963 0.0720 0.6763 0.0800 0.6613 0.0800 0.6425 0.0920 0.6412 0.0980 0.6488 0.1120 0.6575 0.1120 0.6887 0.1300 0.7200 0.1580 0.7500 0.1560 0.7738 0.1600 0.7875 0.1520 0.8137 0.1480 0.8325 0.1380 0.8375 0.1300 0.8400 0.0960 0.8450 0.0880 0.8562 0.0980 0.8662 0.0940
0 0.8762 0.0580 0.8750 0.0840 0.8762 0.0900 0.8812 0.0960 0.9025 0.0960 0.9038 0.0980 0.9387 0.0960 0.9400 0.0980 0.9537 0.0980 0.9550 0.0960 0.9663 0.0960 0.9712 0.0920 0.9950 0.0920 0.9988 0.0940 0.9988 0.0420 0.9938 0.0420 0.9875 0.0380 0.9725 0.0360 0.9712 0.0340 0.9563 0.0320 0.9550 0.0300 0.9463 0.0300 0.9450 0.0280 0.9337 0.0280 0.9325 0.0260 0.8988 0.0260 0.8862 0.0340
0 0.6538 0.0460 0.6587 0.0580 0.6600 0.0740 0.6637 0.0780 0.6687 0.0780 0.6700 0.0760 0.6775 0.0760 0.6837 0.0720 0.6950 0.0700 0.7175 0.0540 0.7238 0.0540 0.7250 0.0520 0.7500 0.0520 0.7588 0.0460 0.7625 0.0400 0.7662 0.0400 0.7738 0.0340 0.7750 0.0280 0.7625 0.0000 0.6763 0.0000 0.6713 0.0080 0.6700 0.0160 0.6637 0.0280 0.6538 0.0420
0 0.5000 0.0840 0.5038 0.0940 0.5088 0.0940 0.5150 0.0660 0.5200 0.0580 0.5288 0.0560 0.5425 0.0620 0.5513 0.0760 0.5575 0.0960 0.5700 0.0980 0.5763 0.0900 0.5875 0.0840 0.5962 0.0760 0.6000 0.0680 0.6150 0.0660 0.6200 0.0580 0.6212 0.0520 0.6088 0.0320 0.6075 0.0160 0.6012 0.0000 0.5188 0.0000 0.5100 0.0160 0.5075 0.0420
0 0.2125 0.0000 0.2125 0.0240 0.2150 0.0340 0.2137 0.0860 0.2150 0.0900 0.2225 0.0900 0.2263 0.0940 0.2325 0.1080 0.2362 0.1460 0.2362 0.1900 0.2425 0.1920 0.2525 0.1820 0.2512 0.0920 0.2625 0.0720 0.2662 0.0700 0.2700 0.0720 0.2750 0.0840 0.2775 0.1680 0.2825 0.1740 0.2938 0.1740 0.2950 0.1560 0.2913 0.1360 0.2925 0.0960 0.3025 0.0580 0.3075 0.0000
0 0.1338 0.0000 0.0825 0.0000 0.0800 0.0060 0.0612 0.0280 0.0437 0.0560 0.0350 0.0760 0.0300 0.0960 0.0387 0.1400 0.0425 0.1520 0.0488 0.1620 0.0688 0.1740 0.0813 0.1580 0.0912 0.1320 0.0950 0.1380 0.0950 0.1660 0.0975 0.1760 0.1025 0.1780 0.1062 0.1760 0.1075 0.1260 0.1100 0.1200 0.1113 0.1040 0.1263 0.0860 0.1388 0.0600 0.1412 0.0400 0.1400 0.0260
0 0.0288 0.0980 0.0250 0.1100 0.0238 0.1520 0.0075 0.1740 0.0000 0.1940 0.0000 0.4840 0.0638 0.4460 0.0838 0.4460 0.1187 0.4600 0.1512 0.4500 0.1537 0.4400 0.1462 0.4200 0.0912 0.4120 0.0688 0.3720 0.0775 0.3420 0.0762 0.2740 0.0800 0.2680 0.0925 0.2660 0.1075 0.2740 0.1325 0.3020 0.1388 0.3000 0.1400 0.2880 0.1275 0.2600 0.0925 0.2180 0.0762 0.1900 0.0450 0.1620 0.0375 0.1440
