0 0.0000 0.5740 0.0000 0.8700 0.0213 0.9240 0.0475 0.9660 0.0600 0.9980 0.0912 0.9980 0.0912 0.9760 0.0775 0.9180 0.0875 0.9080 0.1200 0.9420 0.1750 0.9600 0.2112 0.9980 0.2412 0.9980 0.2437 0.9820 0.2288 0.9100 0.2387 0.8540 0.2200 0.8080 0.2162 0.7800 0.2225 0.7520 0.2200 0.6960 0.1725 0.7060 0.1575 0.6960 0.1275 0.6460 0.0988 0.6160 0.0663 0.5960 0.0262 0.5900
0 0.7975 0.0000 0.7925 0.0160 0.7875 0.0520 0.7887 0.0780 0.7937 0.0940 0.7987 0.1020 0.8087 0.1100 0.8187 0.1260 0.8337 0.1380 0.8612 0.1500 0.9000 0.1480 0.9100 0.1520 0.9237 0.1520 0.9275 0.1460 0.9263 0.1320 0.9287 0.1220 0.9213 0.1140 0.9163 0.1140 0.9012 0.1040 0.8912 0.0940 0.8775 0.0740 0.8700 0.0680 0.8638 0.0580 0.8625 0.0460 0.8525 0.0200 0.8375 0.0000
0 0.9375 0.1920 0.9200 0.2100 0.9225 0.2260 0.9087 0.2500 0.9038 0.2680 0.9025 0.2860 0.9087 0.2980 0.9275 0.3000 0.9263 0.3320 0.9325 0.3580 0.9413 0.3660 0.9487 0.3800 0.9700 0.3940 0.9888 0.4260 0.9950 0.4480 0.9988 0.4500 0.9988 0.2520 0.9888 0.2300 0.9775 0.2220 0.9675 0.2080
0 0.2075 0.0580 0.2137 0.0640 0.2162 0.0780 0.2475 0.0640 0.2675 0.0620 0.2812 0.0760 0.2913 0.0800 0.2938 0.0860 0.2787 0.1140 0.2800 0.1220 0.2888 0.1180 0.3175 0.0820 0.3212 0.0820 0.3287 0.0940 0.3250 0.1200 0.3262 0.1280 0.3525 0.1040 0.3575 0.1040 0.3625 0.1140 0.3688 0.1140 0.4150 0.0920 0.4113 0.0740 0.3975 0.0540 0.3912 0.0360 0.3850 0.0300 0.3750 0.0300 0.3625 0.0220 0.3400 0.0000 0.2462 0.0000 0.2300 0.0300
0 0.3475 0.0000 0.3538 0.0100 0.3563 0.0100 0.3675 0.0220 0.3750 0.0260 0.3875 0.0280 0.3975 0.0460 0.4012 0.0600 0.4062 0.0640 0.4125 0.0740 0.4138 0.0820 0.4213 0.1020 0.4313 0.1120 0.4375 0.1140 0.4500 0.1240 0.4612 0.1240 0.4637 0.1200 0.4650 0.1120 0.4750 0.1000 0.4800 0.0900 0.4800 0.0760 0.4750 0.0500 0.4637 0.0260 0.4475 0.0000
0 0.9988 0.8020 0.9637 0.7740 0.9513 0.7440 0.9350 0.7320 0.9325 0.7920 0.9125 0.8320 0.8387 0.8180 0.7050 0.8400 0.6438 0.8100 0.6388 0.7760 0.6188 0.7620 0.6250 0.8060 0.6038 0.8020 0.5850 0.7780 0.5575 0.7820 0.5700 0.8200 0.6062 0.8580 0.5988 0.8760 0.4763 0.8980 0.4612 0.9280 0.5100 0.9980 0.9800 0.9980 0.9988 0.9800
0 0.6138 0.0880 0.6000 0.0680 0.5975 0.0560 0.5825 0.0520 0.5825 0.0600 0.5537 0.0640 0.5125 0.1040 0.4988 0.1240 0.4913 0.1460 0.5000 0.1480 0.5262 0.1320 0.5138 0.1640 0.5112 0.1940 0.4888 0.2240 0.4437 0.2520 0.4300 0.2720 0.4325 0.2840 0.4575 0.2900 0.4763 0.2820 0.5138 0.2820 0.5437 0.2960 0.5700 0.3000 0.5875 0.2960 0.6088 0.2800 0.6225 0.2640 0.6325 0.2180 0.6338 0.1820 0.6300 0.1420
0 0.7837 0.2760 0.7825 0.3280 0.7963 0.3900 0.8075 0.4140 0.8300 0.4400 0.8575 0.4540 0.8862 0.4440 0.9025 0.4320 0.9113 0.4340 0.9363 0.4860 0.9463 0.5160 0.9800 0.5000 0.9938 0.4740 0.9912 0.4440 0.9788 0.4120 0.9675 0.3960 0.9463 0.3820 0.9237 0.3600 0.9087 0.3360 0.8938 0.3200 0.8862 0.3000 0.8675 0.2720 0.8387 0.2520 0.8137 0.2500
0 0.6175 0.0720 0.6188 0.0840 0.6225 0.0820 0.6275 0.0880 0.6350 0.0860 0.6400 0.0900 0.6587 0.0900 0.6787 0.1100 0.6925 0.1160 0.7063 0.1260 0.7137 0.1260 0.7175 0.1220 0.7175 0.1160 0.7200 0.1120 0.7325 0.1080 0.7275 0.0960 0.7238 0.0960 0.7200 0.0900 0.7200 0.0860 0.7262 0.0760 0.7312 0.0760 0.7350 0.0700 0.7288 0.0620 0.7100 0.0540 0.7000 0.0240 0.6900 0.0100 0.6813 0.0040 0.6725 0.0040 0.6713 0.0000 0.6687 0.0000 0.6675 0.0040 0.6575 0.0040 0.6512 0.0080 0.6425 0.0360 0.6425 0.0420 0.6388 0.0560 0.6350 0.0620 0.6262 0.0640
0 0.1462 0.1420 0.1388 0.1640 0.1338 0.1980 0.1762 0.1920 0.1938 0.2020 0.2125 0.2360 0.2338 0.3100 0.2487 0.3760 0.2687 0.3860 0.2888 0.3860 0.3038 0.3800 0.3237 0.3640 0.3425 0.3260 0.3450 0.2920 0.3400 0.2660 0.3337 0.2480 0.3200 0.2300 0.3013 0.2160 0.2750 0.2140 0.2650 0.2060 0.2437 0.2020 0.2350 0.1800 0.2137 0.1460 0.1913 0.1220 0.1700 0.1220
0 0.8825 0.0000 0.8800 0.0120 0.8812 0.0340 0.8838 0.0420 0.8938 0.0580 0.9012 0.0780 0.9113 0.0940 0.9163 0.0980 0.9237 0.0980 0.9350 0.1060 0.9463 0.1200 0.9525 0.1200 0.9575 0.1140 0.9575 0.1020 0.9550 0.0920 0.9550 0.0760 0.9600 0.0680 0.9600 0.0520 0.9575 0.0440 0.9500 0.0360 0.9437 0.0260 0.9337 0.0000
