0 0.3738 0.0480 0.3475 0.0460 0.3187 0.0600 0.3038 0.0760 0.2850 0.1140 0.2475 0.1440 0.2475 0.1540 0.2587 0.1700 0.2687 0.1700 0.2787 0.1620 0.2812 0.1820 0.2550 0.2280 0.2537 0.2480 0.2587 0.2540 0.2787 0.2420 0.2825 0.2480 0.2825 0.2880 0.2988 0.3120 0.3088 0.3600 0.3187 0.3700 0.3287 0.3680 0.3550 0.3280 0.3787 0.3100 0.4000 0.3140 0.4200 0.3020 0.3900 0.2720 0.3987 0.2380 0.3975 0.1840 0.4037 0.1620 0.4050 0.1400 0.3962 0.0780 0.3862 0.0600
0 0.7163 0.5160 0.6937 0.5000 0.6575 0.5100 0.5663 0.5040 0.3900 0.5980 0.2888 0.6980 0.2200 0.8420 0.2475 0.8520 0.2712 0.9340 0.3038 0.9580 0.3400 0.9560 0.3500 0.9980 0.4000 0.9980 0.4213 0.9840 0.4688 0.9980 0.5100 0.9920 0.5038 0.9780 0.4375 0.9440 0.4188 0.9020 0.4800 0.8720 0.5637 0.7540 0.5988 0.7800 0.6725 0.7580 0.7350 0.7580 0.7262 0.7320 0.6488 0.7020 0.6763 0.6900 0.7200 0.6980 0.7362 0.6700 0.7063 0.6100 0.6863 0.5400
0 0.1975 0.1800 0.1700 0.1640 0.1462 0.1640 0.1350 0.1700 0.1187 0.1860 0.1025 0.2180 0.0912 0.2580 0.0862 0.3040 0.0912 0.3420 0.0975 0.3580 0.1100 0.3780 0.1175 0.3840 0.1212 0.3820 0.1425 0.3460 0.1787 0.3060 0.2013 0.2880 0.2162 0.2840 0.2238 0.2760 0.2300 0.2800 0.2475 0.2780 0.2475 0.2740 0.2275 0.2460 0.2162 0.2120
0 0.2300 0.1340 0.2100 0.1200 0.1875 0.0960 0.1762 0.0760 0.1487 0.0540 0.1237 0.0520 0.1138 0.0560 0.0912 0.0760 0.0712 0.1080 0.0563 0.1760 0.0563 0.2100 0.0625 0.2580 0.0700 0.2740 0.0788 0.3060 0.0825 0.3100 0.0850 0.3040 0.0850 0.2880 0.0925 0.2440 0.1087 0.2000 0.1212 0.1800 0.1338 0.1680 0.1487 0.1600 0.1663 0.1600 0.1688 0.1560 0.1663 0.1280 0.1688 0.1180 0.1837 0.1240 0.2188 0.1520 0.2288 0.1500 0.2313 0.1460
0 0.0000 0.1080 0.0000 0.3400 0.0088 0.3420 0.0163 0.3400 0.0262 0.3320 0.0338 0.3320 0.0537 0.3240 0.0688 0.3260 0.0750 0.3220 0.0762 0.3140 0.0725 0.3000 0.0650 0.2940 0.0475 0.2920 0.0475 0.2860 0.0525 0.2720 0.0525 0.2560 0.0475 0.2360 0.0475 0.2260 0.0525 0.2020 0.0525 0.1800 0.0587 0.1540 0.0587 0.1400 0.0550 0.1280 0.0437 0.1140 0.0262 0.1040 0.0138 0.1020
0 0.3875 0.0340 0.3800 0.0460 0.3950 0.0680 0.3987 0.0780 0.4037 0.1020 0.4025 0.1220 0.4088 0.1360 0.4163 0.1360 0.4188 0.1400 0.4188 0.2040 0.4213 0.2180 0.4313 0.2400 0.4400 0.2520 0.4550 0.2540 0.4625 0.2360 0.4813 0.2200 0.4863 0.2200 0.4938 0.2280 0.5000 0.2280 0.5000 0.2180 0.5050 0.2020 0.5062 0.1540 0.5012 0.1140 0.4875 0.0620 0.4637 0.0320 0.4400 0.0160 0.4250 0.0140 0.4075 0.0180
0 0.6675 0.0780 0.6575 0.0620 0.6425 0.0520 0.6125 0.0540 0.6000 0.0620 0.5837 0.1000 0.5663 0.1200 0.5387 0.1380 0.5225 0.1660 0.5150 0.1720 0.5112 0.2060 0.5075 0.2140 0.5112 0.2260 0.4950 0.2640 0.4963 0.2760 0.5088 0.2900 0.5337 0.2820 0.5613 0.2820 0.5863 0.2640 0.6050 0.2560 0.6225 0.2320 0.6288 0.2160 0.6500 0.2000 0.6775 0.1560 0.6800 0.1460 0.6800 0.1160
0 0.5400 0.0820 0.5437 0.0940 0.5525 0.1080 0.5600 0.1140 0.5663 0.1140 0.5825 0.0980 0.5925 0.0700 0.6012 0.0580 0.6062 0.0540 0.6175 0.0520 0.6238 0.0480 0.6388 0.0480 0.6400 0.0500 0.6450 0.0480 0.6438 0.0300 0.6350 0.0000 0.5550 0.0000 0.5487 0.0100 0.5437 0.0240 0.5425 0.0380 0.5400 0.0460
0 0.8988 0.2920 0.8762 0.3020 0.8588 0.3300 0.8350 0.4240 0.8350 0.4380 0.8500 0.4660 0.8562 0.4880 0.8612 0.4940 0.8725 0.4920 0.9012 0.5540 0.8938 0.6260 0.9038 0.6520 0.9075 0.7700 0.9175 0.7860 0.9250 0.7880 0.9325 0.7840 0.9938 0.6980 0.9988 0.6980 0.9988 0.4200 0.9762 0.3660 0.9500 0.3240 0.9350 0.3080
0 0.7500 0.1960 0.7538 0.2060 0.7762 0.2240 0.7712 0.2360 0.7712 0.2460 0.7788 0.2520 0.8087 0.2460 0.8375 0.2580 0.8550 0.2580 0.8700 0.2520 0.8825 0.2580 0.9500 0.2680 0.9850 0.2520 0.9888 0.2360 0.9925 0.2300 0.9988 0.2300 0.9988 0.1600 0.9888 0.1500 0.9663 0.1420 0.8988 0.1440 0.8625 0.1320 0.7987 0.1300 0.7825 0.1420 0.7750 0.1620
0 0.6787 0.0080 0.6763 0.0200 0.6763 0.0480 0.6787 0.0620 0.6850 0.0800 0.7063 0.1100 0.7050 0.1260 0.6913 0.1520 0.6900 0.1600 0.6925 0.1640 0.7188 0.1700 0.7250 0.1760 0.7288 0.1940 0.7412 0.1980 0.7475 0.1940 0.7525 0.1840 0.7712 0.1640 0.7800 0.1400 0.7863 0.1300 0.8013 0.1260 0.8037 0.1220 0.7937 0.0880 0.7812 0.0720 0.7738 0.0500 0.7525 0.0220 0.7500 0.0080 0.7438 0.0000 0.6825 0.0000
0 0.7887 0.0520 0.7887 0.0580 0.7987 0.0720 0.8013 0.0840 0.8075 0.0960 0.8100 0.1060 0.8175 0.1160 0.8350 0.1260 0.8612 0.1260 0.8738 0.1160 0.8800 0.1080 0.8875 0.0820 0.8975 0.0620 0.8975 0.0500 0.8925 0.0280 0.8775 0.0000 0.8000 0.0000 0.8000 0.0160 0.8050 0.0320
0 0.9988 0.0480 0.9700 0.0360 0.9575 0.0360 0.9313 0.0520 0.9250 0.0520 0.9087 0.0580 0.8988 0.0660 0.8900 0.0820 0.8838 0.1060 0.8838 0.1180 0.8825 0.1200 0.8850 0.1340 0.8912 0.1380 0.9062 0.1400 0.9075 0.1420 0.9300 0.1420 0.9313 0.1400 0.9513 0.1400 0.9525 0.1380 0.9625 0.1380 0.9738 0.1420 0.9775 0.1400 0.9862 0.1440 0.9988 0.1420
0 0.0000 0.0440 0.0000 0.1040 0.0138 0.0980 0.0312 0.1020 0.0475 0.1140 0.0600 0.1300 0.0638 0.1280 0.0712 0.1020 0.0850 0.0800 0.1087 0.0560 0.1225 0.0500 0.1450 0.0500 0.1713 0.0680 0.1888 0.0940 0.2000 0.1020 0.2112 0.1000 0.2162 0.0960 0.2188 0.0880 0.2175 0.0720 0.2013 0.0540 0.1837 0.0240 0.1575 0.0100 0.1250 0.0060 0.0800 0.0080 0.0488 0.0160
