0 0.6713 0.0640 0.6600 0.0420 0.6475 0.0320 0.6350 0.0280 0.6112 0.0300 0.5875 0.0520 0.5737 0.0580 0.5675 0.0660 0.5288 0.0800 0.5025 0.1020 0.4800 0.1140 0.4738 0.1200 0.4725 0.1300 0.4775 0.1400 0.4975 0.1460 0.5000 0.1500 0.4900 0.1800 0.4900 0.1920 0.4988 0.1920 0.5413 0.1660 0.5650 0.1560 0.5837 0.1540 0.6075 0.1280 0.6400 0.1140 0.6562 0.0960 0.6713 0.0880
0 0.6950 0.0460 0.6950 0.0640 0.7000 0.0800 0.7075 0.0900 0.7087 0.1020 0.7137 0.1080 0.7238 0.1120 0.7425 0.1020 0.7738 0.1040 0.7950 0.1200 0.8137 0.1500 0.8300 0.1580 0.8500 0.1600 0.8600 0.1660 0.8838 0.1520 0.9163 0.1540 0.9225 0.1360 0.9200 0.1140 0.9137 0.0980 0.9000 0.0840 0.8762 0.0780 0.8562 0.0640 0.8075 0.0420 0.7638 0.0160 0.7400 0.0140 0.7312 0.0220 0.7200 0.0240
0 0.9350 0.1220 0.9250 0.1380 0.9225 0.1480 0.9225 0.1600 0.9375 0.1720 0.9463 0.1900 0.9587 0.2020 0.9838 0.2320 0.9888 0.2400 0.9988 0.2500 0.9988 0.1440 0.9825 0.1260 0.9688 0.1160 0.9487 0.1140
0 0.8600 0.0460 0.8600 0.0620 0.8762 0.0740 0.8888 0.0760 0.9025 0.0820 0.9125 0.0920 0.9200 0.1080 0.9237 0.1240 0.9263 0.1280 0.9463 0.1120 0.9675 0.1120 0.9675 0.1040 0.9637 0.0900 0.9475 0.0660 0.9313 0.0500 0.9250 0.0400 0.9225 0.0320 0.9175 0.0280 0.9087 0.0160 0.9012 0.0100 0.8875 0.0100 0.8750 0.0200 0.8625 0.0380
0 0.8675 0.1680 0.8612 0.1800 0.8575 0.2060 0.8925 0.2020 0.9038 0.2060 0.9137 0.2160 0.9237 0.2340 0.9375 0.2740 0.9413 0.3080 0.9425 0.3580 0.9513 0.3660 0.9725 0.4040 0.9862 0.4160 0.9988 0.4200 0.9988 0.2540 0.9463 0.1940 0.9363 0.1760 0.9225 0.1640 0.9038 0.1560 0.8875 0.1540
0 0.3875 0.3780 0.3675 0.3700 0.3387 0.3740 0.3113 0.3900 0.2838 0.4200 0.2512 0.4880 0.2125 0.6260 0.1913 0.6560 0.1787 0.6880 0.1700 0.7360 0.1725 0.8180 0.1613 0.8460 0.1588 0.8820 0.1725 0.8720 0.1800 0.8780 0.2125 0.9980 0.2525 0.9980 0.2975 0.9320 0.3025 0.9020 0.3337 0.8400 0.3438 0.8660 0.3688 0.8460 0.3800 0.8020 0.3825 0.7160 0.4075 0.6680 0.4250 0.6940 0.4313 0.6860 0.4412 0.5860 0.4300 0.4740 0.4163 0.4160
0 0.2288 0.3320 0.1950 0.3380 0.1650 0.3560 0.1100 0.4400 0.0675 0.5860 0.0488 0.6220 0.0375 0.6640 0.0350 0.7160 0.0475 0.7660 0.0200 0.7860 0.0000 0.8300 0.0000 0.8420 0.0112 0.8460 0.0413 0.8140 0.0587 0.8120 0.0725 0.8440 0.0838 0.9040 0.1025 0.9300 0.1150 0.9120 0.1325 0.9540 0.1550 0.9480 0.1638 0.9280 0.1625 0.9160 0.1512 0.9140 0.1487 0.9040 0.1688 0.8160 0.1663 0.7480 0.1750 0.6920 0.1913 0.6500 0.2100 0.6240 0.2475 0.4900 0.2800 0.4180 0.2675 0.3720 0.2475 0.3440
0 0.2025 0.2420 0.1700 0.2360 0.1325 0.2520 0.0425 0.3840 0.0000 0.4300 0.0000 0.7000 0.0338 0.6520 0.0413 0.6260 0.0612 0.5920 0.0988 0.4620 0.1187 0.4180 0.1625 0.3540 0.1950 0.3340 0.2325 0.3260 0.2250 0.2820
0 0.0850 0.1220 0.0700 0.1260 0.0563 0.1380 0.0288 0.1480 0.0150 0.1480 0.0000 0.1580 0.0000 0.3140 0.0225 0.2940 0.0413 0.2920 0.0500 0.2800 0.0700 0.2620 0.0775 0.2580 0.0912 0.2580 0.1050 0.2520 0.1100 0.2460 0.1113 0.2400 0.1075 0.2340 0.1075 0.2260 0.1150 0.2180 0.1187 0.2080 0.1187 0.2020 0.1138 0.1900 0.1113 0.1760 0.0988 0.1680 0.0875 0.1480 0.0850 0.1480 0.0800 0.1400 0.0800 0.1360 0.0875 0.1280
0 0.3887 0.0900 0.3725 0.1220 0.3638 0.1680 0.3613 0.2020 0.3887 0.2700 0.3875 0.3100 0.3925 0.3300 0.4175 0.3760 0.4288 0.4140 0.4350 0.4220 0.4500 0.4200 0.4562 0.3980 0.4688 0.3780 0.4750 0.3600 0.4838 0.3680 0.4875 0.4040 0.4900 0.4080 0.5012 0.4080 0.5025 0.3800 0.4988 0.3580 0.5012 0.3280 0.5000 0.2820 0.4850 0.2100 0.4838 0.1800 0.4775 0.1520 0.4662 0.1220 0.4412 0.0900 0.4200 0.0800 0.4075 0.0800
0 0.4650 0.6020 0.4650 0.6540 0.5288 0.6240 0.6038 0.6260 0.6238 0.6860 0.7500 0.6980 0.7575 0.7220 0.7462 0.7520 0.7650 0.8380 0.7638 0.8960 0.7950 0.8640 0.8087 0.8960 0.8187 0.9780 0.8450 0.9780 0.8575 0.9440 0.9000 0.9840 0.9413 0.9980 0.9650 0.9900 0.9637 0.9160 0.9875 0.8560 0.9712 0.8000 0.8150 0.5700 0.6887 0.4600 0.6450 0.4380 0.5975 0.4480 0.5600 0.5080 0.4850 0.5700
0 0.9775 0.4820 0.9625 0.4820 0.9513 0.4880 0.9375 0.4900 0.9187 0.5020 0.9050 0.5220 0.8912 0.5540 0.8875 0.5780 0.8788 0.5920 0.8788 0.5980 0.8862 0.6080 0.8875 0.6240 0.8938 0.6480 0.9175 0.6860 0.9425 0.7020 0.9750 0.7040 0.9988 0.6900 0.9988 0.5080 0.9888 0.4900
0 0.9175 0.2260 0.8962 0.2060 0.8725 0.2060 0.8475 0.2160 0.8300 0.2300 0.7975 0.2740 0.7675 0.2960 0.7788 0.3060 0.7850 0.2980 0.7925 0.3040 0.7725 0.3120 0.7175 0.3520 0.6950 0.3520 0.6787 0.3580 0.6763 0.3660 0.6850 0.3820 0.7050 0.3760 0.7175 0.4020 0.7362 0.4120 0.7188 0.4760 0.7225 0.4860 0.7462 0.5000 0.7712 0.4900 0.8037 0.4920 0.8187 0.5080 0.8300 0.5380 0.8363 0.5400 0.8275 0.4820 0.8600 0.4640 0.8900 0.4140 0.9225 0.3860 0.9363 0.3560 0.9375 0.2880
0 0.8000 0.1320 0.7837 0.1140 0.7662 0.1060 0.7438 0.1060 0.7288 0.1140 0.7225 0.1220 0.7238 0.1400 0.7050 0.1620 0.6887 0.1940 0.6625 0.2080 0.6412 0.2400 0.5988 0.2820 0.5950 0.2960 0.6062 0.3000 0.6462 0.2760 0.6338 0.3460 0.6362 0.3640 0.6450 0.3740 0.6625 0.3700 0.6763 0.3560 0.6963 0.3460 0.7188 0.3480 0.7450 0.3180 0.7638 0.2880 0.7875 0.2660 0.8000 0.2440 0.8100 0.2040 0.8100 0.1640
0 0.3850 0.0000 0.2250 0.0000 0.2037 0.0160 0.1775 0.0660 0.1412 0.1200 0.1100 0.1460 0.1200 0.1580 0.1138 0.1720 0.1237 0.2040 0.1138 0.2520 0.1225 0.2560 0.1475 0.2360 0.1825 0.2260 0.2112 0.2440 0.2288 0.2280 0.2338 0.2440 0.2400 0.2460 0.2475 0.2180 0.2450 0.1840 0.2500 0.1560 0.3075 0.1180 0.3212 0.0960 0.3300 0.1060 0.3312 0.1700 0.3550 0.1780 0.3812 0.0820
0 0.7150 0.1200 0.6975 0.0980 0.6687 0.0920 0.6425 0.1160 0.6100 0.1300 0.5850 0.1580 0.5613 0.1600 0.4900 0.1980 0.4875 0.2020 0.4963 0.2440 0.5188 0.2520 0.5088 0.2940 0.5100 0.3140 0.5175 0.3260 0.5275 0.3280 0.5525 0.3120 0.5675 0.3100 0.5737 0.3160 0.5800 0.3400 0.5875 0.3460 0.6000 0.3460 0.5913 0.2900 0.6125 0.2620 0.6425 0.2340 0.6587 0.2080 0.6863 0.1920 0.6963 0.1700 0.7163 0.1420 0.7188 0.1340
0 0.7512 0.7080 0.6338 0.6900 0.4888 0.7560 0.4238 0.8020 0.3613 0.8600 0.2625 0.9980 0.7400 0.9980 0.7512 0.9640 0.7625 0.8800 0.7550 0.7940 0.7400 0.7460
