0 0.3175 0.1240 0.3175 0.1320 0.3300 0.1520 0.3575 0.1580 0.3688 0.1680 0.3762 0.1680 0.3862 0.1440 0.4012 0.1340 0.4450 0.1360 0.4650 0.1460 0.4938 0.1760 0.5413 0.2680 0.5663 0.2840 0.6050 0.2860 0.6225 0.2780 0.6475 0.2540 0.6900 0.2460 0.6825 0.2300 0.6350 0.2280 0.6262 0.1720 0.6062 0.1500 0.5725 0.1360 0.5500 0.1360 0.5150 0.1080 0.4750 0.0900 0.4475 0.0660 0.4225 0.0660 0.3837 0.0780 0.3800 0.0680 0.3613 0.0700 0.3488 0.0820 0.3538 0.0940 0.3488 0.1120 0.3300 0.1120
0 0.6162 0.0000 0.5413 0.0000 0.5400 0.0040 0.5275 0.0060 0.4600 0.0040 0.4325 0.0220 0.4088 0.0320 0.3937 0.0540 0.3937 0.0680 0.4012 0.0700 0.4313 0.0620 0.4512 0.0640 0.4800 0.0900 0.5138 0.1040 0.5475 0.1280 0.5787 0.1300 0.5938 0.1180 0.6100 0.0860 0.6112 0.0440
0 0.4263 0.6960 0.4113 0.6900 0.3812 0.7260 0.3425 0.7540 0.3137 0.7020 0.3100 0.6780 0.3400 0.6480 0.3525 0.5820 0.3075 0.5660 0.2863 0.5880 0.2387 0.5920 0.2200 0.5660 0.1913 0.5640 0.1925 0.6280 0.2137 0.6780 0.1900 0.7220 0.1500 0.8460 0.1237 0.8820 0.0875 0.9120 0.0600 0.9640 0.0525 0.9980 0.2637 0.9980 0.2787 0.9720 0.2938 0.9040 0.3488 0.8580 0.3588 0.8200 0.3825 0.7740 0.4213 0.7280
0 0.7850 0.4080 0.7688 0.3820 0.7362 0.3540 0.6875 0.3440 0.6613 0.3480 0.5300 0.4040 0.4975 0.4060 0.4738 0.4220 0.4387 0.4620 0.4175 0.4460 0.4000 0.4620 0.4238 0.4960 0.4188 0.5640 0.4050 0.6080 0.4037 0.6520 0.4288 0.6500 0.4788 0.6140 0.4863 0.5780 0.5162 0.5880 0.5225 0.5780 0.5238 0.5120 0.5400 0.4900 0.5650 0.5160 0.5837 0.5700 0.6375 0.5560 0.6937 0.5780 0.7538 0.5540 0.7675 0.5320 0.7863 0.4780
0 0.1338 0.2860 0.1338 0.3080 0.1250 0.3500 0.1275 0.3960 0.1475 0.4700 0.1650 0.5000 0.2362 0.5480 0.2537 0.5840 0.2825 0.5840 0.3088 0.5620 0.3500 0.5740 0.3588 0.5840 0.3513 0.6280 0.3862 0.6440 0.3987 0.6420 0.4025 0.5860 0.3912 0.5580 0.3800 0.5020 0.3912 0.4760 0.3787 0.4560 0.3688 0.4560 0.3563 0.4680 0.3175 0.4100 0.2812 0.3860 0.2500 0.3380 0.2387 0.3040 0.2188 0.2780 0.1913 0.2660 0.1700 0.2660
0 0.6987 0.0000 0.6963 0.0060 0.6963 0.0200 0.6863 0.0860 0.6825 0.0980 0.6813 0.1120 0.6787 0.1200 0.6787 0.1420 0.6813 0.1480 0.6963 0.1560 0.7125 0.1720 0.7362 0.1740 0.7375 0.1720 0.7438 0.1720 0.7475 0.1680 0.7512 0.1700 0.7712 0.1440 0.7750 0.1320 0.7738 0.1100 0.7662 0.0900 0.7538 0.0700 0.7262 0.0400 0.7188 0.0280 0.7087 0.0040 0.7063 0.0040 0.7050 0.0000
0 0.3862 0.1460 0.3800 0.1600 0.3912 0.1840 0.3887 0.1960 0.3675 0.2040 0.3588 0.2180 0.3575 0.2280 0.3738 0.2480 0.3825 0.2820 0.3975 0.2900 0.3937 0.3140 0.3962 0.3540 0.3650 0.4060 0.3438 0.4320 0.3438 0.4420 0.3525 0.4560 0.3713 0.4440 0.4025 0.4480 0.4150 0.4380 0.4263 0.4380 0.4375 0.4500 0.4450 0.4500 0.4675 0.4220 0.4888 0.4060 0.5375 0.3960 0.5475 0.3580 0.5450 0.2920 0.5350 0.2620 0.4938 0.1800 0.4713 0.1540 0.4462 0.1400 0.3962 0.1380
0 0.1138 0.0840 0.1225 0.0960 0.1363 0.0940 0.1462 0.0980 0.1462 0.1260 0.1512 0.1640 0.1613 0.1860 0.1737 0.1940 0.1975 0.1940 0.2500 0.1780 0.2787 0.1780 0.2863 0.1700 0.2838 0.1600 0.2562 0.1580 0.2512 0.1400 0.2462 0.1340 0.2300 0.1300 0.2275 0.1260 0.2313 0.1140 0.2300 0.0940 0.2200 0.0600 0.2013 0.0180 0.1862 0.0040 0.1800 0.0040 0.1787 0.0000 0.1688 0.0000 0.1675 0.0040 0.1575 0.0100 0.1425 0.0400 0.1388 0.0520 0.1388 0.0640 0.1300 0.0640 0.1225 0.0700
0 0.0000 0.3980 0.0000 0.8060 0.0288 0.8100 0.0512 0.7940 0.0650 0.7700 0.0725 0.7420 0.0762 0.6960 0.0675 0.5880 0.0437 0.5200 0.0675 0.4940 0.0762 0.4680 0.0950 0.4460 0.0963 0.4340 0.0900 0.4300 0.0525 0.4400 0.0275 0.4080
0 0.8950 0.2660 0.8888 0.2520 0.8725 0.2360 0.8488 0.2280 0.8363 0.2300 0.8075 0.2460 0.7887 0.2480 0.7438 0.2740 0.6975 0.2860 0.6813 0.3020 0.6613 0.3360 0.6550 0.3340 0.6488 0.3140 0.6412 0.3080 0.6300 0.3080 0.6125 0.3320 0.6112 0.3460 0.6175 0.3580 0.6300 0.3580 0.6613 0.3440 0.7175 0.3440 0.7388 0.3520 0.7575 0.3660 0.7887 0.4040 0.8250 0.4080 0.8400 0.4020 0.8488 0.3900 0.8625 0.3600 0.8750 0.3100 0.8950 0.2720
0 0.9012 0.2720 0.8812 0.3020 0.8675 0.3520 0.8650 0.4020 0.8700 0.4360 0.8838 0.4720 0.9125 0.5060 0.9237 0.5260 0.9300 0.5600 0.9325 0.6000 0.9563 0.6180 0.9688 0.6380 0.9812 0.6800 0.9875 0.6900 0.9988 0.6960 0.9988 0.4200 0.9875 0.3980 0.9825 0.3200 0.9688 0.2900 0.9525 0.2760 0.9263 0.2660
0 0.8175 0.2080 0.8150 0.2220 0.8200 0.2300 0.8438 0.2240 0.8562 0.2260 0.8800 0.2380 0.9000 0.2660 0.9337 0.2640 0.9525 0.2720 0.9725 0.2900 0.9888 0.3220 0.9988 0.3220 0.9988 0.2280 0.9613 0.2100 0.9475 0.1980 0.9200 0.1820 0.9000 0.1740 0.8650 0.1700 0.8500 0.1620 0.8375 0.1640 0.8275 0.1800
0 0.7588 0.1700 0.7625 0.1880 0.8025 0.2080 0.8100 0.2080 0.8125 0.2000 0.8163 0.2000 0.8275 0.1740 0.8387 0.1580 0.8475 0.1580 0.8675 0.1680 0.8988 0.1720 0.9275 0.1820 0.9413 0.1680 0.9663 0.1620 0.9788 0.1680 0.9912 0.1840 0.9988 0.1860 0.9988 0.1380 0.9750 0.1280 0.8762 0.1120 0.8625 0.1060 0.8438 0.1060 0.8250 0.1160 0.8150 0.1060 0.8013 0.1040 0.7837 0.1120 0.7800 0.1180 0.7800 0.1440
0 0.6937 0.0000 0.6200 0.0000 0.6138 0.0340 0.6138 0.0900 0.6075 0.1000 0.6012 0.1240 0.6025 0.1400 0.6125 0.1460 0.6188 0.1380 0.6212 0.1440 0.6225 0.1580 0.6300 0.1700 0.6350 0.1740 0.6462 0.1720 0.6562 0.1560 0.6637 0.1360 0.6775 0.1180 0.6875 0.0720 0.6875 0.0640 0.6925 0.0400 0.6950 0.0160
