0 0.4188 0.0000 0.3513 0.0000 0.3438 0.0140 0.3275 0.0300 0.3063 0.0360 0.2913 0.0500 0.2787 0.0700 0.2725 0.0900 0.2575 0.1000 0.2362 0.1260 0.2437 0.1280 0.2550 0.1160 0.2600 0.1200 0.2637 0.1660 0.2587 0.1980 0.2675 0.2100 0.2775 0.2080 0.2850 0.1920 0.3063 0.1620 0.3250 0.1240 0.3538 0.0980 0.3912 0.0480 0.4225 0.0220 0.4238 0.0160
0 0.9988 0.7620 0.9637 0.7060 0.9600 0.6680 0.9313 0.6720 0.8838 0.7040 0.8925 0.7420 0.8400 0.7560 0.6750 0.8320 0.5637 0.8940 0.5125 0.9000 0.4863 0.9260 0.4500 0.9980 0.9187 0.9980 0.9500 0.9480 0.9663 0.9620 0.9988 0.9360
0 0.3050 0.8520 0.2437 0.8180 0.1900 0.7520 0.1975 0.7400 0.2275 0.7120 0.2250 0.7020 0.1775 0.7160 0.1412 0.7540 0.0750 0.7280 0.0000 0.7420 0.0000 0.9980 0.2075 0.9980 0.2338 0.9720 0.2575 0.9340 0.2950 0.9060 0.3038 0.8800
0 0.2362 0.6600 0.2275 0.6280 0.2075 0.5940 0.1675 0.5620 0.1275 0.5580 0.1062 0.5700 0.0862 0.5660 0.0338 0.5700 0.0000 0.5620 0.0000 0.7380 0.0675 0.7240 0.1412 0.7500 0.1775 0.7120 0.2188 0.6980 0.2225 0.7020 0.2200 0.7200 0.1938 0.7520 0.2162 0.7780 0.2213 0.7740 0.2300 0.7380 0.2313 0.7040 0.2362 0.6940
0 0.0000 0.0700 0.0000 0.2820 0.0200 0.3140 0.0250 0.2560 0.0300 0.2620 0.0362 0.3060 0.0437 0.3100 0.0488 0.2940 0.0512 0.2340 0.1125 0.2360 0.1288 0.2120 0.1450 0.2040 0.1525 0.2180 0.1525 0.2460 0.1412 0.3020 0.1487 0.3020 0.1625 0.2820 0.1688 0.2520 0.1750 0.2680 0.1713 0.3400 0.1775 0.3440 0.1888 0.3260 0.2000 0.2380 0.1950 0.1980 0.2137 0.1180 0.2112 0.0480 0.2150 0.0240 0.2050 0.0100 0.2013 0.0280 0.1925 0.0280 0.1625 0.0060 0.1100 0.0060 0.0750 0.0180
0 0.5200 0.1260 0.4913 0.1260 0.4838 0.1360 0.4662 0.1440 0.4562 0.1600 0.4462 0.2060 0.4437 0.2420 0.4175 0.2800 0.3962 0.3340 0.3850 0.3800 0.3688 0.3900 0.3650 0.4000 0.3675 0.4140 0.3837 0.4460 0.3912 0.4520 0.4050 0.4460 0.4138 0.4580 0.4387 0.4620 0.4600 0.4820 0.4788 0.4840 0.5138 0.4620 0.5300 0.4360 0.5400 0.4080 0.5537 0.3460 0.5463 0.2560 0.5500 0.1960 0.5375 0.1560
0 0.4950 0.0320 0.4725 0.0100 0.4425 0.0120 0.3950 0.0480 0.3513 0.1040 0.3225 0.1300 0.3063 0.1660 0.2800 0.2080 0.2762 0.2320 0.2950 0.2160 0.3000 0.2220 0.3000 0.2400 0.2875 0.2700 0.2900 0.2860 0.2950 0.2920 0.3525 0.2780 0.3787 0.2620 0.4100 0.2320 0.4238 0.2580 0.4325 0.2540 0.4400 0.2400 0.4412 0.2080 0.4487 0.1760 0.4650 0.1420 0.4900 0.1220 0.5200 0.1180 0.5188 0.1000 0.5112 0.0880
0 0.6075 0.0000 0.6050 0.0400 0.6100 0.0760 0.6062 0.1360 0.6088 0.1660 0.6125 0.1740 0.6188 0.1680 0.6238 0.1120 0.6288 0.1000 0.6362 0.1320 0.6288 0.2700 0.6338 0.2780 0.6388 0.2760 0.6488 0.2160 0.6562 0.2080 0.6613 0.2320 0.6613 0.2700 0.6825 0.2980 0.6887 0.3520 0.7100 0.3540 0.7250 0.2660 0.7462 0.3000 0.7575 0.3000 0.7600 0.2800 0.7425 0.2300 0.7288 0.2140 0.7450 0.1480 0.7450 0.1020 0.7388 0.0560 0.7200 0.0000
0 0.7450 0.0540 0.7425 0.0700 0.7462 0.0860 0.7488 0.1500 0.7600 0.1740 0.8013 0.2120 0.8125 0.2360 0.8263 0.2420 0.8400 0.2540 0.8538 0.2540 0.8712 0.2440 0.8850 0.2440 0.9050 0.2540 0.9100 0.2520 0.9075 0.2400 0.9087 0.2120 0.9150 0.2020 0.9187 0.2020 0.9250 0.2120 0.9237 0.2020 0.9150 0.1860 0.8962 0.1760 0.8875 0.1460 0.8812 0.1360 0.8512 0.1100 0.8175 0.0660 0.7975 0.0480 0.7850 0.0420 0.7638 0.0400 0.7512 0.0460
0 0.9950 0.6160 0.9650 0.5600 0.9125 0.4820 0.8675 0.4540 0.8413 0.4520 0.8237 0.4720 0.8063 0.5220 0.7837 0.5580 0.7475 0.5980 0.7212 0.6420 0.7037 0.6880 0.6737 0.8260 0.7450 0.8020 0.8488 0.7480 0.8825 0.7400 0.8850 0.7340 0.8800 0.7040 0.8875 0.6920 0.9163 0.6820 0.9437 0.6580 0.9425 0.6180 0.9487 0.6040 0.9663 0.6120 0.9862 0.6320 0.9950 0.6240
0 0.7875 0.0380 0.7913 0.0440 0.8087 0.0540 0.8450 0.1000 0.8825 0.1340 0.8888 0.1440 0.8975 0.1740 0.9187 0.1860 0.9363 0.2300 0.9587 0.2500 0.9675 0.2500 0.9738 0.2360 0.9750 0.2220 0.9712 0.2020 0.9825 0.1960 0.9988 0.1780 0.9988 0.1700 0.9925 0.1640 0.9712 0.1540 0.9625 0.1660 0.9575 0.1640 0.9387 0.1280 0.8962 0.0780 0.8800 0.0640 0.8600 0.0540 0.8413 0.0340 0.8263 0.0280 0.8063 0.0280
