0 0.9616 0.6024 0.9077 0.6007 0.8949 0.6215 0.8125 0.6215 0.7812 0.6337 0.7486 0.6667 0.7415 0.7118 0.6918 0.7465 0.6491 0.7951 0.6136 0.8785 0.5881 0.8698 0.5497 0.8351 0.5199 0.7431 0.5114 0.7552 0.5071 0.7934 0.4943 0.8108 0.5000 0.8576 0.5384 0.9497 0.5341 0.9931 0.8253 0.9948 0.8750 0.8438 0.9460 0.7326 0.9730 0.7101 0.9773 0.6858 0.9602 0.6875 0.9531 0.6476
0 0.9986 0.3160 0.9389 0.2778 0.9276 0.2778 0.9205 0.2917 0.8963 0.2847 0.8963 0.3021 0.9290 0.3455 0.9418 0.3924 0.8622 0.4236 0.7983 0.3993 0.7713 0.3733 0.7727 0.4167 0.7940 0.4514 0.7699 0.4844 0.7259 0.5243 0.6676 0.6024 0.6690 0.6319 0.6776 0.6372 0.7230 0.6285 0.7500 0.6389 0.7500 0.6493 0.7315 0.6753 0.7912 0.6215 0.8452 0.6163 0.8991 0.5920 0.9588 0.5955 0.9702 0.6128 0.9986 0.6146
0 0.0000 0.6979 0.0000 0.9427 0.0369 0.9635 0.0611 0.9618 0.0923 0.9965 0.3878 0.9948 0.3821 0.9566 0.3665 0.9115 0.3040 0.8160 0.2670 0.7812 0.2259 0.7535 0.1420 0.7188 0.0838 0.6788 0.0582 0.6771
0 0.0810 0.2969 0.0895 0.3247 0.1250 0.3333 0.1520 0.3229 0.1705 0.3247 0.2770 0.4097 0.3224 0.4323 0.3452 0.4375 0.4361 0.4340 0.4830 0.4080 0.5043 0.3819 0.5114 0.3247 0.4986 0.2778 0.5099 0.2170 0.5057 0.2118 0.4929 0.2205 0.4886 0.1979 0.4702 0.2431 0.4375 0.2587 0.4077 0.2622 0.3693 0.2378 0.2628 0.2135 0.2543 0.1997 0.2628 0.1910 0.2656 0.1753 0.2429 0.1701 0.1719 0.1979 0.1364 0.2361 0.1151 0.2465
0 0.6236 0.1198 0.5810 0.1406 0.5369 0.1979 0.5312 0.2170 0.5085 0.2431 0.5057 0.2795 0.5142 0.2847 0.5398 0.2656 0.5753 0.2569 0.5838 0.2656 0.5895 0.3125 0.6307 0.3698 0.5838 0.4375 0.5469 0.4635 0.5412 0.4757 0.5497 0.4844 0.5710 0.4774 0.5810 0.4896 0.6463 0.4635 0.6548 0.5799 0.6719 0.5938 0.7031 0.5486 0.7670 0.4826 0.7898 0.4497 0.7685 0.4358 0.7685 0.3924 0.7528 0.2812 0.7358 0.2222 0.7188 0.1944 0.6662 0.1372 0.6449 0.1233
0 0.0000 0.1840 0.0142 0.1753 0.0440 0.1406 0.0582 0.1302 0.0739 0.1250 0.0909 0.1250 0.1321 0.1389 0.1449 0.1389 0.1477 0.1285 0.1946 0.1250 0.2216 0.1094 0.2401 0.1042 0.2472 0.0920 0.2472 0.0781 0.2230 0.0608 0.1847 0.0035 0.0000 0.0035
0 0.9986 0.6580 0.9815 0.6788 0.9744 0.7118 0.9503 0.7344 0.9432 0.7500 0.9091 0.7934 0.8821 0.8385 0.8722 0.8628 0.8352 0.9948 0.9986 0.9965
0 0.9986 0.0035 0.8338 0.0035 0.8210 0.0122 0.8111 0.0243 0.8097 0.0764 0.8494 0.0816 0.9347 0.1007 0.9943 0.1007 0.9986 0.0990
0 0.2273 0.1649 0.2102 0.1580 0.1989 0.1406 0.1889 0.1354 0.1776 0.1424 0.1591 0.1389 0.1378 0.1441 0.0966 0.1302 0.0781 0.1285 0.0511 0.1389 0.0156 0.1788 0.0000 0.1892 0.0000 0.3490 0.0341 0.3403 0.0526 0.3299 0.0653 0.3160 0.0781 0.2865 0.1136 0.2431 0.1378 0.2292 0.1705 0.1944 0.1875 0.1858 0.2102 0.1806 0.2202 0.1701 0.2259 0.1701
0 0.4091 0.1354 0.4219 0.1510 0.4602 0.1580 0.5057 0.1545 0.5099 0.1597 0.5085 0.2031 0.5156 0.2031 0.5213 0.2188 0.5455 0.1806 0.5597 0.1441 0.6179 0.1163 0.6435 0.1181 0.6875 0.1441 0.7003 0.1267 0.7457 0.0885 0.7699 0.0781 0.8040 0.0747 0.8054 0.0278 0.7898 0.0035 0.5341 0.0035 0.4304 0.0486 0.4105 0.0781 0.4176 0.0816 0.4276 0.0747 0.4290 0.0868
0 0.0000 0.5087 0.0000 0.6892 0.0398 0.6736 0.0952 0.6771 0.1534 0.7188 0.2202 0.7448 0.2912 0.7951 0.3381 0.8073 0.3594 0.8819 0.3750 0.9097 0.3906 0.9861 0.3991 0.9965 0.4105 0.9931 0.4148 0.8455 0.4517 0.7934 0.4602 0.7535 0.4560 0.6997 0.4418 0.6597 0.4190 0.6285 0.3196 0.5521 0.2741 0.5347 0.1250 0.5035 0.0895 0.5035 0.0668 0.5139 0.0384 0.5035
0 0.6974 0.1406 0.6960 0.1597 0.7315 0.2066 0.7486 0.2465 0.7543 0.2778 0.7983 0.2934 0.7969 0.2674 0.8097 0.2778 0.8395 0.2847 0.8764 0.2847 0.9276 0.2708 0.9588 0.2778 0.9986 0.2760 0.9986 0.1042 0.9318 0.1042 0.8494 0.0851 0.7869 0.0799 0.7670 0.0833 0.7401 0.0972 0.7031 0.1302
