0 0.3713 0.4560 0.3200 0.4580 0.2900 0.4780 0.2412 0.5640 0.2213 0.6320 0.2188 0.6680 0.2000 0.7500 0.2050 0.8000 0.2000 0.8380 0.2050 0.8400 0.2150 0.8200 0.2213 0.7760 0.2288 0.7620 0.2325 0.8240 0.2525 0.9480 0.2675 0.9660 0.2963 0.9560 0.3100 0.8940 0.3350 0.8400 0.3450 0.8000 0.3500 0.8020 0.3613 0.8720 0.3775 0.8000 0.3937 0.7840 0.3875 0.7640 0.3912 0.7340 0.4037 0.7220 0.4250 0.6700 0.4425 0.5980 0.4425 0.5600 0.4113 0.5240 0.3887 0.4700
0 0.6775 0.4520 0.6800 0.5080 0.7438 0.5840 0.7412 0.6640 0.7188 0.7020 0.7212 0.7180 0.7475 0.7100 0.7650 0.6740 0.7950 0.6380 0.8000 0.7320 0.8187 0.7520 0.8287 0.7460 0.8275 0.6840 0.8363 0.6620 0.9012 0.7000 0.9375 0.7000 0.9300 0.7180 0.8912 0.7540 0.8862 0.7700 0.9038 0.7760 0.9313 0.7640 0.9675 0.7280 0.9725 0.6960 0.9850 0.6760 0.9988 0.6880 0.9962 0.4740 0.9087 0.4480 0.7937 0.4300 0.7512 0.4000 0.7375 0.4100 0.7013 0.4100
0 0.8325 0.0520 0.8363 0.0800 0.8413 0.0880 0.8538 0.0900 0.8600 0.0820 0.8700 0.0760 0.8938 0.0780 0.9350 0.0980 0.9475 0.1100 0.9675 0.1220 0.9712 0.1280 0.9938 0.1460 0.9962 0.1400 0.9950 0.1260 0.9962 0.1120 0.9988 0.1100 0.9988 0.0820 0.9938 0.0820 0.9925 0.0860 0.9862 0.0880 0.9788 0.0800 0.9600 0.0760 0.9463 0.0680 0.9325 0.0560 0.9225 0.0520 0.9113 0.0400 0.8950 0.0320 0.8762 0.0300 0.8712 0.0240 0.8575 0.0240 0.8450 0.0300 0.8375 0.0400
0 0.8413 0.2000 0.8413 0.2160 0.8337 0.2300 0.8313 0.2440 0.8375 0.2820 0.8350 0.3640 0.8375 0.3780 0.8450 0.3920 0.8550 0.4280 0.8588 0.4340 0.9187 0.4480 0.9363 0.4480 0.9437 0.4240 0.9463 0.3620 0.9425 0.3500 0.9237 0.3260 0.9125 0.3000 0.9075 0.2820 0.9062 0.2600 0.9025 0.2440 0.8925 0.2200 0.8862 0.2140 0.9012 0.1980 0.9000 0.1860 0.8925 0.1820 0.8825 0.1940 0.8700 0.1940 0.8650 0.1860 0.8612 0.1860
0 0.7913 0.0040 0.7788 0.0160 0.7700 0.0300 0.7612 0.0520 0.7550 0.0920 0.7450 0.1080 0.7462 0.1100 0.7525 0.1080 0.7550 0.1160 0.7550 0.1220 0.7712 0.1480 0.7887 0.1520 0.7925 0.1560 0.8037 0.1600 0.8063 0.1420 0.8100 0.1320 0.8200 0.1380 0.8225 0.1200 0.8263 0.1140 0.8325 0.0960 0.8337 0.0780 0.8275 0.0340 0.8237 0.0200 0.8200 0.0140 0.8037 0.0040
0 0.8100 0.1780 0.8025 0.1660 0.7900 0.1560 0.7662 0.1540 0.7450 0.1680 0.7100 0.2160 0.6925 0.2260 0.6813 0.2240 0.6675 0.2300 0.6650 0.2340 0.6675 0.2380 0.6813 0.2400 0.6875 0.2480 0.6913 0.2740 0.6787 0.3120 0.6488 0.3580 0.6488 0.3740 0.6538 0.3800 0.6737 0.3580 0.6963 0.3620 0.7075 0.3560 0.7275 0.3640 0.7175 0.3840 0.7137 0.4020 0.7312 0.4060 0.7488 0.3900 0.7675 0.3340 0.7712 0.3280 0.7850 0.3260 0.7975 0.3180 0.8175 0.2800 0.8213 0.2600 0.8213 0.2160
0 0.9200 0.1720 0.9175 0.1780 0.9200 0.2080 0.9175 0.2180 0.9087 0.2260 0.9062 0.2320 0.9050 0.2460 0.9100 0.2660 0.9113 0.2820 0.9237 0.3180 0.9413 0.3420 0.9487 0.3600 0.9487 0.3980 0.9525 0.4220 0.9663 0.4260 0.9812 0.4180 0.9988 0.4160 0.9988 0.3080 0.9812 0.2820 0.9775 0.2700 0.9725 0.2360 0.9675 0.2220 0.9587 0.2080 0.9600 0.1780 0.9575 0.1640 0.9513 0.1620 0.9425 0.1800 0.9325 0.1840 0.9263 0.1740
0 0.5637 0.0000 0.5487 0.0160 0.5413 0.0420 0.5400 0.0860 0.5425 0.1220 0.5537 0.1540 0.5575 0.1960 0.5663 0.2000 0.5750 0.2120 0.5875 0.2480 0.5913 0.2660 0.6062 0.2840 0.6162 0.2880 0.6288 0.2760 0.6350 0.2420 0.6438 0.2200 0.6488 0.1560 0.6462 0.1260 0.6350 0.0860 0.6212 0.0580 0.6125 0.0280 0.6062 0.0160 0.5938 0.0040 0.5887 0.0040 0.5875 0.0000
0 0.2000 0.4540 0.1525 0.4640 0.1175 0.4820 0.0875 0.4840 0.0000 0.5440 0.0000 0.7400 0.0450 0.7340 0.0800 0.7460 0.0838 0.8280 0.0788 0.8520 0.0875 0.8700 0.1062 0.8240 0.1037 0.7520 0.1275 0.7640 0.1600 0.8800 0.1638 0.9520 0.1775 0.9700 0.1850 0.9620 0.1913 0.9180 0.1825 0.8620 0.1837 0.7580 0.1975 0.7460 0.2313 0.5820 0.2650 0.5140 0.2387 0.4720
0 0.8512 0.0980 0.8462 0.1200 0.8488 0.1560 0.8575 0.1720 0.8750 0.1900 0.8812 0.1880 0.8925 0.1760 0.9113 0.1900 0.9200 0.1700 0.9250 0.1700 0.9313 0.1780 0.9375 0.1800 0.9513 0.1600 0.9575 0.1600 0.9625 0.1820 0.9625 0.2080 0.9738 0.2320 0.9825 0.2760 0.9900 0.2900 0.9988 0.2900 0.9988 0.1540 0.9600 0.1200 0.9087 0.0860 0.8862 0.0780 0.8712 0.0780 0.8612 0.0840
0 0.6188 0.3000 0.5875 0.2640 0.5737 0.2160 0.5625 0.2020 0.5413 0.2020 0.4375 0.2360 0.3663 0.2840 0.3275 0.3240 0.3063 0.3540 0.2775 0.4140 0.2562 0.4340 0.2450 0.4720 0.2712 0.5020 0.2913 0.4720 0.3100 0.4580 0.3663 0.4500 0.3912 0.4680 0.4113 0.5040 0.4200 0.5000 0.4238 0.5060 0.4350 0.4700 0.4675 0.4980 0.4925 0.4300 0.5062 0.3620 0.5450 0.3280 0.5787 0.3400 0.6088 0.3300 0.6162 0.3200
0 0.0063 0.1880 0.0075 0.2580 0.0300 0.3340 0.0587 0.3680 0.1138 0.3840 0.1275 0.4220 0.1500 0.4580 0.1700 0.4520 0.1663 0.4140 0.1850 0.3840 0.2700 0.3640 0.2950 0.3500 0.2988 0.3420 0.2938 0.3080 0.2725 0.2860 0.2487 0.2400 0.2500 0.2260 0.2612 0.2080 0.2600 0.2020 0.2412 0.2040 0.2188 0.2220 0.1675 0.2200 0.1225 0.1920 0.0612 0.1360 0.0437 0.1360 0.0238 0.1480
0 0.3575 0.0500 0.3450 0.0480 0.3250 0.0520 0.3075 0.0640 0.3013 0.0640 0.2913 0.0740 0.2812 0.1020 0.2812 0.1220 0.2850 0.1460 0.2925 0.1700 0.2913 0.1880 0.2963 0.2140 0.2975 0.2740 0.3013 0.3020 0.3050 0.3100 0.3038 0.3340 0.3088 0.3440 0.3513 0.2940 0.4075 0.2500 0.4088 0.2100 0.4025 0.1760 0.3912 0.1400 0.3850 0.1040 0.3713 0.0640
0 0.1525 0.0340 0.1500 0.0400 0.1512 0.0480 0.1638 0.0520 0.1688 0.0580 0.1713 0.1040 0.1775 0.1220 0.1812 0.1420 0.1913 0.1700 0.1988 0.2080 0.2025 0.2140 0.2162 0.2180 0.2425 0.2000 0.2675 0.1980 0.2750 0.1900 0.2800 0.1680 0.2800 0.1300 0.2775 0.1180 0.2700 0.0960 0.2550 0.0680 0.2525 0.0560 0.2362 0.0260 0.2250 0.0180 0.1963 0.0200 0.1925 0.0160 0.1812 0.0160 0.1613 0.0240
0 0.6138 0.3580 0.5450 0.3320 0.5100 0.3660 0.5112 0.3780 0.5288 0.3820 0.4838 0.4600 0.4050 0.7440 0.4000 0.7940 0.3837 0.7980 0.3713 0.8320 0.3638 0.9080 0.3688 0.9280 0.3912 0.9620 0.4825 0.9600 0.5262 0.9460 0.5363 0.9340 0.5437 0.8940 0.5437 0.8380 0.5537 0.7800 0.5575 0.6960 0.5613 0.6940 0.5650 0.7300 0.5750 0.7440 0.5813 0.7360 0.5813 0.6700 0.6000 0.5420 0.6000 0.4340 0.6062 0.4240 0.6275 0.4240
