0 0.0838 0.0680 0.0825 0.0880 0.0950 0.0840 0.1150 0.0840 0.1263 0.0920 0.1338 0.1020 0.1425 0.1200 0.1462 0.1200 0.1575 0.1020 0.1600 0.1020 0.1650 0.1080 0.1688 0.1080 0.1725 0.1020 0.1737 0.0960 0.1725 0.0700 0.1750 0.0620 0.1825 0.0500 0.1913 0.0440 0.1963 0.0360 0.2013 0.0220 0.2025 0.0080 0.1988 0.0000 0.1300 0.0000 0.1288 0.0040 0.1163 0.0120 0.1013 0.0280 0.0900 0.0480
0 0.0000 0.8480 0.0000 0.9780 0.0362 0.9740 0.0512 0.9480 0.0800 0.9420 0.0912 0.9440 0.1013 0.9560 0.1025 0.9980 0.3287 0.9980 0.2137 0.8540 0.1737 0.8240 0.1075 0.7880 0.0825 0.7820 0.0400 0.7860 0.0150 0.8120
0 0.1775 0.1140 0.1800 0.1220 0.1950 0.1280 0.1913 0.1400 0.2300 0.1340 0.3463 0.1740 0.4088 0.1720 0.4263 0.1660 0.4338 0.1580 0.4612 0.1120 0.4688 0.1080 0.4713 0.0960 0.4537 0.0840 0.4437 0.0680 0.4263 0.0540 0.3812 0.0560 0.3425 0.0460 0.3063 0.0500 0.2888 0.0440 0.2762 0.0300 0.2587 0.0260 0.2387 0.0320 0.2037 0.0740 0.1925 0.0640 0.1800 0.0840
0 0.5900 0.5320 0.5687 0.5160 0.5363 0.5180 0.5012 0.5580 0.3912 0.5780 0.3312 0.6160 0.3088 0.6140 0.2787 0.5960 0.2700 0.5660 0.2637 0.5640 0.2625 0.5960 0.2375 0.6300 0.2162 0.6840 0.2112 0.7640 0.2162 0.7820 0.2313 0.8020 0.2263 0.8380 0.2487 0.8220 0.2838 0.8460 0.4037 0.8500 0.4350 0.8420 0.5012 0.7980 0.5413 0.7580 0.5513 0.6700
0 0.6312 0.0440 0.6450 0.0580 0.6713 0.0740 0.6675 0.0860 0.6575 0.1000 0.6613 0.1080 0.6725 0.1060 0.6863 0.0920 0.7125 0.0860 0.7288 0.1060 0.7512 0.1200 0.7588 0.1380 0.7762 0.1380 0.7900 0.1300 0.7950 0.1220 0.8037 0.1220 0.8375 0.1420 0.8450 0.1400 0.8588 0.1180 0.8525 0.1040 0.8475 0.0780 0.8337 0.0600 0.8213 0.0520 0.8037 0.0500 0.7812 0.0300 0.7412 0.0120 0.7250 0.0000 0.6763 0.0000 0.6562 0.0220 0.6338 0.0360
0 0.2338 0.5400 0.2050 0.5100 0.1812 0.5020 0.1713 0.4920 0.1613 0.4920 0.1575 0.5000 0.1375 0.4920 0.1325 0.4960 0.1325 0.5060 0.1425 0.5300 0.1400 0.5420 0.1175 0.5640 0.0912 0.5700 0.0550 0.5900 0.0000 0.6440 0.0000 0.8320 0.0250 0.7940 0.0488 0.7780 0.0900 0.7780 0.1250 0.7920 0.1475 0.7840 0.2037 0.7200 0.2175 0.6660 0.2487 0.5980 0.2462 0.5720
0 0.7288 0.3560 0.7163 0.3200 0.7013 0.3160 0.6825 0.2720 0.6813 0.2460 0.6425 0.2480 0.6438 0.2780 0.6400 0.2840 0.6025 0.2880 0.5387 0.3420 0.4838 0.3520 0.4437 0.3760 0.4012 0.3780 0.3837 0.3860 0.3588 0.4120 0.3412 0.3900 0.3325 0.3880 0.3287 0.4220 0.3175 0.4340 0.3162 0.4480 0.3212 0.4580 0.3563 0.4720 0.3638 0.5180 0.3775 0.5420 0.4100 0.5600 0.4475 0.5580 0.5162 0.5320 0.5325 0.5140 0.5563 0.5080 0.6138 0.4460 0.6687 0.4140 0.6887 0.3780 0.7137 0.3820 0.7238 0.3760
0 0.9988 0.2040 0.9650 0.2000 0.9350 0.2060 0.9062 0.2160 0.8762 0.2360 0.8600 0.2320 0.8225 0.2460 0.8225 0.2520 0.8325 0.2640 0.8300 0.2720 0.8313 0.2820 0.8413 0.2840 0.8450 0.2780 0.8488 0.2820 0.8488 0.2940 0.8350 0.3200 0.8350 0.3280 0.8413 0.3400 0.8988 0.3340 0.8912 0.3180 0.8900 0.3000 0.8938 0.2920 0.9025 0.2900 0.9163 0.2740 0.9175 0.2440 0.9237 0.2320 0.9450 0.2520 0.9513 0.2520 0.9587 0.2420 0.9712 0.2440 0.9838 0.2640 0.9838 0.2880 0.9988 0.3020
0 0.9988 0.7200 0.9450 0.7320 0.8500 0.7880 0.7987 0.8100 0.7700 0.8340 0.7312 0.8880 0.7075 0.8880 0.7037 0.9880 0.7100 0.9980 0.8200 0.9980 0.8550 0.9860 0.9187 0.9500 0.9463 0.9500 0.9862 0.9780 0.9988 0.9740
0 0.9700 0.1520 0.9637 0.1340 0.9487 0.1200 0.9350 0.1160 0.9150 0.1180 0.8888 0.1340 0.8600 0.1340 0.8438 0.1460 0.8363 0.1460 0.8287 0.1380 0.8037 0.1260 0.7937 0.1260 0.7900 0.1520 0.8000 0.1440 0.8150 0.1460 0.8175 0.1580 0.7987 0.1920 0.7812 0.2100 0.7863 0.2280 0.8175 0.2420 0.8287 0.2420 0.8638 0.2280 0.8812 0.2300 0.9075 0.2120 0.9663 0.1960 0.9712 0.1820
0 0.2625 0.1960 0.2487 0.1940 0.2200 0.1720 0.1875 0.1760 0.1737 0.1840 0.1588 0.2080 0.0638 0.2480 0.0400 0.2520 0.0000 0.2820 0.0000 0.4220 0.0088 0.4300 0.0288 0.4320 0.0862 0.3940 0.1588 0.3780 0.1913 0.3580 0.2150 0.3200 0.2338 0.3100 0.2525 0.2840 0.2612 0.2520 0.2587 0.2060
0 0.1350 0.1080 0.1288 0.0980 0.1175 0.0880 0.0988 0.0860 0.0825 0.0920 0.0600 0.1100 0.0462 0.1260 0.0000 0.2000 0.0000 0.2780 0.0413 0.2480 0.0612 0.2460 0.1138 0.2200 0.1225 0.1760 0.1263 0.1740 0.1388 0.1780 0.1450 0.1900 0.1487 0.1900 0.1562 0.1760 0.1562 0.1640 0.1437 0.1360
