0 0.9062 0.0694 0.8636 0.0677 0.8040 0.0851 0.7656 0.1233 0.7443 0.1806 0.7415 0.2431 0.7528 0.2656 0.7528 0.2917 0.7443 0.3212 0.7415 0.3889 0.7486 0.3976 0.7585 0.3941 0.7599 0.3628 0.7741 0.3351 0.7855 0.3559 0.7955 0.3628 0.7969 0.4306 0.8097 0.4444 0.8281 0.3941 0.8736 0.3281 0.9403 0.2969 0.9986 0.2882 0.9986 0.2083 0.9830 0.1632 0.9602 0.1233 0.9290 0.0851
0 0.1378 0.3733 0.1392 0.4722 0.1165 0.5174 0.0966 0.4931 0.0668 0.4931 0.0653 0.5069 0.0810 0.5799 0.1051 0.6163 0.1165 0.6111 0.1264 0.5747 0.1250 0.6632 0.1520 0.8194 0.1605 0.9931 0.3338 0.9965 0.3097 0.8299 0.3239 0.8438 0.3395 0.8420 0.3438 0.8229 0.3153 0.7795 0.2997 0.6771 0.2500 0.5764 0.2273 0.5521 0.2045 0.5417 0.1761 0.4896 0.1861 0.4740 0.1804 0.4410 0.1605 0.3976
0 0.1065 0.1267 0.0895 0.1424 0.0781 0.1632 0.0625 0.2240 0.0653 0.3021 0.0781 0.3715 0.0881 0.3889 0.1293 0.4115 0.1349 0.3646 0.1562 0.3872 0.1761 0.4201 0.1932 0.4740 0.1818 0.4913 0.1832 0.5052 0.2017 0.5365 0.2230 0.5451 0.2244 0.5000 0.2543 0.4306 0.2401 0.3316 0.2472 0.2899 0.2230 0.2865 0.1932 0.2604 0.1818 0.2205 0.1634 0.1927 0.1875 0.1910 0.1918 0.1858 0.1889 0.1719 0.1619 0.1667 0.1562 0.1476 0.1406 0.1319 0.1264 0.1250
0 0.0881 0.3941 0.0526 0.3941 0.0000 0.4115 0.0000 0.6111 0.0341 0.6510 0.0540 0.6580 0.0653 0.6701 0.0497 0.6736 0.0384 0.6892 0.0369 0.7083 0.0412 0.7170 0.0639 0.7049 0.0881 0.7049 0.0952 0.6823 0.1222 0.6580 0.1236 0.5781 0.1165 0.6128 0.1065 0.6181 0.0781 0.5747 0.0639 0.4948 0.0952 0.4913 0.1136 0.5139 0.1236 0.5035 0.1335 0.4809 0.1364 0.4427 0.1321 0.4253 0.1222 0.4115
0 0.5625 0.0052 0.4318 0.0052 0.4219 0.0434 0.4318 0.1319 0.4574 0.1944 0.4688 0.3090 0.4531 0.4965 0.4730 0.6701 0.4602 0.6962 0.4446 0.6840 0.4304 0.7066 0.4205 0.7986 0.4347 0.8108 0.4531 0.7865 0.4560 0.8212 0.4801 0.8316 0.4716 0.8733 0.4801 0.9236 0.5355 0.8767 0.5440 0.8385 0.5312 0.8108 0.6065 0.6910 0.6179 0.7309 0.6349 0.7326 0.6264 0.6562 0.6420 0.5295 0.6321 0.2812 0.6122 0.1476
0 0.2287 0.0278 0.2102 0.0920 0.2102 0.1111 0.2216 0.1146 0.2017 0.2083 0.2003 0.2500 0.2202 0.2760 0.2500 0.2882 0.2457 0.3333 0.2585 0.4097 0.2784 0.4774 0.3082 0.5434 0.3892 0.6285 0.4190 0.6476 0.4602 0.6510 0.4659 0.6302 0.4517 0.4549 0.4645 0.3542 0.4446 0.3490 0.3963 0.2708 0.3395 0.2101 0.2997 0.1250 0.2884 0.0642 0.2926 0.0486 0.2670 0.0365 0.2571 0.0556 0.2344 0.0608
0 0.7528 0.0035 0.6520 0.0017 0.6378 0.0052 0.6420 0.0399 0.6591 0.0764 0.6605 0.0903 0.6733 0.1285 0.6733 0.1771 0.6804 0.1858 0.6818 0.1979 0.6875 0.2066 0.6932 0.2083 0.7003 0.2049 0.7003 0.1910 0.6932 0.1667 0.6932 0.1146 0.7159 0.1354 0.7287 0.1684 0.7386 0.1736 0.7443 0.1719 0.7599 0.1233 0.7557 0.1007 0.7670 0.0868 0.7685 0.0677 0.7543 0.0226 0.7571 0.0069
0 0.0696 0.0035 0.0000 0.0035 0.0000 0.2483 0.0341 0.2292 0.0241 0.1927 0.0227 0.1632 0.0256 0.1493 0.0440 0.1059 0.0455 0.0955 0.0653 0.0451 0.0710 0.0104
0 0.0526 0.2361 0.0455 0.2344 0.0270 0.2361 0.0142 0.2431 0.0000 0.2569 0.0000 0.4062 0.0099 0.4045 0.0142 0.4010 0.0199 0.4010 0.0426 0.3924 0.0668 0.3889 0.0710 0.3819 0.0724 0.3733 0.0710 0.3715 0.0710 0.3594 0.0611 0.2951 0.0597 0.2465 0.0568 0.2396
0 0.7727 0.0573 0.7727 0.0955 0.7756 0.1007 0.8153 0.0764 0.8665 0.0642 0.9048 0.0660 0.9247 0.0781 0.9375 0.0903 0.9730 0.1389 0.9787 0.1406 0.9787 0.1094 0.9716 0.0712 0.9531 0.0330 0.9304 0.0035 0.7983 0.0035 0.7812 0.0330
0 0.9986 0.2951 0.9602 0.2951 0.8807 0.3264 0.8594 0.3490 0.8267 0.4062 0.8139 0.4583 0.8125 0.5208 0.8054 0.5608 0.8097 0.5885 0.8153 0.5903 0.8253 0.5799 0.8310 0.6441 0.8196 0.7031 0.8239 0.7274 0.8338 0.7205 0.8438 0.6892 0.8565 0.6701 0.8750 0.6597 0.9474 0.5816 0.9688 0.5781 0.9702 0.6146 0.9986 0.5608
