0 0.3962 0.3540 0.3738 0.3460 0.3700 0.3980 0.3812 0.4340 0.3250 0.4780 0.2263 0.6380 0.1988 0.7000 0.1825 0.7780 0.1787 0.8420 0.1875 0.8920 0.2087 0.9180 0.2288 0.9300 0.2450 0.9180 0.2625 0.8860 0.3038 0.7760 0.3438 0.6980 0.3775 0.6520 0.4213 0.6100 0.4300 0.5860 0.4587 0.5460 0.5000 0.5280 0.5050 0.4960 0.4700 0.4720 0.4512 0.4420 0.4238 0.4180
0 0.5950 0.0240 0.5938 0.0420 0.5988 0.0720 0.6150 0.1240 0.6175 0.1500 0.6262 0.1640 0.6325 0.1600 0.6375 0.1320 0.6462 0.1140 0.6737 0.1220 0.6963 0.1220 0.7000 0.1280 0.7025 0.1620 0.7075 0.1720 0.7137 0.1260 0.7200 0.1200 0.7300 0.1340 0.7450 0.1680 0.7575 0.1820 0.7675 0.1820 0.7738 0.1620 0.7950 0.1380 0.7937 0.1280 0.7837 0.1100 0.7688 0.0680 0.7562 0.0460 0.7412 0.0280 0.7200 0.0180 0.7000 0.0000 0.6188 0.0000 0.6025 0.0120
0 0.4475 0.0400 0.4437 0.0800 0.4462 0.1400 0.4625 0.1580 0.4675 0.1580 0.4713 0.1480 0.4775 0.1460 0.4800 0.1500 0.4800 0.1760 0.4963 0.2020 0.5012 0.2040 0.5062 0.1900 0.5088 0.1580 0.5150 0.1340 0.5212 0.1240 0.5325 0.1200 0.5363 0.1260 0.5363 0.1400 0.5475 0.1460 0.5500 0.1140 0.5625 0.0940 0.5675 0.0960 0.5700 0.1580 0.5737 0.1640 0.5775 0.1620 0.5863 0.0960 0.5863 0.0340 0.5925 0.0080 0.5875 0.0000 0.4788 0.0000
0 0.3787 0.0200 0.3638 0.0000 0.3237 0.0000 0.3225 0.0040 0.3125 0.0060 0.3038 0.0140 0.2950 0.0280 0.2825 0.0360 0.2700 0.0520 0.2575 0.0800 0.2450 0.1000 0.2425 0.1080 0.2425 0.1220 0.2462 0.1300 0.2512 0.1300 0.2675 0.1160 0.2975 0.1020 0.3050 0.0960 0.3175 0.0720 0.3325 0.0540 0.3375 0.0540 0.3400 0.0580 0.3400 0.0660 0.3425 0.0720 0.3500 0.0760 0.3600 0.0760 0.3650 0.0720 0.3663 0.0680 0.3613 0.0460 0.3625 0.0420 0.3675 0.0360 0.3775 0.0340 0.3800 0.0280
0 0.2075 0.0580 0.1925 0.0520 0.1775 0.0520 0.1700 0.0620 0.1600 0.0700 0.1450 0.0960 0.1375 0.1180 0.1375 0.1340 0.1300 0.1460 0.1288 0.2020 0.1325 0.2120 0.1388 0.2100 0.1512 0.1980 0.1575 0.1960 0.1600 0.1920 0.1900 0.1700 0.2075 0.1620 0.2188 0.1600 0.2225 0.1560 0.2238 0.1520 0.2175 0.1340 0.2175 0.0960 0.2137 0.0820 0.2125 0.0680
0 0.1275 0.1400 0.1250 0.1340 0.1163 0.1280 0.0912 0.1240 0.0675 0.1360 0.0375 0.1740 0.0262 0.1760 0.0138 0.1740 0.0100 0.1900 0.0088 0.2160 0.0037 0.2360 0.0037 0.2460 0.0075 0.2540 0.0138 0.2540 0.0275 0.2420 0.0500 0.2420 0.0612 0.2580 0.0663 0.2700 0.0762 0.2760 0.0875 0.2740 0.0988 0.2480 0.1050 0.2380 0.1200 0.2220
0 0.2313 0.1640 0.2037 0.1660 0.1888 0.1740 0.1113 0.2360 0.0988 0.2540 0.0862 0.2920 0.0850 0.3140 0.0887 0.3380 0.0950 0.3560 0.0988 0.3860 0.1062 0.4040 0.1175 0.4060 0.1212 0.4000 0.1263 0.3780 0.1375 0.3600 0.1462 0.3540 0.1625 0.3520 0.1762 0.3320 0.1988 0.3140 0.2013 0.2740 0.2087 0.2320 0.2162 0.2040 0.2288 0.1820 0.2325 0.1700
0 0.8000 0.5960 0.7975 0.6400 0.7675 0.6880 0.7588 0.7100 0.7438 0.8060 0.7450 0.8500 0.7512 0.8840 0.7800 0.9200 0.8013 0.9980 0.9862 0.9980 0.9862 0.9680 0.9750 0.8800 0.9513 0.7880 0.9350 0.7460 0.8850 0.6540 0.8562 0.6320 0.8287 0.6260
0 0.9988 0.4920 0.9775 0.4820 0.9563 0.4800 0.9375 0.4860 0.9113 0.5040 0.8712 0.5480 0.8575 0.5700 0.8475 0.5940 0.8425 0.6220 0.8450 0.6260 0.8612 0.6300 0.8738 0.6380 0.8875 0.6520 0.8975 0.6700 0.9050 0.6920 0.9225 0.7200 0.9287 0.7240 0.9463 0.6960 0.9637 0.6900 0.9875 0.6680 0.9988 0.6620
0 0.9988 0.1580 0.9625 0.1620 0.9350 0.1700 0.9263 0.1760 0.8688 0.2720 0.8625 0.2880 0.8625 0.3020 0.8700 0.3060 0.8838 0.3380 0.8888 0.3400 0.8912 0.3460 0.9012 0.3460 0.9113 0.3380 0.9187 0.3400 0.9237 0.3760 0.9363 0.3700 0.9425 0.3540 0.9525 0.3540 0.9537 0.3460 0.9675 0.3200 0.9800 0.3240 0.9938 0.3440 0.9988 0.3460
0 0.8588 0.0380 0.8475 0.0380 0.8287 0.0580 0.8113 0.0880 0.8037 0.1180 0.8000 0.1580 0.8025 0.1900 0.8000 0.2660 0.8063 0.2720 0.8100 0.2680 0.8187 0.2000 0.8250 0.1880 0.8287 0.1880 0.8325 0.1940 0.8325 0.2100 0.8250 0.2400 0.8225 0.2760 0.8287 0.2860 0.8337 0.2860 0.8375 0.2500 0.8450 0.2260 0.8538 0.2100 0.8612 0.1860 0.8762 0.1640 0.8838 0.1360 0.8850 0.0860 0.8825 0.0640 0.8750 0.0480
0 0.5550 0.1960 0.5375 0.2160 0.5275 0.2480 0.5563 0.3000 0.5675 0.3660 0.5737 0.3780 0.5962 0.3860 0.6262 0.4180 0.6412 0.4260 0.6475 0.4380 0.6462 0.4500 0.6338 0.4500 0.6075 0.4300 0.5950 0.4300 0.5913 0.4820 0.5962 0.5180 0.6025 0.5280 0.6175 0.5300 0.6275 0.5100 0.6350 0.4820 0.6500 0.4540 0.6600 0.4160 0.6650 0.4140 0.6600 0.3920 0.6575 0.3480 0.6425 0.3100 0.6325 0.2620 0.6138 0.2200 0.6038 0.2080 0.5863 0.1980
0 0.3513 0.1380 0.3387 0.1700 0.3350 0.2200 0.3488 0.3020 0.3525 0.3820 0.3600 0.3780 0.3650 0.3240 0.3713 0.3020 0.3762 0.3020 0.4050 0.3480 0.4400 0.3660 0.4475 0.4280 0.4713 0.4520 0.4800 0.4260 0.4888 0.4300 0.5212 0.4920 0.5725 0.5520 0.5875 0.5480 0.5950 0.5340 0.5887 0.4820 0.5925 0.4320 0.6075 0.4280 0.6400 0.4460 0.6388 0.4300 0.5938 0.3880 0.5713 0.3780 0.5613 0.3540 0.5587 0.3200 0.5487 0.2880 0.4562 0.1560 0.3987 0.1140 0.3700 0.1220
0 0.3837 0.0680 0.3725 0.0660 0.3600 0.0800 0.3412 0.0740 0.3375 0.0620 0.3275 0.0640 0.3063 0.0980 0.2625 0.1220 0.2500 0.1360 0.2162 0.2100 0.2037 0.2700 0.2000 0.3300 0.2087 0.4980 0.2125 0.5080 0.2200 0.5060 0.2288 0.3940 0.2400 0.3680 0.2525 0.3560 0.2625 0.3560 0.2737 0.3700 0.2762 0.4000 0.2812 0.4080 0.2913 0.4020 0.3063 0.3480 0.3125 0.2900 0.3275 0.2480 0.3312 0.1960 0.3387 0.1580 0.3600 0.1240 0.3900 0.1100 0.3950 0.1020 0.3962 0.0840
0 0.5150 0.5640 0.5088 0.5620 0.4925 0.5960 0.4375 0.6020 0.3850 0.6480 0.3525 0.6900 0.3038 0.7840 0.2612 0.8960 0.2288 0.9520 0.2200 0.9800 0.2200 0.9980 0.3912 0.9980 0.3962 0.9900 0.3987 0.9660 0.4363 0.9240 0.4600 0.8840 0.4775 0.8200 0.4850 0.8100 0.5000 0.8080 0.5075 0.7920 0.5250 0.7200 0.5275 0.6900 0.5225 0.6460 0.5112 0.6160
