0 0.6512 0.0280 0.6475 0.0380 0.6475 0.0680 0.6488 0.0700 0.6488 0.0880 0.6475 0.0920 0.6488 0.0960 0.6625 0.1020 0.6700 0.1020 0.6713 0.1040 0.6825 0.1060 0.6837 0.1080 0.7025 0.1100 0.7262 0.1280 0.7312 0.1280 0.7338 0.1220 0.7338 0.1060 0.7300 0.0920 0.7325 0.0780 0.7312 0.0720 0.7312 0.0520 0.7300 0.0500 0.7300 0.0400 0.7225 0.0140 0.7225 0.0100 0.7175 0.0060 0.7063 0.0040 0.7050 0.0000 0.6725 0.0000 0.6713 0.0040 0.6687 0.0040 0.6625 0.0100
0 0.3113 0.8720 0.3075 0.9160 0.3088 0.9420 0.3025 0.9800 0.3038 0.9980 0.3350 0.9980 0.3362 0.9940 0.3375 0.9980 0.5325 0.9980 0.5325 0.9160 0.5138 0.8480 0.4813 0.7880 0.4350 0.7480 0.4000 0.7460 0.3750 0.7600 0.3425 0.8040 0.3187 0.8500
0 0.4612 0.7540 0.4688 0.7700 0.5175 0.7900 0.5200 0.8580 0.5363 0.9240 0.5387 0.9980 0.7250 0.9980 0.6925 0.9140 0.6950 0.8940 0.7100 0.8900 0.7262 0.8980 0.7488 0.9660 0.7588 0.9700 0.7688 0.9580 0.7475 0.8680 0.7250 0.8340 0.6950 0.8080 0.6950 0.8000 0.7163 0.7840 0.7238 0.7580 0.7200 0.7380 0.6737 0.7760 0.5988 0.6820 0.5625 0.6760 0.5600 0.6400 0.5400 0.6280 0.5312 0.6380 0.5138 0.6320 0.5050 0.6720 0.5200 0.7020 0.5162 0.7360 0.4713 0.7400
0 0.7175 0.3100 0.6925 0.3060 0.6750 0.3120 0.6488 0.3320 0.6262 0.3680 0.6050 0.4240 0.6012 0.4720 0.5863 0.5100 0.5575 0.6240 0.5675 0.6620 0.5750 0.6600 0.5900 0.6380 0.6012 0.6440 0.6188 0.6720 0.6212 0.6900 0.6338 0.7040 0.6325 0.7200 0.6425 0.7340 0.6500 0.7320 0.6587 0.7060 0.6787 0.6740 0.6963 0.6120 0.7113 0.6020 0.7037 0.5820 0.7050 0.5660 0.7312 0.5260 0.7362 0.5320 0.7425 0.5260 0.7475 0.4680 0.7650 0.5240 0.7750 0.5800 0.7800 0.5820 0.7925 0.5660 0.7725 0.4620 0.7712 0.4260 0.7600 0.3620 0.7450 0.3320
0 0.7662 0.1900 0.7600 0.2020 0.7600 0.2240 0.7925 0.3240 0.7913 0.3660 0.8000 0.3920 0.8200 0.4040 0.8400 0.4580 0.8650 0.4900 0.8588 0.5000 0.7925 0.4900 0.7925 0.5080 0.8187 0.5240 0.8313 0.5440 0.8925 0.5740 0.9038 0.5640 0.9313 0.5820 0.9625 0.5740 0.9838 0.5380 0.9862 0.5220 0.9762 0.4340 0.9550 0.3840 0.9012 0.3120 0.8213 0.1800 0.8100 0.1760 0.8075 0.1900 0.7937 0.2020
0 0.4562 0.2340 0.4662 0.2740 0.4688 0.3040 0.4775 0.3120 0.5413 0.2680 0.5887 0.2520 0.6150 0.2520 0.6687 0.2620 0.6787 0.2740 0.6863 0.3020 0.7125 0.3040 0.7312 0.3140 0.7638 0.3580 0.7825 0.3660 0.7900 0.3560 0.7887 0.3300 0.7738 0.3000 0.7638 0.2660 0.7638 0.2440 0.7538 0.2180 0.7462 0.2380 0.7388 0.2440 0.7125 0.2100 0.6937 0.1980 0.6438 0.1880 0.5012 0.1860 0.4675 0.2080
0 0.6750 0.2720 0.6575 0.2620 0.5837 0.2560 0.5288 0.2780 0.4838 0.3120 0.4537 0.3500 0.4213 0.4120 0.4088 0.4920 0.4225 0.5380 0.4363 0.5600 0.4550 0.5740 0.5000 0.5720 0.5262 0.5880 0.5637 0.5800 0.5825 0.5120 0.5800 0.5020 0.5663 0.4960 0.5750 0.4880 0.6300 0.3560 0.6500 0.3260 0.6813 0.3020
0 0.3912 0.1720 0.3713 0.1740 0.3425 0.1960 0.3312 0.2140 0.3150 0.2600 0.2938 0.2920 0.2825 0.3260 0.2863 0.3360 0.3150 0.3140 0.3250 0.3200 0.3262 0.3340 0.3025 0.3880 0.2950 0.4340 0.2988 0.4440 0.3063 0.4440 0.3212 0.4120 0.3262 0.4140 0.3400 0.5440 0.3563 0.5600 0.3650 0.5540 0.3837 0.5180 0.4037 0.5020 0.4050 0.4780 0.4150 0.4460 0.4175 0.4140 0.4550 0.3380 0.4637 0.3040 0.4600 0.2600 0.4412 0.2140 0.4213 0.1880
0 0.1050 0.2000 0.0850 0.2260 0.0475 0.2460 0.0288 0.2420 0.0187 0.2560 0.0225 0.2780 0.0400 0.3040 0.0437 0.3200 0.0400 0.3940 0.0450 0.4940 0.0262 0.6360 0.0100 0.6640 0.0000 0.6980 0.0000 0.8220 0.0125 0.8360 0.0213 0.8360 0.0325 0.8200 0.0800 0.8540 0.1113 0.8460 0.1388 0.8140 0.1500 0.7840 0.1575 0.7280 0.1588 0.6060 0.1412 0.4900 0.1512 0.4620 0.1512 0.3860 0.1388 0.3360 0.1100 0.2840 0.1087 0.2740 0.1163 0.2580
0 0.3825 0.1520 0.3688 0.1280 0.3588 0.1200 0.3250 0.1180 0.2975 0.1520 0.2387 0.2040 0.2125 0.2220 0.1888 0.2620 0.1750 0.2740 0.1713 0.3100 0.1550 0.3620 0.1550 0.3900 0.1625 0.3980 0.1850 0.3840 0.2037 0.3920 0.2200 0.3900 0.2575 0.3600 0.2737 0.3380 0.2900 0.2920 0.3125 0.2600 0.3325 0.2080 0.3400 0.1960 0.3625 0.1760 0.3837 0.1700 0.3862 0.1640
0 0.2062 0.2020 0.2013 0.1740 0.1862 0.1520 0.1725 0.1440 0.1475 0.1460 0.1200 0.1580 0.0912 0.1620 0.0238 0.1960 0.0000 0.2040 0.0000 0.2560 0.0112 0.2540 0.0150 0.2420 0.0213 0.2360 0.0437 0.2420 0.0838 0.2220 0.1000 0.1900 0.1062 0.1860 0.1225 0.2740 0.1288 0.2740 0.1525 0.2560 0.1625 0.2540 0.1825 0.2600 0.1862 0.2580 0.2062 0.2220
0 0.3663 0.0000 0.2712 0.0000 0.2700 0.0040 0.2437 0.0200 0.2025 0.0360 0.1862 0.0500 0.1750 0.0700 0.1625 0.1000 0.1588 0.1340 0.1613 0.1380 0.1787 0.1420 0.2013 0.1620 0.2188 0.1580 0.2350 0.1480 0.2437 0.1480 0.2587 0.1600 0.2675 0.1580 0.2712 0.1500 0.2725 0.1260 0.2775 0.1100 0.2900 0.0880 0.3137 0.0660 0.3438 0.0640 0.3650 0.0520 0.3675 0.0460 0.3613 0.0240 0.3688 0.0160
0 0.4863 0.0140 0.4763 0.0060 0.4288 0.0100 0.4200 0.0000 0.3975 0.0000 0.3962 0.0100 0.4037 0.0280 0.3925 0.0460 0.3450 0.0680 0.3162 0.0680 0.2900 0.0920 0.2750 0.1260 0.2750 0.1540 0.2775 0.1600 0.2825 0.1600 0.2938 0.1520 0.3125 0.1240 0.3250 0.1140 0.3525 0.1140 0.3688 0.1240 0.3825 0.1460 0.3912 0.1680 0.4113 0.1740 0.4363 0.1400 0.4675 0.1220 0.4763 0.1060 0.4788 0.0900 0.4713 0.0780 0.4625 0.0520
0 0.7375 0.0960 0.7412 0.1300 0.7475 0.1440 0.7650 0.1540 0.7925 0.1920 0.8013 0.1900 0.8050 0.1760 0.8100 0.1700 0.8287 0.1840 0.8600 0.2320 0.8788 0.2720 0.9113 0.3200 0.9225 0.3200 0.9387 0.2940 0.9425 0.2780 0.9425 0.2600 0.9375 0.2300 0.9163 0.1940 0.8912 0.1840 0.8725 0.1700 0.8125 0.1100 0.7900 0.0980 0.7800 0.0840 0.7612 0.0880 0.7450 0.0840
0 0.8225 0.0140 0.8213 0.0240 0.8163 0.0340 0.8163 0.0440 0.8237 0.0580 0.8413 0.0720 0.8512 0.0880 0.8562 0.1020 0.8662 0.1580 0.8900 0.1800 0.9100 0.1860 0.9175 0.1920 0.9225 0.2000 0.9275 0.2040 0.9300 0.2020 0.9487 0.1620 0.9475 0.1420 0.9425 0.1260 0.9325 0.1100 0.9163 0.1020 0.8712 0.0400 0.8600 0.0300 0.8538 0.0200 0.8375 0.0080 0.8287 0.0080
0 0.7325 0.0000 0.7300 0.0100 0.7300 0.0280 0.7338 0.0500 0.7350 0.0720 0.7388 0.0800 0.7475 0.0780 0.7538 0.0840 0.7812 0.0800 0.7925 0.0960 0.8113 0.1060 0.8300 0.1280 0.8612 0.1520 0.8612 0.1420 0.8575 0.1300 0.8538 0.1020 0.8488 0.0880 0.8400 0.0740 0.8225 0.0640 0.7887 0.0140 0.7762 0.0040 0.7725 0.0040 0.7712 0.0000
