0 0.2017 0.1892 0.1705 0.1493 0.1506 0.1372 0.1307 0.1319 0.1080 0.1337 0.0767 0.1493 0.0369 0.1615 0.0000 0.1788 0.0000 0.3229 0.0241 0.3125 0.1065 0.2604 0.1577 0.2396 0.1974 0.2274 0.2088 0.2274 0.2102 0.2135
0 0.7969 0.5139 0.7628 0.4948 0.7472 0.4965 0.7401 0.5295 0.7102 0.5642 0.7031 0.6406 0.6690 0.6441 0.6605 0.6267 0.6548 0.5833 0.6449 0.5851 0.6094 0.6927 0.5639 0.7899 0.5114 0.8767 0.5000 0.9253 0.5043 0.9566 0.4773 0.9601 0.4531 0.9983 0.6903 0.9913 0.7116 0.9358 0.7273 0.8368 0.7642 0.7882 0.7812 0.7413 0.8026 0.7292 0.8196 0.6771 0.8239 0.5729 0.8182 0.5469
0 0.4020 0.2257 0.3793 0.2326 0.3537 0.2587 0.3196 0.2708 0.3281 0.2795 0.3523 0.2812 0.3082 0.3333 0.2898 0.3698 0.2614 0.3941 0.2131 0.4115 0.1548 0.4653 0.1562 0.4826 0.1861 0.4809 0.1733 0.5191 0.1548 0.5243 0.1491 0.5347 0.1420 0.6024 0.1250 0.6389 0.1321 0.6562 0.1491 0.6632 0.1832 0.6267 0.2287 0.5920 0.2557 0.5920 0.3267 0.5122 0.3608 0.4861 0.3963 0.4375 0.4233 0.4184 0.4489 0.4132 0.4801 0.3646 0.4830 0.3385 0.4148 0.2535
0 0.5156 0.4549 0.4773 0.4219 0.4332 0.4201 0.4020 0.4375 0.3636 0.4913 0.3239 0.5208 0.2585 0.5972 0.2116 0.6094 0.1634 0.6545 0.1193 0.7344 0.0455 0.8003 0.0469 0.8177 0.0597 0.8316 0.0554 0.8594 0.0696 0.8646 0.1136 0.8559 0.1051 0.9132 0.1108 0.9253 0.1222 0.9271 0.1605 0.9028 0.1591 0.8594 0.1648 0.8490 0.2301 0.8385 0.2926 0.7830 0.3565 0.7396 0.4517 0.6267 0.4972 0.5851 0.5156 0.5069
0 0.7884 0.1215 0.8026 0.1441 0.8082 0.1458 0.8125 0.1406 0.8082 0.1076 0.8082 0.0885 0.8125 0.0764 0.8338 0.0486 0.8381 0.0347 0.8608 0.0104 0.8878 0.0382 0.9148 0.0469 0.9602 0.0712 0.9702 0.0712 0.9986 0.0608 0.9986 0.0017 0.7926 0.0035 0.7940 0.0347 0.7898 0.0451 0.7869 0.0712
0 0.9986 0.4861 0.9744 0.4809 0.9616 0.4896 0.9531 0.5260 0.9545 0.5642 0.9418 0.5712 0.8991 0.6250 0.8849 0.6597 0.8821 0.6927 0.8040 0.7431 0.7756 0.7795 0.7685 0.8073 0.7344 0.8351 0.7259 0.8559 0.7202 0.9167 0.7003 0.9826 0.7017 0.9948 0.9716 0.9965 0.9872 0.9809 0.9986 0.9601
0 0.4318 0.0052 0.3991 0.0017 0.2173 0.0035 0.1349 0.0556 0.1293 0.0729 0.1321 0.0955 0.1406 0.1042 0.1349 0.1250 0.1861 0.1545 0.2273 0.1476 0.2344 0.1684 0.2372 0.2170 0.2415 0.2240 0.2500 0.2257 0.2557 0.2118 0.2543 0.1736 0.2869 0.1181 0.3551 0.1007 0.3807 0.0851 0.3878 0.0729 0.3963 0.0764
0 0.9986 0.0660 0.9659 0.0764 0.8665 0.1319 0.8281 0.1719 0.8040 0.2205 0.7969 0.2604 0.7983 0.2899 0.7841 0.3160 0.7855 0.3420 0.7940 0.3472 0.8068 0.3316 0.8182 0.3299 0.8210 0.3212 0.8452 0.3385 0.8636 0.3611 0.8651 0.3993 0.8707 0.4201 0.8849 0.4358 0.8963 0.4375 0.9034 0.4306 0.9048 0.4219 0.8977 0.4080 0.8963 0.3924 0.9503 0.3160 0.9702 0.3247 0.9986 0.3247
0 0.0455 0.0399 0.0369 0.0399 0.0241 0.0469 0.0170 0.0556 0.0142 0.0642 0.0142 0.0764 0.0128 0.0781 0.0156 0.0868 0.0128 0.0903 0.0000 0.0885 0.0000 0.1736 0.0085 0.1719 0.0128 0.1684 0.0426 0.1562 0.0724 0.1476 0.0810 0.1424 0.0852 0.1372 0.0852 0.1337 0.0739 0.1198 0.0639 0.0990 0.0625 0.0816 0.0568 0.0556 0.0540 0.0486
0 0.3026 0.2795 0.2770 0.2535 0.2727 0.2396 0.2628 0.2344 0.1932 0.2326 0.1207 0.2587 0.0000 0.3264 0.0000 0.5451 0.0284 0.5330 0.0455 0.5069 0.1009 0.4965 0.1463 0.4774 0.1776 0.4410 0.1974 0.3889 0.2330 0.3958 0.2713 0.3802 0.2855 0.3646 0.3097 0.3194 0.3097 0.3021
0 0.0142 0.0069 0.0128 0.0174 0.0000 0.0521 0.0000 0.0851 0.0099 0.0851 0.0128 0.0625 0.0213 0.0469 0.0355 0.0382 0.0469 0.0382 0.0526 0.0434 0.0597 0.0590 0.0653 0.0972 0.0710 0.1111 0.0881 0.1354 0.1222 0.1267 0.1293 0.1215 0.1293 0.1076 0.1236 0.0833 0.1236 0.0712 0.1278 0.0556 0.1335 0.0469 0.1335 0.0399 0.1193 0.0052 0.0170 0.0035
0 0.5866 0.4844 0.5611 0.4740 0.4972 0.4167 0.4957 0.4253 0.5227 0.4670 0.5057 0.5816 0.3977 0.6944 0.3267 0.8003 0.3097 0.7795 0.2884 0.7986 0.3026 0.8299 0.2287 0.8733 0.1960 0.8628 0.1790 0.8750 0.2415 0.9358 0.2571 0.9688 0.2557 0.9948 0.4347 0.9948 0.4901 0.9219 0.5156 0.8524 0.5554 0.7951 0.6037 0.6944 0.6321 0.6146 0.6335 0.5694 0.6037 0.5260
0 0.3878 0.1215 0.4034 0.1545 0.4006 0.2031 0.4119 0.2413 0.4915 0.3438 0.5185 0.3924 0.5270 0.3802 0.5341 0.4097 0.5611 0.4583 0.5966 0.4878 0.6094 0.5278 0.6449 0.5799 0.6577 0.5833 0.6648 0.6354 0.6733 0.6424 0.7003 0.6389 0.7102 0.5503 0.7358 0.5312 0.7443 0.4931 0.7216 0.4566 0.6989 0.4462 0.6733 0.3038 0.6165 0.1997 0.5696 0.1406 0.5213 0.1076 0.4545 0.0972 0.4162 0.1250
0 0.5597 0.0035 0.5582 0.0799 0.5611 0.0990 0.5568 0.1250 0.5781 0.1441 0.5994 0.1701 0.6236 0.2049 0.6520 0.2639 0.6577 0.2708 0.6619 0.2708 0.6747 0.2500 0.6875 0.1771 0.6847 0.0990 0.6761 0.0521 0.6719 0.0052
