0 0.7913 0.1340 0.7738 0.1660 0.7700 0.1960 0.7738 0.2100 0.7937 0.2480 0.8213 0.2800 0.8575 0.3100 0.8800 0.3360 0.9062 0.3560 0.9213 0.3760 0.9387 0.4100 0.9425 0.4080 0.9487 0.3920 0.9487 0.3640 0.9613 0.3280 0.9825 0.3160 0.9775 0.2980 0.9700 0.2900 0.9525 0.2880 0.9475 0.2780 0.9425 0.2480 0.9150 0.2160 0.8875 0.1640 0.8625 0.1320 0.8375 0.1180 0.8137 0.1160
0 0.3350 0.8580 0.3038 0.8040 0.2850 0.7920 0.2550 0.7900 0.2313 0.7600 0.2225 0.7380 0.2425 0.7160 0.2125 0.7020 0.1925 0.7080 0.1750 0.7200 0.1713 0.7340 0.0938 0.7640 0.0500 0.7700 0.0000 0.8020 0.0000 0.9980 0.2200 0.9980 0.2550 0.9360 0.3137 0.9040 0.3312 0.8740
0 0.2025 0.6920 0.2437 0.7120 0.2462 0.7200 0.2313 0.7400 0.2425 0.7700 0.2550 0.7840 0.2863 0.7880 0.3063 0.8020 0.3400 0.8580 0.3125 0.9100 0.2487 0.9540 0.2338 0.9780 0.2325 0.9980 0.5525 0.9980 0.5225 0.9620 0.4675 0.9440 0.4150 0.8180 0.3563 0.7520 0.3937 0.6900 0.4462 0.6700 0.4525 0.6580 0.4462 0.6400 0.3862 0.6460 0.3125 0.6280 0.2637 0.6300 0.2250 0.6520
0 0.4025 0.5020 0.3937 0.5340 0.4163 0.5520 0.4025 0.5760 0.4250 0.5960 0.4425 0.5920 0.4600 0.6260 0.4625 0.8080 0.4713 0.8560 0.5025 0.9420 0.5587 0.9900 0.5813 0.9980 0.7150 0.9980 0.7512 0.9520 0.7512 0.9240 0.7137 0.9220 0.6925 0.8560 0.6687 0.8200 0.6687 0.7680 0.6238 0.6460 0.6525 0.6260 0.6913 0.6280 0.7050 0.6140 0.7050 0.5960 0.6825 0.5900 0.6388 0.5440 0.5238 0.4700 0.4238 0.4840
0 0.9812 0.5240 0.9600 0.5060 0.9375 0.5040 0.9137 0.5180 0.8888 0.5520 0.8700 0.6000 0.8688 0.6360 0.8438 0.7140 0.8363 0.7760 0.7925 0.8140 0.7650 0.8720 0.7600 0.9260 0.7675 0.9440 0.7762 0.9500 0.7738 0.9760 0.7775 0.9980 0.8738 0.9980 0.8838 0.9760 0.8988 0.9600 0.9263 0.9620 0.9475 0.9540 0.9550 0.9440 0.9712 0.8640 0.9988 0.8060 0.9988 0.5520
0 0.8050 0.0960 0.8050 0.1000 0.8137 0.1100 0.8387 0.1140 0.8600 0.1240 0.8962 0.1760 0.9075 0.2020 0.9437 0.2460 0.9487 0.2640 0.9487 0.2740 0.9550 0.2840 0.9625 0.2740 0.9675 0.2580 0.9750 0.2140 0.9650 0.1980 0.9575 0.1640 0.9575 0.1480 0.9525 0.1300 0.9250 0.0860 0.9025 0.0680 0.8800 0.0660 0.8562 0.0840 0.8200 0.0900
0 0.7087 0.0000 0.7262 0.0160 0.7388 0.0380 0.7512 0.0480 0.7650 0.0640 0.7800 0.0760 0.8025 0.0880 0.8475 0.0840 0.8600 0.0780 0.8775 0.0640 0.8812 0.0580 0.8788 0.0440 0.8675 0.0280 0.8475 0.0140 0.8313 0.0140 0.8175 0.0040 0.8163 0.0000
0 0.6675 0.0100 0.6600 0.0220 0.6512 0.0520 0.6500 0.0900 0.6525 0.1020 0.6587 0.1120 0.6650 0.1160 0.6713 0.1280 0.6687 0.1660 0.6737 0.1700 0.6887 0.1960 0.7137 0.1840 0.7300 0.1840 0.7638 0.2000 0.7575 0.1740 0.7588 0.1500 0.7725 0.1300 0.7762 0.1200 0.7750 0.0940 0.7738 0.1000 0.7650 0.1120 0.7538 0.1160 0.7438 0.0840 0.7400 0.0500 0.7325 0.0300 0.7250 0.0180 0.7137 0.0080 0.6963 0.0040 0.6950 0.0000 0.6813 0.0000 0.6800 0.0040 0.6750 0.0040
0 0.6787 0.2080 0.6787 0.2260 0.7738 0.3500 0.7937 0.3880 0.8025 0.3980 0.8213 0.4060 0.8275 0.4160 0.8363 0.4720 0.8788 0.5500 0.8838 0.5520 0.9025 0.5240 0.9263 0.5040 0.9575 0.4980 0.9613 0.4800 0.9575 0.4620 0.9513 0.4520 0.9450 0.4260 0.9163 0.3740 0.7925 0.2560 0.7825 0.2300 0.7662 0.2080 0.7312 0.1880 0.7075 0.1900
0 0.5363 0.1920 0.5350 0.2020 0.5813 0.2560 0.6225 0.3680 0.6525 0.4220 0.6787 0.4440 0.6775 0.4680 0.6650 0.5140 0.6700 0.5500 0.6813 0.5540 0.7050 0.4860 0.7538 0.5220 0.8287 0.5520 0.8413 0.5500 0.8500 0.5400 0.8512 0.5300 0.8300 0.4700 0.8225 0.4160 0.7987 0.4020 0.7725 0.3520 0.6750 0.2260 0.6288 0.1840 0.5938 0.1640 0.5637 0.1640
0 0.3937 0.2460 0.4125 0.2680 0.4487 0.2620 0.4850 0.2700 0.4700 0.2980 0.4475 0.3140 0.4512 0.3560 0.4838 0.4120 0.4713 0.4460 0.4500 0.4740 0.4662 0.4780 0.5175 0.4620 0.6425 0.5420 0.6575 0.5580 0.6613 0.5540 0.6637 0.4900 0.6750 0.4480 0.6575 0.4380 0.6412 0.4180 0.6188 0.3680 0.5887 0.2780 0.5600 0.2320 0.5138 0.1860 0.4913 0.1740 0.4662 0.1720 0.4313 0.1940
0 0.6038 0.0520 0.5787 0.0660 0.5637 0.0640 0.5525 0.0520 0.5437 0.0140 0.5262 0.0360 0.5238 0.0560 0.5188 0.0620 0.4938 0.0620 0.4363 0.0980 0.3850 0.1160 0.3675 0.1120 0.3438 0.1160 0.3200 0.1360 0.3038 0.1620 0.2975 0.1800 0.2950 0.2200 0.3000 0.2320 0.3162 0.2380 0.3613 0.2340 0.3887 0.2440 0.4012 0.2340 0.4300 0.1920 0.4575 0.1720 0.4900 0.1700 0.5350 0.1840 0.5700 0.1520 0.5700 0.1180 0.5763 0.0920 0.6025 0.0620
0 0.3650 0.0960 0.3713 0.1100 0.3875 0.1120 0.4338 0.0960 0.4788 0.0700 0.4913 0.0600 0.4975 0.0460 0.5000 0.0320 0.5000 0.0120 0.4975 0.0000 0.4113 0.0000 0.4000 0.0200 0.3950 0.0320 0.3950 0.0360 0.3900 0.0440 0.3875 0.0440 0.3812 0.0520
0 0.2925 0.2400 0.2988 0.3240 0.2975 0.3760 0.2900 0.4260 0.2925 0.4300 0.3200 0.4340 0.3400 0.4560 0.3488 0.4600 0.4037 0.4580 0.4300 0.4640 0.4450 0.4520 0.4537 0.4300 0.4700 0.4120 0.4700 0.3920 0.4575 0.3760 0.4475 0.3540 0.4425 0.3140 0.4487 0.3040 0.4688 0.2960 0.4788 0.2720 0.4412 0.2660 0.4213 0.2740 0.4088 0.2720 0.3825 0.2460 0.3600 0.2380 0.3400 0.2420
0 0.2675 0.1880 0.2462 0.1700 0.1963 0.1740 0.1750 0.1920 0.1087 0.2900 0.0450 0.4240 0.0150 0.5420 0.0138 0.5920 0.0238 0.6640 0.0175 0.7300 0.0000 0.7400 0.0000 0.7900 0.0537 0.7640 0.1475 0.7400 0.1700 0.7180 0.1762 0.7040 0.1875 0.5820 0.2250 0.5180 0.2562 0.4260 0.2700 0.4820 0.2750 0.5360 0.2863 0.5360 0.2875 0.4180 0.2963 0.3560 0.2938 0.2680 0.2825 0.2120
0 0.0000 0.1360 0.0000 0.1480 0.0450 0.2140 0.0688 0.2220 0.0963 0.2200 0.1100 0.2300 0.1313 0.2120 0.1638 0.2000 0.1925 0.1720 0.2325 0.1640 0.2437 0.1440 0.2525 0.1520 0.2575 0.1760 0.2863 0.2100 0.2950 0.1800 0.2875 0.1500 0.2762 0.1320 0.2525 0.1120 0.1963 0.1140 0.1625 0.1040 0.1062 0.0740 0.0288 0.0640 0.0262 0.0700 0.0325 0.0820 0.0225 0.0940 0.0175 0.1140
0 0.0925 0.0000 0.0938 0.0100 0.0975 0.0200 0.1050 0.0260 0.1050 0.0340 0.1000 0.0520 0.1000 0.0660 0.1025 0.0700 0.1113 0.0720 0.1237 0.0820 0.1650 0.1020 0.1787 0.1040 0.1925 0.1100 0.2213 0.1120 0.2300 0.1060 0.2288 0.0860 0.2175 0.0500 0.2013 0.0300 0.1837 0.0160 0.1750 0.0000
0 0.2025 0.0260 0.2137 0.0380 0.2250 0.0600 0.2313 0.0640 0.2325 0.0680 0.2313 0.0900 0.2350 0.1040 0.2475 0.1040 0.2725 0.1240 0.2900 0.1500 0.2950 0.1640 0.2975 0.1660 0.3200 0.1320 0.3400 0.1140 0.3425 0.1060 0.3425 0.0600 0.3387 0.0460 0.3250 0.0240 0.3063 0.0040 0.3038 0.0040 0.3025 0.0000 0.2225 0.0000
