0 0.1588 0.0000 0.0762 0.0000 0.0550 0.0340 0.0525 0.0480 0.0475 0.0580 0.0450 0.0720 0.0537 0.0720 0.0575 0.0820 0.0575 0.0920 0.0500 0.1200 0.0500 0.1280 0.0537 0.1340 0.0675 0.1420 0.0725 0.1380 0.0875 0.1140 0.1175 0.0960 0.1263 0.0940 0.1325 0.0800 0.1462 0.0660 0.1525 0.0560 0.1588 0.0320 0.1600 0.0180
0 0.4075 0.6320 0.3900 0.6940 0.3887 0.7740 0.4088 0.8260 0.4225 0.9060 0.4387 0.9460 0.4525 0.9620 0.5200 0.9980 0.7625 0.9980 0.7588 0.9800 0.7338 0.9440 0.6887 0.9080 0.6550 0.8700 0.6538 0.8500 0.6100 0.7620 0.5913 0.6900 0.5687 0.6420 0.5288 0.5900 0.4988 0.5720 0.4662 0.5720 0.4338 0.5860
0 0.0000 0.7580 0.0163 0.8040 0.0462 0.6960 0.0912 0.6320 0.1400 0.6740 0.1775 0.6840 0.2950 0.6600 0.3237 0.7460 0.3200 0.8100 0.3312 0.8440 0.3525 0.8560 0.3563 0.7440 0.3675 0.7580 0.3725 0.8140 0.3925 0.8380 0.3975 0.8240 0.3837 0.7600 0.3875 0.6720 0.4300 0.5840 0.5025 0.5660 0.5250 0.5480 0.5225 0.5060 0.5075 0.4820 0.5288 0.4160 0.5012 0.4140 0.4662 0.4700 0.2150 0.3980 0.1075 0.3980 0.0413 0.4180 0.0000 0.4820
0 0.5000 0.1300 0.4863 0.1440 0.4675 0.2060 0.4213 0.2740 0.4200 0.3320 0.4263 0.3500 0.4350 0.3520 0.4250 0.3860 0.4250 0.4160 0.4325 0.4500 0.4675 0.4660 0.4688 0.4520 0.4825 0.4480 0.4850 0.4280 0.4975 0.4220 0.5012 0.4120 0.5262 0.4120 0.5300 0.4200 0.5188 0.4600 0.5088 0.4760 0.5188 0.4860 0.5262 0.5080 0.5288 0.5600 0.5225 0.5760 0.5513 0.6080 0.5663 0.6080 0.5900 0.5960 0.6062 0.5520 0.6100 0.5300 0.6088 0.4620 0.5887 0.3740 0.5463 0.2920 0.5500 0.2520 0.5450 0.2260 0.5563 0.2020 0.5625 0.1540 0.5500 0.1460 0.5238 0.1480
0 0.5637 0.2520 0.5513 0.2780 0.5513 0.2960 0.5837 0.3540 0.5988 0.3980 0.6112 0.4620 0.6150 0.5220 0.6550 0.5840 0.6800 0.6400 0.6725 0.7020 0.7000 0.7080 0.6887 0.7380 0.6937 0.7540 0.7250 0.7440 0.7400 0.7160 0.7800 0.7240 0.8287 0.7540 0.8425 0.7280 0.8275 0.6520 0.8137 0.6060 0.7987 0.5780 0.7950 0.5400 0.8087 0.5340 0.8150 0.5160 0.8063 0.4880 0.7662 0.4380 0.7288 0.4220 0.7137 0.3660 0.6813 0.3140 0.6787 0.2840 0.6587 0.2580 0.6088 0.2340 0.5837 0.2360
0 0.7288 0.2740 0.7137 0.3020 0.7075 0.3440 0.7300 0.4120 0.7688 0.4360 0.8075 0.4840 0.8163 0.5040 0.8163 0.5260 0.8050 0.5440 0.8050 0.5560 0.8350 0.6220 0.8738 0.6520 0.8762 0.7100 0.8825 0.7340 0.8962 0.7380 0.9050 0.7200 0.9062 0.6900 0.9325 0.6960 0.9762 0.7300 0.9838 0.7100 0.9788 0.6640 0.9650 0.6000 0.9537 0.5720 0.9563 0.5500 0.9300 0.4800 0.8838 0.4400 0.8650 0.3840 0.8287 0.3140 0.8100 0.2900 0.7625 0.2620 0.7450 0.2620
0 0.8800 0.2120 0.8725 0.2220 0.8575 0.2720 0.8525 0.3260 0.8562 0.3580 0.8750 0.3940 0.8900 0.4340 0.9187 0.4620 0.9375 0.4880 0.9587 0.5440 0.9600 0.5720 0.9663 0.5840 0.9712 0.6140 0.9750 0.6200 0.9988 0.6260 0.9988 0.3820 0.9762 0.3560 0.9712 0.3260 0.9437 0.2720 0.9425 0.2480 0.9287 0.2160 0.9150 0.2060 0.8925 0.2060
0 0.7450 0.1520 0.7475 0.1620 0.7588 0.1720 0.7775 0.1720 0.7850 0.1760 0.7688 0.1880 0.7600 0.2000 0.7462 0.2280 0.7438 0.2440 0.7500 0.2520 0.7612 0.2480 0.7662 0.2600 0.8013 0.2780 0.8275 0.3080 0.8425 0.3180 0.8488 0.3160 0.8462 0.2880 0.8625 0.2500 0.8700 0.2200 0.8800 0.2080 0.9025 0.2000 0.9050 0.1900 0.9025 0.1540 0.8938 0.1260 0.8775 0.1040 0.8650 0.0980 0.8438 0.0980 0.8263 0.1040 0.7875 0.1380
0 0.9062 0.1600 0.9075 0.1980 0.9100 0.2020 0.9150 0.2020 0.9250 0.2080 0.9375 0.2260 0.9450 0.2500 0.9475 0.2720 0.9700 0.3120 0.9788 0.3180 0.9938 0.3200 0.9988 0.3240 0.9988 0.2060 0.9850 0.1920 0.9725 0.1680 0.9600 0.1580 0.9350 0.1480 0.9263 0.1480
0 0.7875 0.0360 0.7825 0.0800 0.7762 0.1020 0.7775 0.1100 0.7850 0.1200 0.7925 0.1200 0.7987 0.1120 0.8087 0.1120 0.8337 0.0980 0.8612 0.0940 0.8762 0.1000 0.8862 0.1100 0.8962 0.1260 0.9062 0.1520 0.9225 0.1460 0.9387 0.1460 0.9663 0.1580 0.9862 0.1800 0.9938 0.1800 0.9962 0.1760 0.9962 0.1500 0.9900 0.1380 0.9838 0.1340 0.9600 0.0940 0.9237 0.0640 0.8287 0.0140 0.8163 0.0120 0.8037 0.0160
0 0.7175 0.0000 0.7150 0.0060 0.7150 0.0140 0.7163 0.0160 0.7175 0.0400 0.7188 0.0420 0.7188 0.0640 0.7200 0.0680 0.7300 0.0820 0.7325 0.0900 0.7325 0.0940 0.7362 0.1020 0.7450 0.1020 0.7500 0.0960 0.7525 0.0960 0.7600 0.0900 0.7675 0.0760 0.7700 0.0760 0.7712 0.0740 0.7788 0.0740 0.7800 0.0660 0.7825 0.0600 0.7825 0.0460 0.7837 0.0440 0.7837 0.0380 0.7863 0.0300 0.7913 0.0220 0.7913 0.0060 0.7900 0.0040 0.7900 0.0000
0 0.5787 0.0000 0.6062 0.0220 0.6238 0.0240 0.6362 0.0340 0.6438 0.0480 0.6525 0.0760 0.6587 0.0840 0.6625 0.0960 0.6713 0.1120 0.6775 0.1140 0.6850 0.1120 0.7050 0.0860 0.7175 0.1020 0.7275 0.1020 0.7262 0.0960 0.7275 0.0800 0.7238 0.0700 0.7175 0.0620 0.7163 0.0280 0.7100 0.0000
0 0.5000 0.0000 0.5100 0.0120 0.5312 0.0300 0.5437 0.0340 0.5550 0.0420 0.5675 0.0440 0.5800 0.0560 0.5913 0.0780 0.6000 0.0820 0.6062 0.0920 0.6088 0.1080 0.6125 0.1180 0.6138 0.1400 0.6338 0.1360 0.6412 0.1300 0.6500 0.1140 0.6512 0.0960 0.6488 0.0720 0.6350 0.0400 0.6275 0.0300 0.6200 0.0260 0.6062 0.0260 0.5800 0.0060 0.5713 0.0040 0.5700 0.0000
0 0.3962 0.0200 0.3962 0.0380 0.3987 0.0420 0.4150 0.0420 0.4325 0.0520 0.4512 0.0840 0.4575 0.1160 0.4800 0.1300 0.4900 0.1320 0.4988 0.1240 0.5100 0.1240 0.5212 0.1420 0.5337 0.1460 0.5487 0.1420 0.5650 0.1500 0.5725 0.1640 0.5887 0.1660 0.5950 0.1620 0.5975 0.1440 0.6100 0.1220 0.6038 0.0900 0.5913 0.0800 0.5737 0.0520 0.5138 0.0220 0.4938 0.0000 0.4037 0.0000
0 0.4512 0.0900 0.4387 0.0640 0.4225 0.0480 0.3925 0.0460 0.3738 0.0580 0.3525 0.0920 0.3438 0.1160 0.3038 0.1680 0.2612 0.2560 0.2250 0.3020 0.2225 0.3200 0.2250 0.3240 0.2387 0.3200 0.2712 0.2800 0.2737 0.2920 0.2637 0.3260 0.2637 0.3380 0.2737 0.3500 0.2838 0.3500 0.3000 0.3360 0.3350 0.3240 0.3725 0.2960 0.3875 0.2740 0.3962 0.2480 0.3975 0.1900 0.4062 0.1520 0.4225 0.1260 0.4537 0.1180
0 0.3900 0.0160 0.3812 0.0000 0.3212 0.0000 0.3038 0.0240 0.2925 0.0480 0.2575 0.0780 0.2162 0.1440 0.1850 0.1760 0.1812 0.1900 0.1837 0.1940 0.1913 0.1940 0.2050 0.1880 0.2075 0.1960 0.2112 0.1980 0.2475 0.1900 0.2562 0.2180 0.2625 0.2220 0.2750 0.2180 0.3187 0.1400 0.3438 0.1100 0.3475 0.0960 0.3688 0.0600 0.3925 0.0420
0 0.1787 0.1080 0.1688 0.1020 0.1225 0.0980 0.0950 0.1120 0.0788 0.1320 0.0712 0.1600 0.0450 0.2220 0.0437 0.2640 0.0400 0.2800 0.0400 0.2960 0.0475 0.3240 0.0488 0.3520 0.0638 0.4000 0.1288 0.3880 0.1475 0.3720 0.1600 0.3500 0.1638 0.3500 0.1737 0.3700 0.1862 0.3660 0.2013 0.3080 0.1963 0.3000 0.1775 0.3040 0.1713 0.2960 0.1625 0.2380 0.1787 0.1940 0.1812 0.1480 0.1925 0.1340
