0 0.7338 0.3500 0.7037 0.3240 0.6613 0.3180 0.6038 0.3700 0.5075 0.3900 0.4612 0.4360 0.4363 0.4400 0.4200 0.4800 0.4213 0.5020 0.4313 0.5120 0.4325 0.5220 0.4213 0.6080 0.4375 0.6200 0.4325 0.6460 0.4462 0.6460 0.4800 0.6180 0.5363 0.5920 0.5587 0.5500 0.6562 0.5340 0.6825 0.5180 0.7025 0.4940 0.7238 0.4840 0.7375 0.4640 0.7450 0.4260 0.7438 0.3880
0 0.7350 0.3440 0.7462 0.3840 0.7800 0.4240 0.8037 0.4700 0.8213 0.4880 0.8337 0.4920 0.8825 0.5700 0.9012 0.5840 0.9012 0.6080 0.8962 0.6180 0.8575 0.6080 0.8438 0.6200 0.8488 0.6340 0.9200 0.6640 0.9337 0.6320 0.9663 0.6500 0.9988 0.6440 0.9988 0.4900 0.9637 0.4300 0.8638 0.3340 0.8063 0.3040 0.7788 0.2800 0.7675 0.2840 0.7650 0.2920 0.7700 0.3020 0.7550 0.3260
0 0.4288 0.1560 0.3912 0.1620 0.3638 0.1980 0.3513 0.2360 0.3463 0.2840 0.3337 0.3120 0.3300 0.3400 0.3337 0.3740 0.3488 0.4080 0.3450 0.4360 0.3600 0.4460 0.3650 0.4420 0.3800 0.4680 0.3912 0.4720 0.3962 0.4640 0.4000 0.4720 0.4125 0.4800 0.4200 0.4720 0.4338 0.4380 0.4313 0.3800 0.4350 0.3760 0.4387 0.3920 0.4437 0.3960 0.4550 0.3880 0.4562 0.3640 0.4475 0.3200 0.4612 0.2780 0.4688 0.2840 0.4788 0.3040 0.4925 0.3040 0.4850 0.2700 0.4750 0.2480 0.4650 0.2020 0.4475 0.1700
0 0.3287 0.1560 0.3088 0.1400 0.2825 0.1400 0.2637 0.1480 0.2537 0.1640 0.2375 0.2100 0.2400 0.2940 0.2275 0.3340 0.2188 0.3820 0.1925 0.4400 0.1925 0.4540 0.2013 0.4580 0.2125 0.4460 0.2225 0.4180 0.2362 0.3960 0.2437 0.4200 0.2462 0.4740 0.2687 0.4820 0.2787 0.4500 0.3063 0.4060 0.3113 0.4260 0.3137 0.4740 0.3287 0.4740 0.3262 0.3940 0.3312 0.3780 0.3287 0.3260 0.3312 0.3060 0.3425 0.2800 0.3538 0.2160 0.3513 0.2000
0 0.1875 0.2720 0.1787 0.2580 0.1550 0.2360 0.1263 0.2200 0.0900 0.2240 0.0238 0.2540 0.0000 0.2580 0.0000 0.4160 0.0338 0.4180 0.0600 0.4100 0.0638 0.4220 0.0813 0.4220 0.0963 0.4160 0.1138 0.4180 0.1313 0.4100 0.1350 0.4040 0.1350 0.3800 0.1650 0.3620 0.1888 0.3160 0.1900 0.2840
0 0.2350 0.0820 0.2275 0.0800 0.2025 0.0840 0.1837 0.0980 0.1787 0.1060 0.1688 0.1320 0.1663 0.1580 0.1575 0.1840 0.1500 0.2220 0.1525 0.2300 0.1737 0.2480 0.1888 0.2680 0.1925 0.2800 0.1950 0.3000 0.1975 0.3040 0.2112 0.3060 0.2188 0.3000 0.2275 0.2780 0.2300 0.2620 0.2300 0.2320 0.2325 0.2100 0.2550 0.1540 0.2612 0.1440 0.2600 0.1280 0.2512 0.1040
0 0.1750 0.0340 0.1663 0.0280 0.1537 0.0280 0.1400 0.0480 0.1338 0.0520 0.1200 0.0760 0.1075 0.1200 0.1000 0.1320 0.0800 0.1500 0.0650 0.1760 0.0437 0.1980 0.0300 0.2260 0.0325 0.2400 0.0425 0.2420 0.0800 0.2240 0.1050 0.2180 0.1325 0.2180 0.1462 0.2220 0.1512 0.2080 0.1562 0.1780 0.1638 0.1580 0.1663 0.1320 0.1800 0.0960 0.1775 0.0760 0.1775 0.0400
0 0.1750 0.0260 0.1800 0.0460 0.1800 0.0760 0.1837 0.0900 0.1888 0.0900 0.2050 0.0800 0.2362 0.0800 0.2537 0.1040 0.2650 0.1400 0.2825 0.1360 0.3100 0.1360 0.3187 0.1420 0.3412 0.1400 0.3475 0.1340 0.3475 0.1260 0.3337 0.0840 0.3325 0.0720 0.3237 0.0600 0.2900 0.0500 0.2700 0.0400 0.2288 0.0320 0.2013 0.0180 0.1850 0.0180
0 0.1588 0.0080 0.1537 0.0000 0.1275 0.0000 0.1263 0.0040 0.1225 0.0040 0.0938 0.0260 0.0688 0.0680 0.0512 0.0800 0.0312 0.0840 0.0187 0.0960 0.0112 0.1080 0.0000 0.1360 0.0000 0.2140 0.0075 0.2200 0.0238 0.2200 0.0300 0.2160 0.0413 0.1980 0.0612 0.1760 0.0800 0.1460 0.1000 0.1280 0.1062 0.1180 0.1100 0.1000 0.1237 0.0620 0.1437 0.0280 0.1550 0.0200 0.1588 0.0140
0 0.2238 0.0200 0.2263 0.0260 0.2338 0.0300 0.2750 0.0380 0.2913 0.0480 0.3287 0.0580 0.3375 0.0700 0.3412 0.0980 0.3500 0.1160 0.3762 0.1240 0.3850 0.1240 0.3950 0.1160 0.3987 0.1200 0.4462 0.1260 0.4525 0.1180 0.4525 0.1100 0.4425 0.0840 0.4437 0.0500 0.4350 0.0340 0.4263 0.0280 0.3738 0.0120 0.2938 0.0080 0.2812 0.0040 0.2800 0.0000 0.2375 0.0000
0 0.7975 0.1380 0.7863 0.1600 0.7712 0.2240 0.7750 0.2500 0.7788 0.2560 0.7863 0.2580 0.8013 0.2900 0.8087 0.2980 0.8512 0.3200 0.9050 0.3700 0.9125 0.3720 0.9175 0.3660 0.9300 0.3640 0.9337 0.3580 0.9237 0.3220 0.9187 0.2700 0.9075 0.2480 0.8900 0.2320 0.8825 0.2020 0.8712 0.1740 0.8500 0.1460 0.8250 0.1300 0.8075 0.1300
