0 0.1676 0.1441 0.1250 0.1771 0.0895 0.2882 0.0511 0.3524 0.0582 0.3872 0.0668 0.3872 0.1009 0.3177 0.0795 0.4913 0.0625 0.5469 0.0440 0.5608 0.0582 0.5955 0.0355 0.6580 0.0369 0.6736 0.0483 0.6753 0.0753 0.6406 0.0866 0.6493 0.1179 0.7691 0.1506 0.8472 0.1605 0.8542 0.1761 0.8438 0.1733 0.7986 0.1776 0.7934 0.1989 0.8056 0.2031 0.7951 0.1875 0.6580 0.1634 0.6302 0.1548 0.6007 0.1705 0.5365 0.2045 0.2396 0.1989 0.1823 0.1861 0.1545
0 0.2528 0.0035 0.1577 0.0035 0.1236 0.0660 0.1193 0.0851 0.1080 0.0816 0.1051 0.0903 0.0938 0.0990 0.0938 0.1128 0.1023 0.1233 0.1065 0.1354 0.0952 0.1806 0.0781 0.2257 0.0838 0.2465 0.0909 0.2483 0.1136 0.1910 0.1335 0.1580 0.1463 0.1562 0.1591 0.1424 0.1733 0.1424 0.1903 0.1510 0.1989 0.1406 0.2060 0.1233 0.2145 0.0833 0.2500 0.0226 0.2543 0.0104
0 0.1477 0.0035 0.0909 0.0035 0.0682 0.0625 0.0611 0.0747 0.0540 0.0938 0.0497 0.1181 0.0384 0.1441 0.0298 0.2066 0.0384 0.1892 0.0483 0.1858 0.0540 0.1979 0.0554 0.2309 0.0597 0.2361 0.0653 0.2361 0.0739 0.2274 0.0795 0.2049 0.0923 0.1788 0.0994 0.1545 0.1023 0.1250 0.0923 0.1111 0.0923 0.1024 0.1051 0.0885 0.1080 0.0799 0.1151 0.0799 0.1491 0.0087
0 0.9602 0.3368 0.9261 0.2986 0.8793 0.2830 0.8665 0.2882 0.8707 0.3177 0.8892 0.3611 0.8892 0.3854 0.8835 0.4080 0.8665 0.4219 0.8722 0.4688 0.8608 0.4861 0.8168 0.4149 0.7741 0.3785 0.7145 0.3073 0.6634 0.2951 0.6406 0.3090 0.6307 0.3212 0.6875 0.5660 0.7287 0.5330 0.7798 0.5052 0.8736 0.4983 0.9389 0.4688 0.9460 0.4479 0.9716 0.4375 0.9759 0.4271
0 0.6122 0.0538 0.6889 0.0764 0.7557 0.1042 0.8182 0.1806 0.8281 0.1875 0.8423 0.1858 0.8509 0.1927 0.8693 0.2240 0.8764 0.2778 0.9233 0.2917 0.9460 0.2847 0.9503 0.2691 0.9460 0.2535 0.9361 0.2413 0.9290 0.1997 0.9176 0.1927 0.9205 0.1806 0.9332 0.1736 0.9105 0.1424 0.9020 0.1424 0.8920 0.1615 0.8636 0.1337 0.8452 0.1233 0.7983 0.1128 0.7372 0.0833 0.6790 0.0278 0.6562 0.0260 0.6335 0.0330
0 0.3480 0.0052 0.3040 0.0052 0.2685 0.0365 0.2173 0.1684 0.1733 0.5417 0.1577 0.5990 0.1619 0.6233 0.1747 0.6372 0.1903 0.6319 0.2045 0.7378 0.2273 0.7274 0.2145 0.6632 0.2358 0.6562 0.2514 0.6684 0.2812 0.5851 0.3068 0.5399 0.3494 0.5538 0.4148 0.6302 0.4261 0.6111 0.4190 0.5469 0.4034 0.5260 0.3764 0.5243 0.3324 0.4115 0.3324 0.3594 0.3636 0.2465 0.3494 0.1649 0.3509 0.1163 0.3793 0.0451 0.3693 0.0208
0 0.9517 0.7309 0.9261 0.7135 0.9034 0.7101 0.8594 0.7378 0.7955 0.8177 0.7599 0.8785 0.7315 0.9097 0.6847 0.9427 0.6491 0.9948 0.9190 0.9948 0.9403 0.9410 0.9574 0.8750 0.9645 0.8281 0.9616 0.7674
0 0.9872 0.5017 0.9702 0.5000 0.9432 0.4792 0.9276 0.4792 0.8736 0.5035 0.7926 0.5052 0.7358 0.5330 0.6918 0.5747 0.6847 0.6858 0.7031 0.7656 0.6946 0.8264 0.7116 0.8837 0.7386 0.8837 0.7528 0.8750 0.7599 0.8628 0.7571 0.8542 0.7884 0.7934 0.8125 0.7865 0.8537 0.7378 0.8849 0.7153 0.9077 0.7049 0.9545 0.7240 0.9545 0.6667 0.9872 0.5642 0.9915 0.5243
0 0.0412 0.0920 0.0241 0.0938 0.0000 0.1285 0.0000 0.4844 0.0114 0.4792 0.0384 0.4497 0.0540 0.3993 0.0540 0.3854 0.0483 0.3819 0.0384 0.4080 0.0327 0.4132 0.0156 0.3906 0.0355 0.3160 0.0440 0.2604 0.0426 0.2031 0.0327 0.2049 0.0298 0.2014 0.0355 0.1441 0.0469 0.1146 0.0469 0.0972
0 0.0824 0.0035 0.0696 0.0035 0.0682 0.0017 0.0668 0.0035 0.0625 0.0035 0.0611 0.0017 0.0568 0.0017 0.0554 0.0035 0.0540 0.0017 0.0511 0.0035 0.0469 0.0035 0.0455 0.0017 0.0426 0.0035 0.0355 0.0035 0.0312 0.0087 0.0284 0.0156 0.0000 0.0486 0.0000 0.1233 0.0099 0.1059 0.0213 0.0938 0.0312 0.0885 0.0384 0.0885 0.0483 0.0938 0.0526 0.0903 0.0597 0.0712 0.0653 0.0625 0.0795 0.0260 0.0838 0.0104 0.0838 0.0052
