0 0.9000 0.6560 0.8812 0.6760 0.8788 0.6960 0.8800 0.7340 0.8838 0.7560 0.8900 0.7700 0.8888 0.8060 0.8938 0.8580 0.8962 0.8640 0.9038 0.8580 0.9087 0.8640 0.9125 0.8920 0.9125 0.9200 0.9075 0.9440 0.8912 0.9880 0.8925 0.9980 0.9988 0.9980 0.9988 0.6860 0.9775 0.6580 0.9587 0.6460 0.9237 0.6460
0 0.7788 0.2400 0.7588 0.2600 0.7525 0.2760 0.7750 0.3520 0.7750 0.3840 0.7700 0.4200 0.7762 0.4300 0.7987 0.4400 0.8125 0.4580 0.8213 0.4820 0.8200 0.5060 0.8400 0.5360 0.8538 0.5900 0.8762 0.6480 0.8838 0.6560 0.8975 0.6520 0.9025 0.6440 0.9087 0.6000 0.9175 0.5840 0.9375 0.5220 0.9437 0.4560 0.9363 0.4520 0.9225 0.4620 0.9125 0.4260 0.8862 0.3780 0.8675 0.3120 0.8387 0.2560 0.8213 0.2380 0.8075 0.2320
0 0.7362 0.0300 0.7288 0.0120 0.7175 0.0040 0.7163 0.0000 0.6813 0.0000 0.6700 0.0200 0.6525 0.0340 0.6438 0.0540 0.6338 0.0600 0.6200 0.0760 0.5988 0.0900 0.5875 0.1020 0.5875 0.1080 0.5938 0.1100 0.6075 0.1060 0.6312 0.1180 0.6375 0.1240 0.6425 0.1440 0.6500 0.1580 0.6675 0.1440 0.6800 0.1400 0.6913 0.1280 0.7037 0.1200 0.7063 0.1140 0.7025 0.1020 0.7063 0.0820 0.7137 0.0720 0.7375 0.0600 0.7388 0.0480
0 0.7362 0.5760 0.7238 0.5720 0.7150 0.5780 0.6825 0.6380 0.6150 0.7180 0.6000 0.7560 0.5900 0.8220 0.5513 0.8780 0.5275 0.9380 0.5200 0.9980 0.7325 0.9980 0.7325 0.8980 0.7288 0.8900 0.6963 0.8940 0.6937 0.8840 0.6987 0.8560 0.7250 0.8260 0.7225 0.7740 0.7275 0.7600 0.7438 0.7600 0.7788 0.7420 0.7975 0.7220 0.7937 0.7040 0.7837 0.6900 0.7575 0.6820 0.7488 0.6680
0 0.7738 0.1060 0.7600 0.0740 0.7450 0.0660 0.7275 0.0680 0.7125 0.0760 0.7075 0.0840 0.7063 0.1060 0.7113 0.1140 0.7075 0.1220 0.6925 0.1300 0.6837 0.1420 0.6650 0.1480 0.6250 0.1820 0.5988 0.1900 0.5988 0.1960 0.6062 0.2040 0.6262 0.2080 0.6787 0.2380 0.7262 0.2380 0.7388 0.2240 0.7550 0.2140 0.7675 0.1940 0.7725 0.1720 0.7712 0.1280
0 0.7425 0.5140 0.7275 0.5360 0.7225 0.5580 0.7400 0.5780 0.7500 0.6620 0.7562 0.6740 0.7775 0.6820 0.7937 0.6980 0.8000 0.7280 0.7812 0.7460 0.7662 0.7740 0.7300 0.7640 0.7262 0.8000 0.7325 0.8280 0.7025 0.8520 0.6975 0.8860 0.7312 0.8840 0.7400 0.9140 0.7612 0.9280 0.7588 0.9740 0.7638 0.9980 0.8788 0.9980 0.9038 0.9480 0.9087 0.8840 0.9038 0.8680 0.8912 0.8720 0.8725 0.6460 0.8462 0.5860 0.8063 0.5420 0.7700 0.5160
0 0.1500 0.2300 0.1425 0.2220 0.1275 0.1880 0.1150 0.1780 0.1000 0.1740 0.0862 0.1760 0.0650 0.2000 0.0512 0.2040 0.0213 0.2200 0.0000 0.2400 0.0000 0.3540 0.0338 0.3400 0.0775 0.3300 0.0912 0.3200 0.1037 0.3000 0.1225 0.2840 0.1313 0.2700 0.1363 0.2540 0.1500 0.2340
0 0.0050 0.0360 0.0025 0.0540 0.0037 0.0720 0.0025 0.0820 0.0000 0.0840 0.0000 0.1320 0.0200 0.1420 0.0325 0.1640 0.0400 0.1700 0.0525 0.1740 0.0750 0.1700 0.1000 0.1700 0.1150 0.1740 0.1288 0.1720 0.1400 0.1600 0.1512 0.1380 0.1600 0.1320 0.1537 0.1000 0.1487 0.0880 0.1338 0.0680 0.1250 0.0640 0.0862 0.0660 0.0650 0.0600 0.0563 0.0520 0.0550 0.0420 0.0512 0.0340 0.0450 0.0320 0.0375 0.0400 0.0213 0.0400 0.0175 0.0340
0 0.5025 0.0460 0.4975 0.0360 0.4838 0.0280 0.4700 0.0280 0.4425 0.0140 0.4238 0.0160 0.3550 0.0760 0.3563 0.0860 0.3688 0.0820 0.3762 0.0740 0.3787 0.0780 0.3700 0.0980 0.3300 0.1320 0.2938 0.1380 0.2913 0.1440 0.2925 0.1660 0.3050 0.1760 0.3387 0.1740 0.3663 0.1840 0.3887 0.1620 0.4250 0.1360 0.4375 0.1180 0.4650 0.1020 0.4713 0.0940 0.4725 0.0740 0.4675 0.0660 0.4562 0.0620 0.4500 0.0540 0.4500 0.0440 0.4537 0.0380 0.5012 0.0540
0 0.5875 0.1380 0.5837 0.1320 0.5188 0.1440 0.5112 0.1480 0.4950 0.1700 0.4512 0.1980 0.4363 0.2140 0.4050 0.2700 0.3975 0.2980 0.3975 0.3380 0.4100 0.3720 0.4213 0.3840 0.4625 0.3840 0.4750 0.3740 0.4788 0.3860 0.4863 0.3880 0.5112 0.3440 0.5437 0.3220 0.5525 0.3060 0.5600 0.2720 0.5800 0.2740 0.5875 0.2700 0.6025 0.2400 0.6125 0.2320 0.6150 0.2220 0.6075 0.2140 0.5925 0.2120 0.5887 0.2060 0.5837 0.1860 0.5837 0.1760 0.5913 0.1700
0 0.5775 0.0960 0.5637 0.0920 0.5312 0.0660 0.4550 0.0440 0.4562 0.0580 0.4800 0.0760 0.4813 0.0900 0.4763 0.0980 0.4412 0.1180 0.4275 0.1380 0.3837 0.1700 0.3525 0.2020 0.3125 0.1980 0.3113 0.2200 0.3175 0.2300 0.3300 0.2360 0.3425 0.2320 0.3738 0.2360 0.4075 0.2600 0.4412 0.2040 0.4975 0.1640 0.5125 0.1440 0.5463 0.1320 0.5713 0.1340 0.5813 0.1280
0 0.7438 0.2540 0.7137 0.2400 0.6987 0.2400 0.6538 0.2640 0.6188 0.2720 0.6162 0.2760 0.6262 0.2880 0.6663 0.2880 0.6687 0.2960 0.6538 0.3200 0.6362 0.3140 0.5887 0.3160 0.5863 0.3200 0.5887 0.3360 0.6312 0.3400 0.6438 0.3480 0.6375 0.3740 0.6038 0.3980 0.6175 0.4160 0.6800 0.4020 0.7212 0.4000 0.7425 0.4120 0.7588 0.4360 0.7612 0.4340 0.7725 0.3840 0.7725 0.3520 0.7450 0.2700
0 0.0000 0.5840 0.0000 0.9980 0.0887 0.9980 0.0838 0.9700 0.0550 0.9220 0.0512 0.9080 0.0675 0.8520 0.0712 0.7620 0.0875 0.7920 0.1013 0.8560 0.1075 0.8660 0.1187 0.8620 0.1187 0.8220 0.1075 0.7900 0.1025 0.7440 0.0912 0.7240 0.0663 0.6400 0.0512 0.6060 0.0262 0.5840
