0 0.9263 0.3080 0.9062 0.3220 0.9150 0.3420 0.8962 0.3620 0.8625 0.4180 0.8588 0.4460 0.8700 0.4740 0.8862 0.4780 0.8988 0.4940 0.9025 0.5080 0.9025 0.5620 0.9125 0.6080 0.9363 0.6340 0.9375 0.6420 0.9700 0.6960 0.9988 0.7540 0.9988 0.3820 0.9663 0.3340 0.9350 0.3080
0 0.7250 0.2280 0.7262 0.2340 0.7712 0.2360 0.8075 0.2600 0.8363 0.2940 0.8450 0.3200 0.8488 0.3540 0.8625 0.3540 0.8812 0.3640 0.8925 0.3600 0.9038 0.3440 0.9050 0.3340 0.9000 0.3260 0.9025 0.3180 0.9250 0.3040 0.9363 0.3040 0.9463 0.3100 0.9563 0.2920 0.9725 0.2800 0.9675 0.2540 0.9587 0.2380 0.9275 0.2180 0.9125 0.2180 0.8938 0.2300 0.8250 0.2260 0.8075 0.2220 0.7825 0.2080 0.7500 0.2060 0.7375 0.2120
0 0.5387 0.0360 0.5325 0.0820 0.5325 0.1160 0.5387 0.1600 0.5513 0.1640 0.5625 0.1580 0.5837 0.1580 0.6175 0.1800 0.6325 0.1980 0.6538 0.1920 0.6675 0.2300 0.6687 0.2460 0.7075 0.2260 0.7400 0.1760 0.7462 0.1560 0.7512 0.1140 0.7562 0.1020 0.7538 0.0960 0.7412 0.0880 0.7325 0.0680 0.7087 0.0340 0.6663 0.0000 0.5575 0.0000
0 0.8037 0.0160 0.7975 0.0260 0.7850 0.0840 0.7850 0.1080 0.7887 0.1220 0.8063 0.1440 0.8325 0.1840 0.8600 0.1920 0.8700 0.1920 0.8950 0.2080 0.9000 0.2080 0.9025 0.2020 0.9012 0.1800 0.8862 0.1500 0.8800 0.1320 0.8775 0.1100 0.8775 0.0900 0.8812 0.0880 0.8938 0.0920 0.8962 0.0900 0.8950 0.0780 0.8588 0.0260 0.8438 0.0120 0.8337 0.0080 0.8175 0.0080
0 0.8875 0.1160 0.8838 0.1240 0.8875 0.1420 0.8962 0.1540 0.9000 0.1700 0.9075 0.1880 0.9137 0.1980 0.9237 0.2000 0.9275 0.2140 0.9450 0.2220 0.9587 0.2340 0.9688 0.2500 0.9738 0.2660 0.9762 0.2840 0.9875 0.2960 0.9988 0.3000 0.9988 0.1540 0.9950 0.1520 0.9688 0.1140 0.9537 0.1020 0.9300 0.1000 0.9137 0.0920 0.9075 0.0920 0.8938 0.1140
0 0.3937 0.0160 0.3837 0.0060 0.3787 0.0100 0.3400 0.0120 0.3125 0.0240 0.2925 0.0440 0.2637 0.0580 0.2375 0.0560 0.2188 0.0680 0.2037 0.0880 0.1975 0.1060 0.1975 0.1280 0.2087 0.1980 0.2162 0.2080 0.2200 0.2060 0.2275 0.1620 0.2437 0.1360 0.2625 0.1200 0.2850 0.1120 0.3050 0.1140 0.3425 0.1000 0.3925 0.0940 0.3987 0.0840 0.4025 0.0600 0.4012 0.0480 0.3950 0.0360
0 0.1625 0.0500 0.1537 0.0500 0.1338 0.0580 0.1225 0.0740 0.1250 0.0880 0.1175 0.1240 0.1175 0.1400 0.1200 0.1500 0.0925 0.1880 0.0887 0.2020 0.0887 0.2160 0.1100 0.2200 0.1225 0.2300 0.1350 0.2500 0.1437 0.2740 0.1500 0.3000 0.1525 0.3020 0.1663 0.2940 0.1737 0.2840 0.1988 0.2280 0.2025 0.2140 0.2025 0.1700 0.1938 0.1160 0.1963 0.0900 0.1925 0.0700 0.1900 0.0640 0.1812 0.0560
0 0.0500 0.0440 0.0275 0.0440 0.0125 0.0560 0.0000 0.0760 0.0000 0.2460 0.0075 0.2480 0.0138 0.2540 0.0175 0.2540 0.0312 0.2420 0.0450 0.2420 0.0600 0.2280 0.0788 0.2180 0.0825 0.2120 0.0875 0.1920 0.0963 0.1740 0.0963 0.1460 0.0875 0.1160 0.0825 0.1040 0.0650 0.0780 0.0563 0.0500
0 0.4475 0.2500 0.4213 0.2280 0.3887 0.2240 0.3588 0.2380 0.3262 0.2820 0.3125 0.3140 0.3050 0.3760 0.2875 0.4140 0.2775 0.4840 0.2338 0.5520 0.2462 0.5580 0.2625 0.5520 0.2650 0.5600 0.2487 0.6100 0.2175 0.6660 0.2162 0.6840 0.2300 0.6920 0.2525 0.6620 0.2863 0.5700 0.3013 0.5920 0.3137 0.6780 0.3225 0.6680 0.3350 0.5980 0.3463 0.5760 0.3575 0.5740 0.3850 0.6060 0.4062 0.5920 0.4125 0.4960 0.4350 0.4560 0.4412 0.4680 0.4562 0.4660 0.4700 0.4560 0.4813 0.4280 0.4813 0.3860 0.4700 0.3740 0.4550 0.3760 0.4525 0.3600 0.4550 0.3500 0.4813 0.3360 0.4813 0.3220
0 0.5288 0.0960 0.5112 0.1080 0.4662 0.0920 0.4225 0.1020 0.3613 0.1000 0.3025 0.1180 0.2675 0.1200 0.2500 0.1320 0.2313 0.1580 0.2238 0.1840 0.2225 0.2200 0.2475 0.2460 0.2562 0.2280 0.2500 0.2220 0.2500 0.2040 0.2775 0.1840 0.2787 0.1740 0.2675 0.1700 0.2825 0.1600 0.3063 0.1680 0.3488 0.1520 0.3787 0.1520 0.5050 0.1760 0.5337 0.1760 0.5363 0.1640
0 0.0688 0.0060 0.0688 0.0440 0.0725 0.0620 0.0838 0.0760 0.0988 0.0820 0.1163 0.0820 0.1200 0.0780 0.1212 0.0680 0.1338 0.0540 0.1500 0.0480 0.1663 0.0480 0.1888 0.0580 0.2025 0.0580 0.2125 0.0620 0.2225 0.0620 0.2313 0.0540 0.2550 0.0520 0.2362 0.0160 0.2188 0.0040 0.2175 0.0000 0.0700 0.0000
0 0.2400 0.2700 0.2487 0.2880 0.2750 0.2880 0.2913 0.3000 0.3125 0.3040 0.3550 0.2380 0.3775 0.2240 0.4050 0.2200 0.4263 0.2280 0.4500 0.2500 0.4850 0.3200 0.5175 0.3240 0.5463 0.2880 0.5613 0.2780 0.6288 0.2660 0.6338 0.2580 0.6350 0.2100 0.6100 0.1780 0.5813 0.1660 0.5312 0.1820 0.4213 0.1600 0.3513 0.1540 0.2863 0.1720 0.2775 0.1920 0.2575 0.1980 0.2525 0.2080 0.2587 0.2320
0 0.8325 0.5920 0.7662 0.5160 0.7212 0.4320 0.6925 0.4160 0.6412 0.4240 0.5325 0.4820 0.3912 0.6100 0.3800 0.6120 0.3563 0.5780 0.3450 0.5820 0.3187 0.6840 0.2787 0.6960 0.3113 0.7340 0.3075 0.7900 0.2875 0.8420 0.2988 0.8680 0.3225 0.8700 0.4213 0.8220 0.4400 0.9440 0.4550 0.9720 0.4662 0.9440 0.4600 0.8800 0.4900 0.8020 0.5012 0.7940 0.5587 0.9380 0.5813 0.9600 0.5913 0.9300 0.5600 0.8600 0.5537 0.7660 0.6613 0.7020 0.7087 0.6100 0.8063 0.6300
0 0.1113 0.2240 0.0862 0.2200 0.0537 0.2380 0.0238 0.2720 0.0000 0.3200 0.0000 0.6540 0.0288 0.6380 0.0512 0.5980 0.0550 0.6020 0.0563 0.6340 0.0775 0.6500 0.0813 0.5980 0.0775 0.5220 0.1113 0.4520 0.1263 0.3960 0.1300 0.3600 0.1475 0.3880 0.1588 0.4300 0.1650 0.4360 0.1775 0.4300 0.1688 0.3700 0.1562 0.3380 0.1375 0.2620 0.1225 0.2340
0 0.0000 0.6600 0.0000 0.9980 0.1237 0.9980 0.1263 0.9080 0.1187 0.8220 0.1487 0.8480 0.1888 0.9180 0.2087 0.9280 0.2188 0.9220 0.2175 0.9020 0.1800 0.8400 0.1663 0.8020 0.1487 0.7840 0.0737 0.6600 0.0437 0.6420 0.0175 0.6460
0 0.8438 0.3260 0.8337 0.2940 0.8187 0.2740 0.7875 0.2480 0.7588 0.2360 0.7037 0.2380 0.6150 0.2780 0.5625 0.2820 0.5450 0.2940 0.5138 0.3440 0.5000 0.3320 0.4637 0.3540 0.4875 0.3760 0.4838 0.4340 0.4625 0.5020 0.4725 0.5180 0.4838 0.5180 0.5463 0.4680 0.6663 0.4120 0.7037 0.4160 0.7362 0.4420 0.7712 0.4120 0.7762 0.4360 0.7512 0.4640 0.7600 0.4860 0.7688 0.4860 0.8063 0.4600 0.8113 0.4320 0.8350 0.4060 0.8438 0.3740
0 0.7800 0.6760 0.7562 0.7400 0.7600 0.7740 0.7575 0.8420 0.7688 0.8500 0.7738 0.8660 0.7863 0.8640 0.8087 0.8360 0.8137 0.8200 0.8187 0.8840 0.8287 0.9420 0.8562 0.9940 0.9988 0.9980 0.9988 0.7720 0.9675 0.6980 0.9400 0.6520 0.9087 0.6180 0.8775 0.5980 0.8712 0.5760 0.8650 0.5960 0.8475 0.5980 0.8187 0.6200
