0 0.9872 0.2396 0.9659 0.2448 0.9290 0.2222 0.9219 0.2014 0.8920 0.2049 0.8807 0.2535 0.8395 0.2917 0.8068 0.3542 0.7585 0.3750 0.6847 0.4444 0.6577 0.5399 0.6605 0.5625 0.7344 0.5955 0.7756 0.6302 0.8040 0.6181 0.8608 0.5694 0.9134 0.4826 0.9347 0.4271 0.9773 0.3524 0.9844 0.3177 0.9787 0.2882 0.9915 0.2691
0 0.0000 0.7552 0.0000 0.9965 0.3395 0.9965 0.3466 0.9896 0.3580 0.9375 0.3523 0.8785 0.3281 0.8524 0.2969 0.7986 0.2741 0.7760 0.2599 0.7708 0.2344 0.7708 0.2074 0.7795 0.1605 0.7760 0.0710 0.8003 0.0668 0.7795 0.0838 0.7726 0.0469 0.7413 0.0327 0.7413
0 0.9986 0.8142 0.9716 0.8194 0.8977 0.7240 0.8594 0.6875 0.8438 0.6337 0.8338 0.6684 0.8125 0.6632 0.8423 0.7188 0.8409 0.7656 0.8253 0.7778 0.7472 0.7865 0.5597 0.8385 0.4915 0.8299 0.3736 0.8542 0.3935 0.8733 0.4162 0.9184 0.4233 0.9948 0.9716 0.9965 0.9986 0.9948
0 0.5114 0.1719 0.4702 0.1441 0.4332 0.1424 0.4091 0.1615 0.3793 0.2031 0.3551 0.2205 0.3082 0.2708 0.2898 0.2812 0.2585 0.2847 0.2173 0.3142 0.1832 0.3785 0.1690 0.3785 0.1264 0.4219 0.1307 0.4288 0.1562 0.4288 0.1335 0.4705 0.1335 0.4844 0.1477 0.4896 0.1747 0.4792 0.2145 0.4948 0.2216 0.4774 0.2841 0.4601 0.3608 0.4010 0.4148 0.3351 0.4957 0.2604 0.5128 0.2014
0 0.5497 0.0017 0.5497 0.0278 0.5611 0.0781 0.5568 0.1285 0.5611 0.1337 0.5739 0.1285 0.5795 0.0903 0.5795 0.0573 0.5852 0.0486 0.5994 0.0451 0.6122 0.0573 0.6108 0.1285 0.6136 0.1319 0.6222 0.1302 0.6264 0.1198 0.6321 0.0660 0.6449 0.0382 0.6506 0.0052 0.6477 0.0017
0 0.5994 0.2135 0.5639 0.1910 0.5213 0.1875 0.5028 0.2569 0.4929 0.2708 0.4176 0.3368 0.3423 0.4271 0.3168 0.4410 0.2827 0.4757 0.2528 0.4826 0.2344 0.4965 0.2500 0.5122 0.2926 0.5174 0.3040 0.5365 0.2955 0.5608 0.2784 0.5816 0.2599 0.6823 0.2699 0.7049 0.2955 0.6858 0.3295 0.6823 0.3608 0.6667 0.4901 0.5087 0.5114 0.4375 0.5469 0.3906 0.6009 0.2865 0.6136 0.2378
0 0.7358 0.2014 0.7159 0.1927 0.6804 0.1944 0.6520 0.2083 0.6278 0.2326 0.5881 0.3247 0.5071 0.4549 0.4972 0.5139 0.4432 0.5694 0.4432 0.5868 0.4858 0.5608 0.4815 0.6128 0.5057 0.6128 0.5170 0.6441 0.5327 0.6510 0.5710 0.5938 0.6009 0.5885 0.6520 0.5417 0.6790 0.4444 0.7173 0.4097 0.7344 0.3767 0.7472 0.3750 0.7571 0.3646 0.7670 0.3021 0.7670 0.2604 0.7571 0.2257
0 0.7940 0.7309 0.7855 0.7118 0.7841 0.6615 0.7614 0.6198 0.7358 0.6007 0.6548 0.5694 0.6364 0.5694 0.6080 0.5885 0.6378 0.5920 0.6392 0.6007 0.5739 0.6007 0.5298 0.6562 0.5156 0.6476 0.5028 0.6215 0.4659 0.6285 0.4489 0.5972 0.4304 0.5903 0.3636 0.6701 0.2997 0.7014 0.2585 0.7378 0.2543 0.7552 0.2841 0.7726 0.3267 0.8420 0.3494 0.8628 0.3636 0.8403 0.4119 0.8403 0.4986 0.8247 0.5568 0.8316 0.7131 0.7951 0.7500 0.7778
0 0.4773 0.0191 0.4588 0.0035 0.4261 0.0035 0.3977 0.0139 0.3793 0.0278 0.3651 0.0486 0.3480 0.0608 0.3324 0.0642 0.3366 0.0764 0.3523 0.0747 0.3281 0.1042 0.2528 0.1493 0.2372 0.1753 0.2045 0.2031 0.2102 0.2274 0.1960 0.2708 0.2045 0.2691 0.2060 0.2743 0.1875 0.3160 0.1875 0.3299 0.1974 0.3368 0.2188 0.3073 0.2500 0.2847 0.3026 0.2708 0.3423 0.2274 0.3793 0.1979 0.4034 0.1632 0.4318 0.1389 0.4759 0.1406 0.4929 0.1007 0.4929 0.0660
0 0.9048 0.5330 0.9034 0.5521 0.9077 0.5625 0.8991 0.5694 0.9048 0.5833 0.9602 0.6476 0.9659 0.6615 0.9219 0.6875 0.8977 0.7188 0.9418 0.7795 0.9588 0.7917 0.9716 0.8090 0.9986 0.8038 0.9986 0.5885 0.9659 0.5764 0.9560 0.5556 0.9545 0.5590 0.9361 0.5434 0.9261 0.5417 0.9134 0.5330
0 0.3281 0.0590 0.2955 0.0139 0.2727 0.0052 0.2386 0.0052 0.1903 0.0174 0.0952 0.0642 0.0028 0.0938 0.0000 0.2465 0.0199 0.2517 0.0241 0.2743 0.0412 0.2969 0.0625 0.2986 0.0696 0.2917 0.0696 0.2812 0.0568 0.2726 0.0597 0.2622 0.0866 0.2552 0.1108 0.2378 0.1491 0.2326 0.1960 0.2153 0.2259 0.1788 0.2457 0.1441 0.3210 0.1042 0.3338 0.0868
0 0.9986 0.0035 0.7330 0.0035 0.7301 0.0122 0.7344 0.0330 0.7259 0.0625 0.7315 0.1076 0.7514 0.1319 0.7614 0.1823 0.7756 0.1875 0.7798 0.1736 0.7741 0.1562 0.7756 0.1267 0.8011 0.0868 0.8295 0.0573 0.8608 0.0469 0.8679 0.0608 0.8821 0.0642 0.9276 0.0573 0.9332 0.0625 0.9403 0.1163 0.9347 0.1788 0.9531 0.1892 0.9588 0.1424 0.9702 0.1198 0.9986 0.0920
0 0.0000 0.0920 0.0682 0.0712 0.1009 0.0573 0.1463 0.0312 0.2145 0.0052 0.1690 0.0017 0.0000 0.0035
