0 0.6775 0.0360 0.6775 0.0460 0.6887 0.0740 0.6975 0.0800 0.7175 0.1160 0.7362 0.1160 0.7462 0.1080 0.7600 0.1080 0.7900 0.1200 0.8100 0.1360 0.8962 0.2320 0.9038 0.2300 0.9050 0.2140 0.9175 0.1880 0.9200 0.1640 0.9175 0.1480 0.9050 0.1320 0.8812 0.1120 0.8475 0.0980 0.7987 0.0860 0.7262 0.0480 0.7175 0.0380 0.6975 0.0360 0.6850 0.0260
0 0.1988 0.0640 0.1888 0.0440 0.1762 0.0380 0.1737 0.0340 0.1750 0.0260 0.1725 0.0220 0.1588 0.0200 0.1275 0.0380 0.1075 0.0440 0.0938 0.0620 0.0550 0.0920 0.0437 0.1040 0.0312 0.1220 0.0262 0.1340 0.0325 0.1360 0.0525 0.1320 0.0663 0.1360 0.0813 0.1540 0.0887 0.1740 0.0925 0.1740 0.1388 0.1420 0.1600 0.1100 0.1713 0.1020 0.1800 0.1020 0.1888 0.0960 0.1800 0.0720
0 0.4012 0.0300 0.3762 0.0220 0.3425 0.0280 0.3312 0.0520 0.3400 0.0640 0.3362 0.0780 0.3375 0.0900 0.3237 0.1080 0.3013 0.1300 0.2938 0.1460 0.2950 0.1580 0.2988 0.1660 0.3088 0.1700 0.3250 0.1700 0.3412 0.1900 0.3463 0.2180 0.3375 0.2300 0.3387 0.2360 0.3613 0.2380 0.3700 0.2340 0.3937 0.2080 0.4062 0.2000 0.4138 0.1860 0.4188 0.1500 0.4175 0.0820 0.4125 0.0480 0.4100 0.0400
0 0.0825 0.5420 0.0737 0.5740 0.0838 0.6440 0.0737 0.6960 0.0775 0.7160 0.1237 0.7780 0.1537 0.7780 0.1762 0.7980 0.2263 0.9040 0.2537 0.9400 0.2725 0.9980 0.4387 0.9980 0.4612 0.9720 0.4700 0.9320 0.4675 0.8640 0.4450 0.7860 0.4275 0.7600 0.4012 0.7420 0.3400 0.6720 0.2200 0.5860 0.1975 0.5500 0.1775 0.5320 0.1412 0.5240 0.1100 0.5020
0 0.0575 0.1360 0.0275 0.1400 0.0138 0.1520 0.0000 0.1820 0.0000 0.3100 0.0088 0.3500 0.0050 0.4120 0.0000 0.4260 0.0000 0.6580 0.0338 0.6060 0.0675 0.5740 0.0788 0.5420 0.1087 0.4960 0.1225 0.4900 0.1363 0.5120 0.1487 0.5120 0.1425 0.4160 0.1200 0.3520 0.1175 0.2940 0.1113 0.2580 0.0825 0.1620 0.0675 0.1400
0 0.3300 0.1780 0.2950 0.1700 0.2913 0.1500 0.2812 0.1380 0.2512 0.1340 0.2500 0.1540 0.2575 0.1920 0.2450 0.1980 0.2263 0.2300 0.1775 0.2740 0.1462 0.2920 0.1237 0.2940 0.1200 0.3000 0.1225 0.3520 0.1412 0.3980 0.1487 0.4720 0.1537 0.4900 0.1675 0.4880 0.1975 0.4600 0.2350 0.4440 0.2562 0.4200 0.2812 0.3700 0.3150 0.3480 0.3400 0.3140 0.3425 0.2860 0.3225 0.2280 0.3412 0.2160 0.3400 0.1960
0 0.2687 0.1160 0.2537 0.1060 0.2338 0.1060 0.1925 0.1140 0.1537 0.1400 0.1062 0.1660 0.0925 0.1760 0.0912 0.1820 0.1100 0.2420 0.1187 0.2840 0.1212 0.2880 0.1425 0.2880 0.1725 0.2720 0.1975 0.2440 0.2162 0.2340 0.2288 0.2220 0.2362 0.2060 0.2500 0.1880 0.2512 0.1400 0.2625 0.1260 0.2675 0.1320 0.2712 0.1260 0.2737 0.1280
0 0.4975 0.2840 0.4913 0.2740 0.4763 0.2720 0.4662 0.2460 0.3700 0.2800 0.2587 0.4400 0.2362 0.5140 0.2300 0.5860 0.2637 0.6160 0.3287 0.6580 0.3400 0.6580 0.3775 0.5180 0.4300 0.4340 0.4462 0.3680 0.4650 0.3460 0.4875 0.3440 0.5038 0.3340 0.5050 0.3220
0 0.5650 0.3220 0.5525 0.3300 0.5275 0.3220 0.4963 0.3460 0.4713 0.3480 0.4525 0.3620 0.4425 0.3840 0.4325 0.4360 0.3887 0.5020 0.3750 0.5340 0.3450 0.6560 0.3500 0.6760 0.4000 0.7340 0.4325 0.7600 0.4625 0.8280 0.5112 0.7900 0.5225 0.8160 0.5325 0.8140 0.5525 0.7900 0.5650 0.7540 0.5925 0.7200 0.5913 0.7100 0.5675 0.7000 0.5437 0.7240 0.5363 0.6880 0.5437 0.6340 0.5375 0.5500 0.5737 0.5340 0.5813 0.4840 0.6100 0.4460 0.6050 0.4320 0.5813 0.4320 0.5787 0.3940 0.5863 0.3840 0.5825 0.3500
0 0.5175 0.0240 0.5012 0.0240 0.4838 0.0360 0.4675 0.0600 0.4625 0.0740 0.4387 0.0660 0.4238 0.0700 0.4275 0.0840 0.4475 0.0900 0.4562 0.0880 0.4437 0.1140 0.4525 0.1200 0.4475 0.1220 0.4387 0.1380 0.4288 0.1640 0.4250 0.1900 0.4263 0.2000 0.4300 0.2060 0.4363 0.2040 0.4462 0.1820 0.4550 0.1920 0.4587 0.2060 0.4612 0.2360 0.4662 0.2400 0.4750 0.2620 0.4813 0.2680 0.4888 0.2680 0.4950 0.2620 0.5112 0.1980 0.5225 0.1640 0.5363 0.1360 0.5375 0.1020 0.5525 0.0740 0.5487 0.0580 0.5337 0.0340
0 0.5825 0.0540 0.5600 0.0680 0.5400 0.1020 0.5400 0.1360 0.5275 0.1580 0.5112 0.2040 0.4988 0.2780 0.5050 0.3000 0.5088 0.3040 0.5138 0.2820 0.5212 0.2700 0.5312 0.2980 0.5475 0.3240 0.5663 0.3180 0.5750 0.3260 0.5950 0.2920 0.5975 0.2980 0.5988 0.3320 0.6025 0.3400 0.6112 0.3440 0.6138 0.3400 0.6162 0.2700 0.6075 0.2020 0.6100 0.1780 0.6325 0.1160 0.6350 0.0840 0.6275 0.0640 0.6038 0.0540
0 0.6400 0.0800 0.6338 0.1220 0.6125 0.1800 0.6100 0.2120 0.6200 0.2760 0.6288 0.2860 0.6412 0.2920 0.6650 0.2900 0.6813 0.2940 0.6963 0.2820 0.7063 0.2820 0.7200 0.2940 0.7338 0.2980 0.7512 0.3160 0.7750 0.3200 0.7762 0.3140 0.7662 0.3020 0.7400 0.2820 0.7100 0.2340 0.7150 0.2140 0.7125 0.1600 0.7063 0.1340 0.7113 0.1140 0.7100 0.1080 0.6900 0.0800 0.6775 0.0760 0.6450 0.0760
0 0.7100 0.1260 0.7087 0.1340 0.7137 0.1540 0.7450 0.1960 0.7188 0.1980 0.7188 0.2140 0.7538 0.2460 0.7762 0.2480 0.8113 0.3200 0.7975 0.3260 0.7963 0.3460 0.7987 0.3520 0.8525 0.3820 0.8562 0.3800 0.8612 0.3600 0.8912 0.3800 0.9038 0.3800 0.9163 0.3700 0.9275 0.3420 0.9175 0.2840 0.9062 0.2540 0.8800 0.2160 0.8538 0.1920 0.8087 0.1380 0.7700 0.1140 0.7475 0.1120
0 0.9988 0.3700 0.9850 0.3600 0.9812 0.3860 0.9563 0.3700 0.9313 0.3700 0.9062 0.3860 0.8812 0.4140 0.8337 0.4200 0.7987 0.4420 0.7562 0.4480 0.7238 0.4660 0.7100 0.4500 0.6963 0.4560 0.7025 0.5120 0.6350 0.4800 0.6238 0.4840 0.6238 0.5020 0.6388 0.5220 0.6613 0.5280 0.6975 0.5600 0.7288 0.6080 0.7600 0.6120 0.8075 0.5920 0.8300 0.5500 0.8525 0.5260 0.9100 0.5120 0.9988 0.4720
0 0.9988 0.4780 0.9788 0.4820 0.9287 0.5100 0.8588 0.5260 0.8375 0.5440 0.8037 0.6000 0.7800 0.6040 0.7588 0.6160 0.7400 0.6140 0.7475 0.6360 0.7800 0.6400 0.7837 0.6460 0.7837 0.7040 0.7675 0.7860 0.7900 0.8020 0.8137 0.7780 0.8538 0.7620 0.8850 0.7320 0.8900 0.7580 0.9025 0.7660 0.9325 0.7480 0.9537 0.7140 0.9988 0.6960
0 0.8562 0.0000 0.8525 0.0480 0.8450 0.0840 0.8512 0.0800 0.8625 0.0560 0.8650 0.0540 0.8738 0.0700 0.8788 0.0720 0.8825 0.1040 0.8850 0.1100 0.9075 0.1300 0.9137 0.1280 0.9175 0.1100 0.9300 0.0820 0.9337 0.0640 0.9350 0.0440 0.9363 0.0420 0.9363 0.0220 0.9313 0.0000
