0 0.3212 0.0000 0.3113 0.0280 0.3100 0.1280 0.3200 0.1700 0.3200 0.2340 0.3262 0.2420 0.3325 0.2420 0.3375 0.2340 0.3375 0.2120 0.3475 0.1520 0.3525 0.1500 0.3713 0.1700 0.3675 0.1960 0.3688 0.2720 0.3725 0.2800 0.3812 0.2820 0.3875 0.2680 0.3862 0.2260 0.3900 0.1960 0.4012 0.1640 0.4138 0.1080 0.4150 0.0820 0.4062 0.0000
0 0.2062 0.5000 0.1913 0.5580 0.2125 0.6120 0.2963 0.6320 0.3450 0.6140 0.4000 0.7060 0.4275 0.8080 0.4387 0.8040 0.4437 0.6460 0.5463 0.7060 0.6125 0.7060 0.6188 0.8260 0.5737 0.9020 0.5800 0.9220 0.6075 0.9180 0.6388 0.8740 0.6887 0.8520 0.7188 0.7740 0.7750 0.6960 0.7950 0.6360 0.7963 0.5760 0.8125 0.5520 0.7900 0.5320 0.7600 0.4520 0.7275 0.4140 0.6412 0.3600 0.5575 0.3320 0.3613 0.3480 0.2450 0.4340 0.2362 0.4520 0.2425 0.4700
0 0.5100 0.9960 0.4288 0.9040 0.3362 0.8520 0.3337 0.8260 0.3450 0.8040 0.3875 0.7960 0.3962 0.7820 0.3925 0.7600 0.3787 0.7520 0.3800 0.7280 0.3725 0.7200 0.3450 0.7300 0.3312 0.7500 0.3150 0.7560 0.2812 0.7420 0.2487 0.7400 0.1963 0.7620 0.1713 0.7960 0.1437 0.8900 0.1500 0.9020 0.1663 0.9980
0 0.1638 0.1860 0.1338 0.1600 0.1163 0.1300 0.0875 0.1140 0.0462 0.1240 0.0300 0.1420 0.0000 0.1600 0.0000 0.4060 0.0075 0.4080 0.0100 0.4020 0.0125 0.3560 0.0213 0.3380 0.0262 0.3160 0.0762 0.2760 0.0912 0.2380 0.1225 0.2360 0.1500 0.2420 0.1562 0.2280 0.1562 0.2200 0.1263 0.2020 0.1388 0.1980 0.1613 0.2060 0.1650 0.1980
0 0.2975 0.2080 0.2737 0.2120 0.2537 0.1620 0.2275 0.1220 0.1800 0.1400 0.1650 0.1700 0.1688 0.1960 0.1500 0.2500 0.0975 0.3000 0.0712 0.3020 0.0425 0.3180 0.0187 0.3480 0.0138 0.3640 0.0125 0.4220 0.0200 0.4440 0.0225 0.4720 0.0475 0.5000 0.0800 0.5000 0.1225 0.4740 0.1462 0.4520 0.1900 0.4320 0.2112 0.4060 0.2300 0.3700 0.2425 0.3000 0.2700 0.2780 0.2812 0.2420 0.2963 0.2200
0 0.1725 0.5440 0.1437 0.5280 0.1013 0.5340 0.0700 0.5540 0.0488 0.5840 0.0000 0.6160 0.0000 0.9780 0.0200 0.9280 0.0238 0.9000 0.0475 0.8960 0.0963 0.8440 0.1575 0.8080 0.1800 0.7720 0.2150 0.7400 0.2238 0.6780 0.2188 0.6700 0.2162 0.6360 0.1875 0.5640
0 0.7675 0.4460 0.7650 0.4560 0.7937 0.5300 0.8150 0.5340 0.8187 0.5460 0.8000 0.5760 0.8000 0.6220 0.7937 0.6520 0.7525 0.7460 0.8275 0.8620 0.8325 0.9420 0.8675 0.9980 0.9850 0.9980 0.9925 0.9020 0.9988 0.8860 0.9988 0.8160 0.9825 0.8380 0.9762 0.8320 0.9700 0.7740 0.9600 0.7380 0.9038 0.6460 0.8812 0.5760 0.8750 0.5340 0.8562 0.4840 0.8113 0.4420
0 0.8113 0.2740 0.8137 0.3000 0.8287 0.3120 0.8313 0.3200 0.8225 0.3580 0.8163 0.3680 0.7913 0.3640 0.7925 0.3840 0.8125 0.4380 0.8450 0.4640 0.8638 0.4940 0.8775 0.5320 0.8850 0.5720 0.9075 0.6200 0.9075 0.6440 0.9137 0.6580 0.9575 0.7200 0.9663 0.7220 0.9825 0.6900 0.9988 0.6880 0.9988 0.4220 0.9712 0.3960 0.9350 0.3360 0.8938 0.2940 0.8287 0.2680
0 0.1225 0.1160 0.1113 0.0560 0.0912 0.0140 0.0875 0.0120 0.0775 0.0240 0.0712 0.0400 0.0638 0.0520 0.0587 0.0500 0.0512 0.0240 0.0475 0.0220 0.0450 0.0260 0.0475 0.0380 0.0475 0.0540 0.0288 0.0840 0.0163 0.0880 0.0037 0.1120 0.0050 0.1220 0.0112 0.1300 0.0325 0.1340 0.0437 0.1220 0.0612 0.1160 0.0938 0.1120 0.1187 0.1280 0.1225 0.1240
0 0.7987 0.2600 0.7925 0.2300 0.7700 0.1940 0.7462 0.1820 0.7113 0.1800 0.6637 0.1980 0.6212 0.2300 0.5750 0.2520 0.5575 0.2680 0.5363 0.3040 0.5162 0.2880 0.5038 0.2680 0.5012 0.2920 0.5050 0.3120 0.5138 0.3280 0.5550 0.3280 0.6050 0.3400 0.7025 0.3920 0.7338 0.3700 0.7525 0.3460 0.7562 0.3580 0.7412 0.4020 0.7438 0.4200 0.7488 0.4240 0.7812 0.3780 0.7850 0.3380 0.7987 0.2960
0 0.7362 0.1760 0.7550 0.1820 0.7775 0.1980 0.7925 0.2240 0.8050 0.2680 0.8287 0.2640 0.8550 0.2760 0.8875 0.2720 0.9213 0.2840 0.9425 0.2840 0.9862 0.3100 0.9988 0.3120 0.9988 0.1900 0.9762 0.1900 0.9387 0.1560 0.9113 0.1400 0.8475 0.1220 0.8000 0.1240 0.7650 0.1400
0 0.6863 0.0280 0.6775 0.0220 0.6725 0.0240 0.6663 0.0200 0.6462 0.0200 0.6412 0.0160 0.6350 0.0160 0.6262 0.0260 0.6150 0.0760 0.5938 0.1300 0.5875 0.1520 0.5887 0.1980 0.5988 0.2360 0.6225 0.2260 0.6512 0.2020 0.7000 0.1780 0.6963 0.1620 0.6887 0.1460 0.6887 0.1380 0.6925 0.1300 0.6950 0.1160 0.6950 0.1020 0.6887 0.0600 0.6950 0.0460
0 0.8762 0.0860 0.8700 0.0520 0.8612 0.0340 0.8525 0.0280 0.8300 0.0280 0.8250 0.0320 0.7850 0.0420 0.7475 0.0420 0.7325 0.0360 0.7188 0.0380 0.6975 0.0500 0.6913 0.0640 0.6975 0.1020 0.6975 0.1280 0.7037 0.1420 0.7188 0.1520 0.7475 0.1540 0.7650 0.1360 0.7937 0.1220 0.8163 0.1180 0.8612 0.1200 0.8700 0.1140 0.8750 0.1060
0 0.6200 0.0000 0.5188 0.0000 0.5038 0.0520 0.5088 0.0700 0.5088 0.1260 0.5138 0.1660 0.5150 0.2100 0.5188 0.2180 0.5238 0.2220 0.5375 0.2200 0.5487 0.2020 0.5563 0.1960 0.5675 0.1680 0.5700 0.1560 0.5913 0.1280 0.6125 0.0680 0.6188 0.0260 0.6212 0.0220
0 0.5100 0.0000 0.4113 0.0000 0.4100 0.0120 0.4163 0.0760 0.4100 0.2320 0.4125 0.2380 0.4238 0.2340 0.4275 0.2240 0.4350 0.1560 0.4350 0.1300 0.4412 0.1080 0.4525 0.0940 0.4650 0.0980 0.4713 0.1080 0.4713 0.1220 0.4675 0.1360 0.4700 0.1920 0.4775 0.2060 0.4813 0.2080 0.4838 0.2040 0.4900 0.1220 0.5000 0.0800 0.5000 0.0540 0.5100 0.0240
