0 0.7375 0.1200 0.7362 0.1340 0.7475 0.1880 0.7525 0.2000 0.7600 0.2060 0.7863 0.2080 0.8100 0.1720 0.8163 0.1840 0.8200 0.2120 0.8337 0.2200 0.8488 0.1740 0.8538 0.1700 0.8750 0.1800 0.8888 0.1940 0.9187 0.1900 0.9363 0.2100 0.9387 0.2340 0.9625 0.2400 0.9688 0.2220 0.9700 0.2020 0.9850 0.1660 0.9888 0.1260 0.9775 0.0940 0.9600 0.0700 0.9175 0.0380 0.8850 0.0260 0.8575 0.0280 0.8213 0.0460 0.7900 0.0540
0 0.7900 0.3520 0.7863 0.3680 0.7950 0.3960 0.8163 0.4040 0.8350 0.4500 0.8538 0.4580 0.8738 0.4460 0.8912 0.4840 0.8938 0.4960 0.8875 0.5100 0.8900 0.5320 0.8750 0.5600 0.8788 0.5920 0.9200 0.6580 0.9200 0.6900 0.9700 0.7020 0.9862 0.7300 0.9988 0.7300 0.9988 0.5040 0.9187 0.3860 0.8800 0.3420 0.8413 0.3240 0.8363 0.3320 0.8113 0.3360
0 0.8650 0.2500 0.8600 0.2620 0.8588 0.2760 0.8700 0.3020 0.8788 0.3340 0.9587 0.4360 0.9988 0.4960 0.9988 0.3620 0.9738 0.3360 0.9587 0.3020 0.9575 0.2660 0.9613 0.2460 0.9513 0.2400 0.9387 0.2440 0.9313 0.2580 0.9038 0.2460 0.8700 0.2460
0 0.1087 0.2800 0.1100 0.3240 0.0862 0.3560 0.0762 0.3920 0.0762 0.4700 0.0825 0.5200 0.1338 0.7260 0.1350 0.8020 0.1600 0.8740 0.2425 0.9920 0.3912 0.9940 0.3925 0.9800 0.3613 0.9440 0.3412 0.8840 0.3475 0.7960 0.3300 0.6940 0.2812 0.5760 0.2600 0.5000 0.2025 0.3520 0.1700 0.3080 0.1275 0.3120 0.1212 0.2900
0 0.8525 0.7380 0.8387 0.7680 0.8275 0.8080 0.8250 0.8340 0.8250 0.8680 0.8325 0.8960 0.8425 0.9180 0.8588 0.9400 0.8750 0.9520 0.9163 0.9620 0.9475 0.9600 0.9725 0.9860 0.9988 0.9940 0.9988 0.7360 0.9825 0.7340 0.9675 0.7060 0.9537 0.6980 0.9113 0.6960 0.8738 0.7140
0 0.6375 0.0000 0.6338 0.0520 0.6362 0.0580 0.6412 0.0880 0.6600 0.1120 0.6675 0.1280 0.6687 0.1380 0.6763 0.1520 0.7063 0.1680 0.7137 0.1680 0.7262 0.1280 0.7450 0.0980 0.7450 0.0900 0.7338 0.0620 0.7350 0.0120 0.7312 0.0000
0 0.2650 0.4980 0.2838 0.5720 0.3325 0.6920 0.3500 0.7900 0.3438 0.8800 0.3600 0.9280 0.3738 0.9460 0.3837 0.9460 0.3887 0.9680 0.4138 0.9980 0.5487 0.9980 0.5650 0.9920 0.5737 0.9660 0.5763 0.9000 0.5537 0.8120 0.4988 0.6940 0.4350 0.5920 0.4163 0.5400 0.3962 0.5140 0.3575 0.5020 0.3362 0.4680 0.2913 0.4960
0 0.0712 0.2520 0.0400 0.2640 0.0250 0.2620 0.0200 0.2720 0.0100 0.3120 0.0163 0.3260 0.0100 0.3620 0.0100 0.3900 0.0150 0.4220 0.0288 0.4520 0.0138 0.5060 0.0000 0.5300 0.0000 0.6340 0.0262 0.6860 0.0575 0.7080 0.1025 0.7020 0.1187 0.6860 0.0850 0.5540 0.0700 0.4400 0.0762 0.3800 0.0862 0.3520 0.1100 0.3200 0.1100 0.3020 0.1037 0.2880 0.0862 0.2740
0 0.8762 0.4520 0.8562 0.4640 0.8375 0.4600 0.8263 0.4480 0.8163 0.4080 0.7950 0.4040 0.7950 0.4280 0.7788 0.4620 0.7788 0.4860 0.7475 0.5240 0.7125 0.6400 0.6600 0.7160 0.6412 0.7600 0.6038 0.7960 0.5763 0.8560 0.5825 0.8960 0.5900 0.9040 0.6300 0.8980 0.6587 0.9240 0.7013 0.9260 0.7325 0.9200 0.7500 0.8880 0.7550 0.8960 0.7850 0.8840 0.7925 0.9000 0.7975 0.9460 0.7987 0.9140 0.8200 0.8520 0.8313 0.7160 0.8400 0.6880 0.8588 0.6740 0.8650 0.6600 0.8725 0.6000 0.8700 0.5520 0.8875 0.5300 0.8850 0.5080 0.8900 0.4900
0 0.7712 0.3760 0.6675 0.3580 0.6450 0.3700 0.5587 0.4420 0.5325 0.4700 0.4938 0.5400 0.4775 0.6260 0.4775 0.6500 0.5487 0.7780 0.5875 0.7800 0.6200 0.7460 0.6462 0.7320 0.6700 0.6900 0.6625 0.6360 0.6737 0.6060 0.6775 0.5780 0.7200 0.5480 0.7325 0.5220 0.7475 0.5140 0.7575 0.4960 0.7738 0.4820 0.7762 0.4580 0.7875 0.4340 0.7712 0.4020 0.7762 0.3960
0 0.5875 0.1140 0.5687 0.0840 0.5387 0.0800 0.4288 0.1420 0.3850 0.1540 0.3287 0.2060 0.2913 0.2780 0.2888 0.2900 0.2938 0.2940 0.3463 0.2780 0.4437 0.2700 0.5325 0.2340 0.5613 0.2300 0.5575 0.2020 0.5675 0.1780 0.5725 0.1340 0.5825 0.1280
0 0.4512 0.0180 0.4412 0.0120 0.4225 0.0060 0.3962 0.0080 0.3787 0.0160 0.3688 0.0320 0.3625 0.0520 0.3625 0.0740 0.3675 0.0920 0.3700 0.1300 0.3725 0.1400 0.3800 0.1540 0.4238 0.1400 0.4750 0.1140 0.4763 0.1080 0.4738 0.1040 0.4675 0.0700 0.4625 0.0560 0.4600 0.0340
0 0.4525 0.0120 0.4525 0.0180 0.4587 0.0260 0.4625 0.0360 0.4650 0.0580 0.4700 0.0720 0.4763 0.1040 0.4788 0.1080 0.4838 0.1080 0.4963 0.0980 0.5062 0.0940 0.5100 0.0900 0.5125 0.0900 0.5162 0.0860 0.5275 0.0800 0.5413 0.0780 0.5437 0.0740 0.5437 0.0380 0.5363 0.0240 0.5312 0.0000 0.4600 0.0000 0.4600 0.0020
0 0.6212 0.1320 0.6250 0.1460 0.6475 0.1620 0.6625 0.1900 0.6562 0.2020 0.6338 0.2100 0.6188 0.2280 0.6400 0.2640 0.6425 0.2740 0.6388 0.2920 0.6663 0.3200 0.7113 0.3160 0.7800 0.3460 0.8300 0.3280 0.8400 0.3160 0.8612 0.3280 0.8712 0.3220 0.8575 0.2760 0.8625 0.2520 0.8725 0.2460 0.8650 0.2380 0.8387 0.2240 0.7575 0.2100 0.7275 0.1960 0.7025 0.1700 0.6600 0.1520 0.6375 0.1260 0.6250 0.1240
0 0.5513 0.0140 0.5437 0.0260 0.5463 0.0400 0.5463 0.0760 0.5713 0.0820 0.5813 0.1020 0.5913 0.1140 0.5825 0.1320 0.5763 0.1360 0.5713 0.1720 0.5613 0.2000 0.5637 0.2240 0.5675 0.2300 0.5825 0.2340 0.6125 0.2300 0.6375 0.2040 0.6562 0.1980 0.6587 0.1880 0.6550 0.1760 0.6450 0.1620 0.6262 0.1480 0.6200 0.1300 0.6262 0.1180 0.6450 0.1260 0.6600 0.1480 0.6675 0.1500 0.6687 0.1460 0.6600 0.1180 0.6500 0.1020 0.6250 0.0780 0.6188 0.0680 0.6138 0.0440 0.6075 0.0340 0.5988 0.0300 0.5900 0.0160
