0 0.9250 0.1680 0.9237 0.1740 0.9263 0.1840 0.9313 0.1880 0.9350 0.1960 0.9275 0.2220 0.9200 0.2300 0.9150 0.2460 0.9150 0.2560 0.9213 0.2740 0.9237 0.2920 0.9350 0.3020 0.9487 0.3020 0.9525 0.3080 0.9537 0.3340 0.9463 0.3460 0.9475 0.3480 0.9762 0.3500 0.9988 0.3700 0.9988 0.1980 0.9825 0.1860 0.9587 0.1760 0.9413 0.1620 0.9337 0.1620
0 0.8275 0.0300 0.8100 0.0660 0.8087 0.0720 0.8100 0.0780 0.8125 0.0800 0.8275 0.0760 0.8313 0.0780 0.8313 0.1040 0.8363 0.1200 0.8375 0.1340 0.8625 0.1680 0.8962 0.1840 0.9150 0.1820 0.9187 0.1760 0.9200 0.1680 0.9287 0.1580 0.9287 0.1180 0.9163 0.0780 0.8962 0.0420 0.8875 0.0320 0.8788 0.0160 0.8738 0.0120 0.8525 0.0120 0.8400 0.0180
0 0.5675 0.0120 0.5687 0.0320 0.5750 0.0460 0.5750 0.0720 0.5825 0.0940 0.5875 0.0960 0.5900 0.0920 0.5913 0.0740 0.5962 0.0620 0.6075 0.0780 0.6150 0.0780 0.6262 0.0880 0.6512 0.0980 0.6663 0.1000 0.6663 0.1040 0.6525 0.1140 0.6512 0.1220 0.6550 0.1280 0.6900 0.1320 0.7188 0.1020 0.7750 0.0720 0.8025 0.0760 0.7963 0.0380 0.7688 0.0380 0.7113 0.0000 0.5700 0.0000
0 0.8912 0.1960 0.8838 0.1860 0.8600 0.1740 0.8363 0.1360 0.8300 0.1160 0.8087 0.0860 0.7913 0.0760 0.7738 0.0760 0.7212 0.1040 0.6663 0.1660 0.6525 0.1720 0.6362 0.2000 0.6350 0.2160 0.6388 0.2280 0.6500 0.2300 0.6825 0.2120 0.7238 0.2140 0.7425 0.2260 0.7638 0.2500 0.7700 0.2500 0.7987 0.2940 0.8100 0.3040 0.8087 0.2640 0.7850 0.2320 0.7850 0.2240 0.8025 0.2140 0.8250 0.2140 0.8287 0.2080 0.8300 0.1880 0.8512 0.1900 0.8762 0.2180 0.8825 0.2160
0 0.5625 0.0860 0.5513 0.0680 0.5437 0.0480 0.5262 0.0240 0.5125 0.0160 0.4900 0.0160 0.4813 0.0200 0.4412 0.0640 0.4263 0.0920 0.4138 0.1420 0.4163 0.1780 0.4288 0.2020 0.4425 0.2120 0.4637 0.2120 0.4925 0.2020 0.5075 0.1860 0.5262 0.1740 0.5375 0.1600 0.5350 0.1400 0.5363 0.1160 0.5425 0.1100 0.5463 0.1160 0.5475 0.1260 0.5525 0.1260 0.5600 0.1200 0.5650 0.1100 0.5650 0.0960
0 0.3350 0.0000 0.2737 0.0000 0.2725 0.0040 0.2587 0.0100 0.1988 0.0260 0.1800 0.0380 0.1613 0.0680 0.1550 0.0640 0.1475 0.0660 0.1412 0.0760 0.1400 0.0880 0.1737 0.0860 0.1812 0.0900 0.2087 0.0780 0.2387 0.0720 0.2537 0.0640 0.2700 0.0460 0.2925 0.0340 0.3100 0.0340 0.3237 0.0400 0.3350 0.0300 0.3375 0.0220
0 0.9988 0.6020 0.9613 0.6160 0.9250 0.5920 0.8888 0.5860 0.8550 0.6040 0.7987 0.7060 0.7262 0.7860 0.6475 0.9120 0.6038 0.9980 0.8950 0.9980 0.9050 0.9820 0.9350 0.8860 0.9988 0.9040 0.9988 0.8460 0.9750 0.8320 0.9637 0.7900 0.9637 0.7320 0.9988 0.6500
0 0.6275 0.1840 0.6175 0.1640 0.6012 0.1640 0.5800 0.1540 0.5312 0.1720 0.5062 0.2180 0.4500 0.2720 0.4213 0.3080 0.4037 0.3580 0.3975 0.4000 0.3837 0.4320 0.3912 0.4340 0.4000 0.4280 0.4150 0.4620 0.4375 0.4800 0.4825 0.4880 0.4900 0.4840 0.5088 0.4560 0.5337 0.3900 0.5587 0.3520 0.5863 0.2940 0.6188 0.2540 0.6175 0.2260 0.6312 0.2180
0 0.4238 0.0700 0.4050 0.0500 0.3875 0.0420 0.3750 0.0420 0.3325 0.0660 0.3050 0.0880 0.2812 0.1200 0.2675 0.1540 0.2625 0.1740 0.2612 0.2160 0.2550 0.2400 0.2637 0.2360 0.2775 0.2600 0.2988 0.2740 0.3937 0.2680 0.4175 0.2860 0.4300 0.2860 0.4475 0.2660 0.4450 0.2580 0.4375 0.2520 0.4062 0.2460 0.3875 0.2200 0.3937 0.2100 0.4037 0.1540 0.4113 0.1440 0.4275 0.0840
0 0.9988 0.5960 0.9988 0.3740 0.9900 0.3640 0.9675 0.3500 0.9437 0.3520 0.9213 0.3660 0.9062 0.3940 0.8925 0.4080 0.8525 0.4140 0.8175 0.4060 0.8125 0.4120 0.8013 0.4140 0.7963 0.4220 0.8037 0.4340 0.8325 0.4440 0.8263 0.4520 0.8250 0.4640 0.8425 0.4760 0.8738 0.4600 0.8862 0.4600 0.9125 0.4740 0.9200 0.4920 0.9200 0.5320 0.9275 0.5620 0.9475 0.5780 0.9663 0.6080 0.9750 0.6100
0 0.3575 0.0440 0.3525 0.0220 0.3463 0.0180 0.3275 0.0420 0.2925 0.0360 0.2712 0.0480 0.2462 0.0720 0.2050 0.0820 0.1862 0.0920 0.1650 0.0880 0.1313 0.0940 0.1187 0.1100 0.1187 0.1160 0.1375 0.1620 0.1487 0.2120 0.2238 0.2000 0.2587 0.1800 0.2750 0.1280 0.2963 0.0940 0.3275 0.0660 0.3538 0.0520
0 0.0000 0.0360 0.0000 0.1880 0.0100 0.2020 0.0200 0.2040 0.0300 0.2340 0.0375 0.2440 0.0312 0.2580 0.0338 0.2760 0.0437 0.2900 0.0575 0.2960 0.0638 0.2740 0.0838 0.2780 0.1000 0.2720 0.1175 0.2740 0.1275 0.2680 0.1412 0.2420 0.1437 0.1980 0.1350 0.1620 0.1187 0.1200 0.1062 0.1040 0.0775 0.0900 0.0675 0.0820 0.0575 0.0660 0.0413 0.0580 0.0387 0.0540 0.0400 0.0220 0.0338 0.0060 0.0275 0.0060 0.0100 0.0440
0 0.0750 0.5540 0.0688 0.5780 0.0725 0.6140 0.0612 0.6460 0.0762 0.6560 0.0950 0.6280 0.1013 0.6580 0.0750 0.6840 0.0800 0.7040 0.1263 0.6760 0.1850 0.6860 0.2700 0.8180 0.3137 0.8640 0.4125 0.9200 0.4475 0.9280 0.5112 0.9020 0.5463 0.8560 0.5513 0.8120 0.5262 0.6800 0.5288 0.6240 0.5138 0.6120 0.5025 0.6460 0.4338 0.6440 0.4025 0.5980 0.2825 0.5100 0.2925 0.4740 0.2825 0.4400 0.2637 0.4760 0.2313 0.4520 0.1762 0.4660 0.1425 0.5020 0.1163 0.5060
0 0.9375 0.5780 0.8775 0.5400 0.8600 0.4960 0.8063 0.4600 0.7788 0.4640 0.7450 0.4860 0.7312 0.5240 0.7025 0.5040 0.6562 0.5240 0.5675 0.6120 0.5387 0.6600 0.5375 0.7080 0.5550 0.8100 0.5950 0.8620 0.6200 0.9600 0.6400 0.9220 0.6412 0.8780 0.6575 0.7760 0.7113 0.7740 0.7438 0.7560 0.7688 0.7260 0.7875 0.6840 0.8137 0.6700 0.8512 0.5960 0.8900 0.5800 0.9350 0.5860
