0 0.7727 0.1736 0.7670 0.1927 0.7415 0.2361 0.7301 0.2778 0.7344 0.3455 0.7244 0.4271 0.7330 0.4462 0.7429 0.4497 0.7500 0.4010 0.7585 0.3872 0.7969 0.3663 0.8338 0.3611 0.8963 0.4149 0.9474 0.4375 0.9986 0.4514 0.9986 0.1771 0.9119 0.1510 0.8452 0.1406 0.8125 0.1476 0.7855 0.1719
0 0.6548 0.0052 0.6037 0.0017 0.5469 0.0035 0.5185 0.0642 0.5071 0.0764 0.4986 0.0920 0.4943 0.1059 0.4957 0.1146 0.5057 0.1285 0.5170 0.1233 0.5213 0.1285 0.5284 0.1510 0.5469 0.1753 0.5511 0.1753 0.5597 0.1667 0.5795 0.1580 0.5852 0.1510 0.5866 0.1198 0.5909 0.0972 0.6037 0.0694 0.6307 0.0330 0.6449 0.0260 0.6506 0.0191 0.6506 0.0139 0.6562 0.0069
0 0.5881 0.1441 0.6094 0.2083 0.6165 0.2795 0.6278 0.2778 0.6349 0.2413 0.6463 0.2500 0.6648 0.3090 0.6804 0.3177 0.6847 0.3108 0.6804 0.2587 0.7017 0.2101 0.7472 0.2170 0.7727 0.1684 0.8224 0.1389 0.8665 0.1372 0.9545 0.1528 0.9815 0.1354 0.9986 0.1111 0.9986 0.0035 0.7131 0.0035 0.6719 0.0139 0.6321 0.0365 0.6080 0.0677 0.5923 0.1042
0 0.9986 0.4601 0.8466 0.4861 0.8082 0.5139 0.7827 0.5434 0.7713 0.5660 0.7713 0.6024 0.7798 0.6302 0.7784 0.6562 0.7884 0.6823 0.7770 0.7222 0.7869 0.7361 0.8068 0.7205 0.8224 0.7274 0.8537 0.7257 0.8935 0.7153 0.9403 0.6927 0.9986 0.6979
0 0.3040 0.4531 0.2273 0.4618 0.2045 0.4757 0.1690 0.4740 0.1534 0.4618 0.1449 0.4097 0.1392 0.4028 0.1293 0.4097 0.1236 0.4479 0.0923 0.4878 0.0767 0.5312 0.0000 0.5799 0.0000 0.8455 0.0327 0.8247 0.0540 0.7986 0.0739 0.7500 0.0753 0.7135 0.0881 0.6910 0.1861 0.6476 0.2301 0.6076 0.2628 0.5642 0.2855 0.5694 0.3182 0.5521 0.3168 0.5469 0.2827 0.5417 0.2898 0.5052 0.3125 0.4705
0 0.4886 0.5330 0.4432 0.4844 0.3977 0.4792 0.3509 0.4132 0.3366 0.4062 0.3665 0.4826 0.2912 0.5035 0.2969 0.5174 0.3295 0.5208 0.3324 0.5538 0.2727 0.5816 0.1832 0.6580 0.1278 0.6771 0.0824 0.7066 0.0767 0.7569 0.0554 0.8090 0.0241 0.8490 0.0000 0.9167 0.0000 0.9705 0.0327 0.9497 0.0398 0.9896 0.0696 0.9948 0.0795 0.9479 0.1335 0.9236 0.1989 0.8594 0.3778 0.7899 0.4148 0.7500 0.4702 0.6562 0.4830 0.6146
0 0.5554 0.6302 0.5483 0.6615 0.5611 0.6788 0.5710 0.7257 0.5923 0.7500 0.6037 0.7882 0.6435 0.8559 0.6648 0.8681 0.6989 0.9184 0.7358 0.9948 0.9986 0.9983 0.9986 0.9844 0.9517 0.9115 0.9418 0.9115 0.9347 0.9253 0.9446 0.9514 0.8565 0.8559 0.7557 0.6944 0.6847 0.6545 0.6832 0.6424 0.6974 0.6372 0.6989 0.6233 0.6747 0.5382 0.6648 0.5365 0.6506 0.5608 0.6449 0.6181 0.6080 0.6354 0.5639 0.6250
0 0.5213 0.0052 0.3793 0.0035 0.3608 0.0174 0.3168 0.0365 0.2770 0.0729 0.2259 0.0885 0.2074 0.1042 0.1960 0.1076 0.1932 0.1337 0.1747 0.1198 0.1705 0.1215 0.1733 0.1389 0.1960 0.1615 0.2088 0.2014 0.2344 0.1962 0.2514 0.1840 0.3438 0.1441 0.3920 0.1319 0.4318 0.1302 0.4872 0.0764 0.5170 0.0347
0 0.0639 0.0174 0.0639 0.0226 0.0781 0.0382 0.0966 0.0747 0.0994 0.1111 0.1051 0.1181 0.1193 0.1181 0.1250 0.1146 0.1392 0.0938 0.1605 0.0799 0.1832 0.0521 0.1847 0.0451 0.1960 0.0365 0.2017 0.0365 0.2145 0.0451 0.2401 0.0764 0.2457 0.0764 0.2486 0.0694 0.2457 0.0573 0.2472 0.0434 0.2812 0.0556 0.2855 0.0538 0.2798 0.0382 0.2685 0.0295 0.2571 0.0260 0.2330 0.0035 0.0781 0.0035 0.0710 0.0139
0 0.0000 0.0226 0.0000 0.1910 0.0071 0.1962 0.0114 0.1962 0.0185 0.1892 0.0227 0.1753 0.0213 0.1372 0.0114 0.1042 0.0114 0.0972 0.0327 0.0816 0.0483 0.0764 0.0597 0.0764 0.0710 0.0712 0.0781 0.0660 0.0795 0.0625 0.0753 0.0538 0.0682 0.0469 0.0568 0.0434 0.0327 0.0417
0 0.5469 0.1840 0.5156 0.1441 0.4815 0.1319 0.3551 0.1441 0.2159 0.2031 0.1804 0.2309 0.1491 0.2292 0.1591 0.2396 0.1222 0.3177 0.1335 0.3299 0.2017 0.3490 0.1932 0.4583 0.2045 0.4566 0.2401 0.3559 0.2571 0.3663 0.2571 0.4028 0.2685 0.4479 0.2869 0.4497 0.2912 0.4410 0.2841 0.3993 0.3097 0.3472 0.4247 0.3351 0.4759 0.2917 0.5114 0.3299 0.5270 0.3906 0.5369 0.4028 0.5597 0.3802 0.5511 0.2865 0.5426 0.2639 0.5511 0.2205
