0 0.9038 0.1380 0.9012 0.1280 0.8888 0.1140 0.8925 0.1080 0.8888 0.1020 0.8688 0.1000 0.8263 0.0860 0.8100 0.0860 0.7887 0.1040 0.7475 0.1220 0.7163 0.1480 0.7063 0.1680 0.6925 0.1820 0.6963 0.1920 0.6975 0.2280 0.7063 0.2400 0.7550 0.2540 0.7900 0.2700 0.7950 0.2760 0.7950 0.2560 0.8100 0.2560 0.8137 0.2440 0.8275 0.2340 0.8413 0.2140 0.8562 0.2000 0.8762 0.1640 0.8875 0.1600 0.8975 0.1680 0.9038 0.1620
0 0.9225 0.0780 0.9213 0.0820 0.9225 0.0920 0.9113 0.1020 0.9025 0.1200 0.9025 0.1260 0.9062 0.1400 0.9075 0.1580 0.9163 0.1640 0.9175 0.2020 0.9187 0.2040 0.9263 0.2040 0.9450 0.2180 0.9988 0.2500 0.9988 0.1540 0.9875 0.1380 0.9775 0.1280 0.9675 0.1120 0.9463 0.0940 0.9413 0.0820 0.9350 0.0780 0.9337 0.0800
0 0.1025 0.0400 0.0975 0.0380 0.0912 0.0460 0.0800 0.0440 0.0688 0.0360 0.0600 0.0360 0.0400 0.0440 0.0238 0.0640 0.0250 0.0700 0.0138 0.0920 0.0000 0.1060 0.0000 0.2360 0.0175 0.2060 0.0488 0.1860 0.0762 0.1540 0.0788 0.1280 0.0813 0.1200 0.0850 0.1140 0.0963 0.1080 0.1037 0.0940 0.1062 0.0780 0.1150 0.0680 0.1150 0.0640
0 0.5513 0.3860 0.5537 0.4000 0.5725 0.3980 0.6262 0.3340 0.6725 0.3000 0.7013 0.2920 0.7700 0.2980 0.8287 0.3400 0.8400 0.3980 0.9213 0.4980 0.9513 0.5520 0.9675 0.5420 0.9400 0.4380 0.9425 0.3720 0.9387 0.3560 0.9175 0.3520 0.9075 0.3680 0.8800 0.3320 0.8363 0.3120 0.7562 0.2580 0.6763 0.2320 0.6300 0.2380 0.6125 0.2600 0.6012 0.3060
0 0.1688 0.0880 0.1562 0.0800 0.1500 0.0700 0.1388 0.0720 0.1300 0.0940 0.1062 0.1140 0.0912 0.1360 0.0825 0.1560 0.0700 0.1640 0.0500 0.1900 0.0163 0.2120 0.0000 0.2420 0.0000 0.2680 0.0063 0.2660 0.0187 0.2980 0.0338 0.3040 0.0462 0.2860 0.0712 0.2700 0.1087 0.2240 0.1225 0.2180 0.1300 0.2320 0.1462 0.2240 0.1562 0.1920 0.1650 0.1820 0.1713 0.1640 0.1737 0.1220
0 0.5025 0.0040 0.4988 0.0080 0.4988 0.0140 0.4963 0.0180 0.4913 0.0480 0.4875 0.0580 0.4850 0.0800 0.4850 0.0920 0.4913 0.1120 0.4950 0.1340 0.4938 0.1760 0.5062 0.1960 0.5262 0.2100 0.5375 0.2100 0.5537 0.2020 0.5600 0.1960 0.5625 0.1900 0.5737 0.1840 0.5763 0.1740 0.5763 0.1640 0.5800 0.1520 0.5938 0.1340 0.5913 0.1180 0.5800 0.0900 0.5637 0.0740 0.5550 0.0500 0.5337 0.0220 0.5288 0.0120 0.5150 0.0040
0 0.4750 0.0060 0.4662 0.0100 0.4600 0.0220 0.4550 0.0220 0.4238 0.0440 0.4062 0.0620 0.3937 0.0860 0.3900 0.1200 0.3837 0.1360 0.3738 0.1500 0.3600 0.1820 0.3475 0.1780 0.3463 0.1880 0.3575 0.1940 0.3588 0.2140 0.3625 0.2200 0.3925 0.2200 0.4100 0.2300 0.4150 0.2380 0.4150 0.2460 0.4088 0.2580 0.4138 0.2620 0.4350 0.2620 0.4550 0.2540 0.4763 0.2280 0.4900 0.1880 0.4925 0.1280 0.4825 0.0880 0.4850 0.0560 0.4813 0.0380 0.4813 0.0180
0 0.8225 0.2680 0.8213 0.2960 0.8462 0.3140 0.8762 0.3260 0.8912 0.3380 0.9075 0.3600 0.9175 0.3500 0.9363 0.3500 0.9437 0.3700 0.9437 0.4380 0.9663 0.5220 0.9775 0.5420 0.9988 0.5420 0.9988 0.3420 0.9637 0.3100 0.9537 0.2940 0.9513 0.2800 0.9350 0.2580 0.9125 0.2500 0.8512 0.2560
0 0.7950 0.0360 0.7900 0.0180 0.7762 0.0000 0.7137 0.0040 0.6937 0.0140 0.6775 0.0180 0.6687 0.0160 0.6500 0.0260 0.6388 0.0380 0.6238 0.0420 0.5938 0.0760 0.5900 0.0900 0.5962 0.1000 0.6262 0.1100 0.6338 0.0980 0.6512 0.0820 0.6488 0.0780 0.6575 0.0560 0.6813 0.0500 0.7113 0.0600 0.7250 0.0780 0.7325 0.0960 0.7625 0.0940 0.7850 0.0780 0.7950 0.0540
0 0.8175 0.2500 0.8225 0.2560 0.9087 0.2460 0.9325 0.2540 0.9500 0.2720 0.9550 0.2820 0.9563 0.2940 0.9663 0.3080 0.9988 0.3380 0.9988 0.2520 0.9337 0.2120 0.9237 0.2080 0.8938 0.2100 0.8938 0.1880 0.8912 0.1680 0.8888 0.1640 0.8812 0.1640 0.8725 0.1720 0.8550 0.2080 0.8438 0.2180 0.8350 0.2320 0.8213 0.2420
0 0.1737 0.0880 0.1750 0.1660 0.1975 0.2020 0.2025 0.2200 0.2112 0.2360 0.2087 0.2620 0.2125 0.2660 0.2300 0.2600 0.2362 0.2380 0.2512 0.2420 0.2650 0.2280 0.2863 0.2160 0.2888 0.2100 0.2900 0.1820 0.3063 0.1960 0.3262 0.2000 0.3287 0.2040 0.3425 0.1960 0.3200 0.1800 0.2800 0.1420 0.2725 0.1300 0.2675 0.1100 0.2737 0.1060 0.2900 0.1100 0.2950 0.1020 0.2675 0.0880 0.2487 0.0680 0.2275 0.0560 0.2025 0.0540 0.1875 0.0660
0 0.4350 0.3000 0.4100 0.2800 0.3613 0.2800 0.3425 0.2580 0.3250 0.2840 0.3350 0.3140 0.3100 0.3360 0.2863 0.3920 0.2238 0.4920 0.1862 0.6100 0.1812 0.6480 0.1825 0.7220 0.2062 0.7760 0.2225 0.7900 0.2750 0.7940 0.2825 0.7820 0.3025 0.7760 0.3350 0.7480 0.3475 0.7780 0.3638 0.7760 0.3775 0.7220 0.4012 0.6880 0.4000 0.6760 0.3887 0.6640 0.3688 0.6680 0.3638 0.6320 0.3800 0.4980 0.4037 0.4720 0.4175 0.4160 0.4188 0.3840 0.4012 0.3280 0.4138 0.3120 0.4300 0.3120
0 0.4550 0.0000 0.4075 0.0000 0.4062 0.0040 0.3563 0.0220 0.3275 0.0500 0.3200 0.0500 0.3113 0.0320 0.3088 0.0140 0.3063 0.0120 0.3038 0.0180 0.3038 0.0300 0.3088 0.0540 0.3088 0.0680 0.2975 0.1100 0.2888 0.1260 0.2888 0.1400 0.2963 0.1500 0.3137 0.1480 0.3187 0.1500 0.3212 0.1580 0.3325 0.1580 0.3787 0.1260 0.3875 0.1100 0.3962 0.0740 0.4188 0.0460 0.4475 0.0260
0 0.7250 0.0820 0.7150 0.0660 0.6925 0.0540 0.6663 0.0540 0.6525 0.0640 0.6488 0.0700 0.6538 0.0800 0.6500 0.0880 0.6350 0.1020 0.6262 0.1180 0.5975 0.1360 0.5825 0.1540 0.5787 0.1680 0.5800 0.1760 0.5875 0.1780 0.5975 0.1740 0.6000 0.1800 0.5725 0.2520 0.5713 0.2600 0.5737 0.2700 0.5787 0.2760 0.6062 0.2700 0.6212 0.2420 0.6388 0.2300 0.6775 0.2280 0.6900 0.1800 0.7025 0.1680 0.7150 0.1460 0.7312 0.1300 0.7325 0.1140
