0 0.2575 0.0300 0.2612 0.0660 0.2450 0.0960 0.2375 0.1420 0.2437 0.2260 0.2600 0.2940 0.2675 0.4200 0.2737 0.4220 0.2787 0.4060 0.2775 0.3020 0.2825 0.2720 0.3050 0.3060 0.3175 0.3880 0.3212 0.5140 0.3275 0.5200 0.3375 0.5080 0.3425 0.4100 0.3488 0.4020 0.3812 0.4880 0.4188 0.5460 0.4350 0.5860 0.4587 0.5720 0.4625 0.5020 0.4788 0.4660 0.4813 0.4360 0.4750 0.3960 0.4575 0.3840 0.4612 0.3100 0.4475 0.2500 0.3937 0.1120 0.3750 0.0800 0.3137 0.0380 0.2787 0.0500 0.2662 0.0300
0 0.7562 0.0480 0.7562 0.0520 0.7600 0.0580 0.7788 0.0740 0.8213 0.0980 0.8250 0.1020 0.8287 0.1020 0.8337 0.1060 0.8400 0.1060 0.8688 0.0720 0.8738 0.0480 0.8738 0.0360 0.8712 0.0300 0.8700 0.0200 0.8588 0.0000 0.8137 0.0000 0.8113 0.0180 0.8063 0.0260 0.8013 0.0300 0.7863 0.0300 0.7850 0.0320 0.7775 0.0320 0.7612 0.0400
0 0.6713 0.0080 0.6663 0.0720 0.7250 0.1080 0.7925 0.1340 0.8175 0.1520 0.8612 0.2280 0.8600 0.2680 0.8750 0.2720 0.8900 0.2680 0.9175 0.2300 0.9187 0.2080 0.9250 0.1920 0.9237 0.1840 0.9150 0.1900 0.9100 0.1660 0.9025 0.1500 0.8775 0.1240 0.8350 0.1100 0.7800 0.0780 0.7388 0.0400 0.7238 0.0040 0.6813 0.0000
0 0.5325 0.1640 0.5325 0.1760 0.5425 0.1840 0.5663 0.1840 0.6088 0.2040 0.6550 0.2100 0.6775 0.2340 0.7013 0.2480 0.7150 0.2440 0.7163 0.2140 0.7238 0.2020 0.7312 0.2080 0.7362 0.2460 0.7450 0.2160 0.7638 0.2020 0.7812 0.2660 0.8287 0.2900 0.8462 0.2880 0.8512 0.2800 0.8600 0.2340 0.8387 0.1880 0.8100 0.1480 0.7288 0.1140 0.6550 0.0700 0.6088 0.0640 0.5863 0.0740 0.5650 0.0940 0.5587 0.1380 0.5463 0.1560
0 0.6687 0.2640 0.6663 0.2900 0.6775 0.3220 0.7113 0.3580 0.7788 0.4720 0.7925 0.5200 0.8287 0.5780 0.8275 0.5840 0.8000 0.5780 0.8100 0.6140 0.8263 0.6260 0.8175 0.6360 0.8175 0.6460 0.8313 0.6780 0.8888 0.7240 0.9000 0.6860 0.9337 0.7000 0.9463 0.6960 0.9600 0.6760 0.9875 0.5960 0.9888 0.5340 0.9675 0.4700 0.9463 0.4340 0.8275 0.2980 0.7750 0.2660 0.7625 0.2060 0.7475 0.2180 0.7388 0.2560 0.7275 0.2380 0.7288 0.2080 0.7238 0.2060 0.7188 0.2140 0.7150 0.2640 0.7050 0.2700
0 0.2188 0.6240 0.1663 0.6540 0.1388 0.6840 0.0838 0.6740 0.0638 0.6520 0.0362 0.6520 0.0325 0.6700 0.0325 0.6960 0.0362 0.7020 0.0000 0.7340 0.0000 0.9980 0.1613 0.9980 0.1862 0.9540 0.1963 0.9220 0.1975 0.8420 0.1812 0.7620 0.1963 0.7580 0.2200 0.7100 0.2225 0.6780
0 0.4850 0.4180 0.4863 0.4760 0.5400 0.4500 0.5988 0.4880 0.5925 0.5480 0.6062 0.6020 0.6425 0.6740 0.6450 0.7080 0.6350 0.7460 0.5775 0.8080 0.5813 0.8420 0.6687 0.7920 0.6975 0.8140 0.7300 0.8740 0.7850 0.9420 0.8050 0.9480 0.8200 0.9360 0.8438 0.8480 0.8650 0.8300 0.8600 0.7960 0.9038 0.7580 0.8313 0.7080 0.7963 0.5840 0.7762 0.4740 0.7150 0.3680 0.6875 0.3380 0.6550 0.3240 0.5975 0.3500 0.5713 0.3840 0.5300 0.4140
0 0.5563 0.6020 0.5112 0.5740 0.4612 0.5760 0.4037 0.6220 0.3513 0.7200 0.3325 0.8080 0.3325 0.8580 0.3412 0.9340 0.3525 0.9600 0.3825 0.9980 0.5513 0.9980 0.5637 0.9820 0.5725 0.9600 0.5787 0.9140 0.5787 0.8620 0.5700 0.8200 0.5675 0.7720 0.6112 0.7680 0.6238 0.7580 0.6250 0.7460 0.6062 0.6840
0 0.9587 0.1200 0.9425 0.1280 0.9163 0.1720 0.9413 0.2000 0.9537 0.2820 0.9788 0.3020 0.9712 0.3080 0.9375 0.3140 0.9363 0.3200 0.9450 0.3280 0.9950 0.3380 0.9912 0.3480 0.9600 0.3660 0.9650 0.3800 0.9850 0.3820 0.9925 0.3740 0.9988 0.3740 0.9988 0.1400 0.9775 0.1220
0 0.8725 0.0200 0.8725 0.0260 0.8750 0.0340 0.8750 0.0500 0.8712 0.0660 0.8712 0.0720 0.8562 0.0880 0.8438 0.1080 0.8475 0.1120 0.8525 0.1120 0.8538 0.1140 0.8675 0.1140 0.8712 0.1160 0.9012 0.1440 0.9113 0.1620 0.9163 0.1620 0.9237 0.1540 0.9413 0.1260 0.9425 0.1060 0.9437 0.1040 0.9425 0.0720 0.9400 0.0680 0.9375 0.0560 0.9187 0.0260 0.9000 0.0140 0.8800 0.0140
0 0.4012 0.0000 0.4088 0.0720 0.4075 0.1420 0.4275 0.2000 0.4462 0.2420 0.4487 0.2400 0.4462 0.1640 0.4525 0.1540 0.4575 0.1580 0.4600 0.2220 0.4562 0.2620 0.4600 0.2680 0.4675 0.2680 0.4725 0.2640 0.4775 0.2520 0.4763 0.2180 0.4813 0.2040 0.4800 0.1800 0.4925 0.1380 0.4925 0.1120 0.4975 0.0760 0.4950 0.0380 0.4900 0.0240 0.4750 0.0000
0 0.2762 0.0000 0.2762 0.0240 0.2787 0.0420 0.2812 0.0460 0.2975 0.0360 0.3162 0.0360 0.3550 0.0580 0.3762 0.0780 0.3900 0.1000 0.4037 0.1320 0.4062 0.1220 0.4062 0.0500 0.4025 0.0160 0.3975 0.0000
0 0.1375 0.1120 0.1013 0.1080 0.0737 0.1260 0.0350 0.1860 0.0000 0.2740 0.0000 0.7220 0.0300 0.6960 0.0312 0.6640 0.0413 0.6440 0.0650 0.6460 0.0762 0.5860 0.0862 0.6300 0.0950 0.6400 0.1062 0.6340 0.1150 0.5240 0.1113 0.4360 0.1375 0.3680 0.1475 0.3960 0.1500 0.5000 0.1600 0.5000 0.1650 0.4680 0.1663 0.3480 0.1750 0.3020 0.1737 0.1760 0.1625 0.1420
