1 0.87421875 0.4328125 0.190625 0.1765625
4 0.72421875 0.38515625 0.30625 0.121875
4 0.11484375 0.35625 0.2296875 0.1359375
3 0.84609375 0.9265625 0.3078125 0.146875
2 0.8875 0.56015625 0.221875 0.1015625
3 0.55703125 0.7609375 0.496875 0.15625
3 0.3109375 0.09921875 0.178125 0.1921875
0 0.4453125 0.54609375 0.2375 0.2828125
0 0.20859375 0.47109375 0.4171875 0.190625
3 0.75390625 0.171875 0.190625 0.184375
3 0.13671875 0.11171875 0.2703125 0.215625
3 0.88984375 0.2625 0.178125 0.1125
3 0.8828125 0.1296875 0.184375 0.1796875
3 0.5875 0.11953125 0.234375 0.1
3 0.06640625 0.10703125 0.125 0.153125
3 0.41875 0.07421875 0.20625 0.1484375
4 0.77265625 0.04921875 0.23125 0.0890625