1 0.56640625 0.875 0.175 0.1890625
4 0.6140625 0.725 0.121875 0.30625
4 0.64296875 0.11484375 0.1359375 0.2296875
3 0.075 0.846875 0.15 0.30625
3 0.2390625 0.56875 0.15625 0.475
2 0.43984375 0.88828125 0.0984375 0.221875
0 0.4640625 0.44453125 0.303125 0.240625
3 0.9015625 0.309375 0.1921875 0.178125
0 0.52421875 0.21953125 0.1875 0.415625
3 0.8890625 0.13125 0.215625 0.253125
3 0.828125 0.753125 0.184375 0.19375
3 0.88828125 0.08359375 0.165625 0.1609375
3 0.73828125 0.88984375 0.1125 0.184375
3 0.92578125 0.4203125 0.1484375 0.175
3 0.88046875 0.59375 0.109375 0.2515625
4 0.95078125 0.7734375 0.0890625 0.2328125
3 0.86328125 0.88828125 0.1859375 0.1828125