1 0.43359375 0.87421875 0.175 0.190625
4 0.3859375 0.7234375 0.121875 0.303125
4 0.35703125 0.11484375 0.134375 0.2296875
3 0.921875 0.8453125 0.15625 0.309375
3 0.7609375 0.5734375 0.15625 0.46875
0 0.5328125 0.44375 0.309375 0.240625
2 0.5625 0.88828125 0.096875 0.221875
0 0.4765625 0.21953125 0.184375 0.415625
3 0.1109375 0.12890625 0.215625 0.253125
3 0.1 0.3078125 0.19375 0.1828125
3 0.171875 0.75390625 0.184375 0.19375
3 0.26171875 0.88828125 0.1125 0.1828125
4 0.046875 0.78046875 0.090625 0.2296875
3 0.0734375 0.4203125 0.146875 0.16875
3 0.1171875 0.5796875 0.103125 0.259375
3 0.1109375 0.07734375 0.1703125 0.1546875
3 0.13515625 0.88359375 0.1859375 0.19375