1 0.1265625 0.434375 0.184375 0.178125
4 0.2765625 0.3859375 0.303125 0.121875
4 0.88515625 0.35703125 0.2296875 0.134375
3 0.4703125 0.7640625 0.5375 0.15
0 0.54296875 0.528125 0.2515625 0.325
3 0.15234375 0.9125 0.3046875 0.175
2 0.1125 0.5640625 0.225 0.09375
3 0.11171875 0.2609375 0.1796875 0.11875
0 0.78046875 0.4765625 0.415625 0.18125
3 0.70078125 0.09921875 0.20625 0.190625
3 0.24453125 0.171875 0.1984375 0.1828125
3 0.86640625 0.11328125 0.259375 0.2171875
3 0.93671875 0.10390625 0.11875 0.18125
4 0.228125 0.05 0.23125 0.0890625
3 0.44296875 0.1109375 0.3078125 0.13125
3 0.109375 0.134375 0.1890625 0.178125
4 0.17578125 0.01640625 0.128125 0.0328125