1 0.5671875 0.875 0.18125 0.190625
4 0.6140625 0.721875 0.1234375 0.3015625
4 0.6421875 0.115625 0.1359375 0.23125
3 0.23984375 0.50546875 0.153125 0.559375
0 0.47265625 0.45625 0.328125 0.25
2 0.43515625 0.8859375 0.09375 0.225
3 0.73359375 0.884375 0.1015625 0.184375
3 0.82890625 0.7578125 0.1828125 0.1890625
0 0.5234375 0.21953125 0.1828125 0.4171875
3 0.9 0.3125 0.190625 0.21875
3 0.89140625 0.065625 0.175 0.1234375
3 0.88828125 0.13515625 0.2171875 0.259375
3 0.890625 0.5625 0.14375 0.3125
3 0.090625 0.85234375 0.18125 0.2953125
4 0.95 0.775 0.090625 0.2359375
4 0.98046875 0.828125 0.0390625 0.140625