1 0.5671875 0.125 0.18125 0.190625
4 0.6140625 0.278125 0.1234375 0.3015625
4 0.6421875 0.884375 0.13515625 0.23046875
3 0.23984375 0.49453125 0.153125 0.56015625
0 0.47265625 0.54375 0.32890625 0.25
2 0.43515625 0.1140625 0.09296875 0.225
3 0.73359375 0.115625 0.10078125 0.18515625
3 0.82890625 0.2421875 0.1828125 0.18828125
0 0.5234375 0.78046875 0.18203125 0.4171875
3 0.9 0.6875 0.190625 0.21875
3 0.89140625 0.934375 0.17578125 0.1234375
3 0.88828125 0.86484375 0.21640625 0.25859375
3 0.890625 0.4375 0.14375 0.31171875
3 0.090625 0.14765625 0.18125 0.2953125
4 0.95 0.225 0.08984375 0.23515625
4 0.98046875 0.171875 0.0390625 0.140625