1 0.125 0.43359375 0.1875 0.18125
4 0.27734375 0.3859375 0.303125 0.121875
4 0.884375 0.3578125 0.23125 0.134375
3 0.49375 0.76015625 0.5609375 0.153125
0 0.54453125 0.5265625 0.2515625 0.33125
2 0.11484375 0.56484375 0.225 0.0921875
3 0.9421875 0.1078125 0.1078125 0.175
3 0.2421875 0.17109375 0.1875 0.1828125
3 0.11171875 0.2671875 0.1828125 0.1
0 0.78046875 0.47734375 0.415625 0.18125
3 0.86328125 0.11171875 0.2625 0.215625
3 0.6875 0.1 0.215625 0.19375
3 0.1515625 0.90859375 0.303125 0.1828125
3 0.440625 0.11484375 0.315625 0.134375
4 0.22578125 0.04921875 0.234375 0.0875