1 0.4328125 0.125 0.1828125 0.1875
4 0.3859375 0.275 0.1234375 0.30625
4 0.3578125 0.884375 0.1359375 0.23125
3 0.76171875 0.49453125 0.1484375 0.559375
0 0.528125 0.54375 0.3296875 0.253125
2 0.56484375 0.115625 0.0921875 0.2265625
3 0.17109375 0.24375 0.184375 0.190625
0 0.471875 0.79375 0.1875 0.4125
3 0.90859375 0.1515625 0.1828125 0.303125
3 0.11171875 0.8625 0.215625 0.259375
3 0.109375 0.93515625 0.178125 0.121875
3 0.09921875 0.68828125 0.1921875 0.2171875
3 0.26640625 0.1109375 0.1015625 0.18125
3 0.12265625 0.440625 0.1171875 0.315625
4 0.05 0.22578125 0.0890625 0.234375
4 0.01953125 0.1765625 0.0390625 0.15625