1 0.5671875 0.125 0.18125 0.1875
4 0.61484375 0.27578125 0.121875 0.303125
4 0.6421875 0.884375 0.1359375 0.23125
3 0.23984375 0.4953125 0.1546875 0.559375
0 0.4734375 0.54453125 0.3265625 0.2515625
2 0.43515625 0.1140625 0.0921875 0.2234375
3 0.0921875 0.15703125 0.184375 0.3140625
3 0.82890625 0.2453125 0.1828125 0.19375
3 0.90078125 0.69140625 0.190625 0.21875
0 0.528125 0.79453125 0.1890625 0.4109375
3 0.89140625 0.94140625 0.175 0.109375
3 0.88203125 0.44296875 0.128125 0.3140625
3 0.88984375 0.86484375 0.215625 0.2703125
3 0.73359375 0.1125 0.103125 0.18125
4 0.95 0.2265625 0.090625 0.234375
3 0.86484375 0.115625 0.1890625 0.178125