1 0.565625 0.12578125 0.18125 0.190625
4 0.6140625 0.275 0.1234375 0.30625
4 0.64296875 0.884375 0.13515625 0.23046875
3 0.23984375 0.4953125 0.1578125 0.55859375
2 0.43515625 0.115625 0.09140625 0.22734375
0 0.4734375 0.54375 0.32578125 0.24921875
3 0.09140625 0.1578125 0.1828125 0.315625
3 0.828125 0.24453125 0.18359375 0.19375
0 0.5234375 0.78125 0.18125 0.415625
3 0.8890625 0.8609375 0.2140625 0.27109375
3 0.90078125 0.6875 0.190625 0.20625
3 0.88515625 0.44296875 0.13515625 0.309375
3 0.73515625 0.1125 0.1078125 0.18046875
3 0.89609375 0.9375 0.16328125 0.11796875
4 0.95 0.22734375 0.0890625 0.2328125
3 0.865625 0.11640625 0.1859375 0.18046875
4 0.98125 0.17109375 0.0375 0.1453125