1 0.875 0.434375 0.1890625 0.18125
4 0.72421875 0.3859375 0.3046875 0.1234375
4 0.11484375 0.35625 0.2296875 0.134375
3 0.503125 0.75859375 0.553125 0.159375
2 0.88515625 0.5640625 0.225 0.090625
0 0.45703125 0.52421875 0.246875 0.328125
3 0.84140625 0.909375 0.315625 0.18125
3 0.75703125 0.17109375 0.1875 0.184375
0 0.21953125 0.4765625 0.415625 0.18125
3 0.14140625 0.10859375 0.278125 0.209375
3 0.3109375 0.1 0.20625 0.19375
3 0.8875 0.2640625 0.18125 0.109375
3 0.06015625 0.10703125 0.1125 0.171875
4 0.77265625 0.046875 0.2296875 0.0875
3 0.55546875 0.11484375 0.3140625 0.134375