1 0.87265625 0.56484375 0.184375 0.1828125
4 0.72421875 0.6140625 0.3046875 0.121875
4 0.11484375 0.64375 0.2296875 0.1359375
3 0.5 0.2421875 0.5375 0.1609375
3 0.8375 0.09140625 0.325 0.1828125
2 0.88671875 0.434375 0.225 0.0875
0 0.45546875 0.47578125 0.25625 0.3171875
3 0.140625 0.89375 0.2796875 0.209375
3 0.5640625 0.87421875 0.296875 0.1125
3 0.75546875 0.82734375 0.190625 0.1859375
0 0.2203125 0.52421875 0.4171875 0.18125
3 0.30859375 0.9015625 0.1984375 0.1921875
3 0.88671875 0.734375 0.18125 0.1078125
4 0.771875 0.95 0.23125 0.090625
3 0.8859375 0.8640625 0.1828125 0.1828125
3 0.05 0.90625 0.1 0.14375