1 0.5640625 0.128125 0.18125 0.184375
4 0.61328125 0.275 0.12421875 0.30390625
3 0.2421875 0.50234375 0.1625 0.54140625
4 0.64296875 0.884375 0.1359375 0.23125
3 0.09140625 0.159375 0.1828125 0.31875
2 0.434375 0.1140625 0.0890625 0.22734375
0 0.4765625 0.54296875 0.31640625 0.25546875
3 0.89375 0.86015625 0.2078125 0.27890625
3 0.87421875 0.43515625 0.1125 0.29921875
3 0.82734375 0.24375 0.1859375 0.190625
0 0.52421875 0.7796875 0.184375 0.41796875
3 0.7421875 0.11484375 0.12265625 0.18125
3 0.90234375 0.69375 0.190625 0.19296875
4 0.95 0.22578125 0.08984375 0.225
3 0.975 0.4703125 0.05 0.234375
3 0.865625 0.11484375 0.178125 0.1796875