1 0.56328125 0.12734375 0.1828125 0.1828125
4 0.61328125 0.27578125 0.1234375 0.303125
3 0.24296875 0.5078125 0.16171875 0.5453125
4 0.64296875 0.884375 0.1359375 0.23125
2 0.434375 0.1140625 0.08828125 0.22734375
0 0.4796875 0.54140625 0.31875 0.2609375
3 0.090625 0.159375 0.18125 0.31875
3 0.89296875 0.86171875 0.2078125 0.275
0 0.5234375 0.77890625 0.18359375 0.41953125
3 0.82734375 0.24609375 0.1859375 0.19453125
3 0.875 0.4375 0.11171875 0.2984375
3 0.7421875 0.11328125 0.12109375 0.17890625
3 0.90078125 0.6921875 0.19296875 0.1859375
4 0.95234375 0.221875 0.09375 0.22578125