1 0.56328125 0.1265625 0.1828125 0.18359375
4 0.6140625 0.27734375 0.1234375 0.30078125
4 0.64296875 0.884375 0.1359375 0.23046875
2 0.434375 0.1140625 0.08828125 0.22734375
3 0.24375 0.50625 0.16171875 0.5421875
3 0.09140625 0.16015625 0.1828125 0.3203125
3 0.89296875 0.8609375 0.20859375 0.27578125
0 0.47890625 0.53984375 0.315625 0.259375
0 0.53515625 0.778125 0.1890625 0.4203125
3 0.87265625 0.4375 0.10546875 0.29765625
3 0.82734375 0.246875 0.1859375 0.19765625
3 0.7359375 0.11484375 0.12109375 0.18125
3 0.90078125 0.690625 0.19375 0.18359375
4 0.95234375 0.22109375 0.09296875 0.225