1 0.1265625 0.4375 0.1828125 0.18125
4 0.27734375 0.38671875 0.3 0.125
4 0.884375 0.35703125 0.23125 0.1375
3 0.51484375 0.75625 0.553125 0.15625
2 0.11484375 0.565625 0.2296875 0.0875
3 0.865625 0.1078125 0.265625 0.2109375
3 0.16015625 0.909375 0.3203125 0.18125
0 0.5296875 0.51796875 0.25625 0.3125
3 0.43671875 0.134375 0.2609375 0.0875
0 0.778125 0.48828125 0.43125 0.228125
3 0.25 0.17109375 0.203125 0.184375
3 0.7015625 0.10234375 0.2109375 0.196875
3 0.1109375 0.25703125 0.1796875 0.125
3 0.9625 0.1 0.075 0.190625
3 0.1171875 0.1390625 0.1671875 0.184375
4 0.22421875 0.05 0.2265625 0.090625
3 0.428125 0.02265625 0.31875 0.0453125