1 0.5625 0.12578125 0.18046875 0.184375
4 0.64296875 0.884375 0.13671875 0.23125
4 0.61328125 0.27578125 0.12421875 0.3046875
3 0.09140625 0.1625 0.1828125 0.325
0 0.51875 0.7703125 0.2265625 0.44765625
3 0.24375 0.51484375 0.15546875 0.553125
3 0.8921875 0.865625 0.2109375 0.26328125
3 0.8671875 0.4328125 0.08359375 0.24140625
2 0.43515625 0.11484375 0.08828125 0.22890625
0 0.4828125 0.53359375 0.31328125 0.25234375
3 0.82890625 0.2484375 0.1828125 0.20703125
3 0.89765625 0.70078125 0.196875 0.209375
3 0.74453125 0.11171875 0.12890625 0.18046875
3 0.8640625 0.11796875 0.17890625 0.1703125
3 0.9015625 0.96171875 0.19296875 0.0765625
4 0.95 0.2234375 0.090625 0.228125