1 0.4375 0.87421875 0.18125 0.184375
4 0.35703125 0.115625 0.1375 0.23125
4 0.38671875 0.72421875 0.125 0.3046875
3 0.90859375 0.8375 0.1828125 0.325
0 0.48125 0.2296875 0.2265625 0.446875
3 0.75625 0.48515625 0.15625 0.553125
3 0.1078125 0.134375 0.2109375 0.2640625
3 0.1328125 0.5671875 0.084375 0.2421875
2 0.56484375 0.88515625 0.0890625 0.228125
0 0.5171875 0.46640625 0.3125 0.253125
3 0.17109375 0.7515625 0.1828125 0.20625
3 0.10234375 0.29921875 0.196875 0.209375
3 0.25546875 0.88828125 0.128125 0.18125
3 0.1359375 0.88203125 0.178125 0.1703125
3 0.0984375 0.03828125 0.19375 0.0765625
4 0.05 0.7765625 0.090625 0.228125