1 0.87421875 0.43671875 0.18125 0.178125
4 0.115625 0.35703125 0.23125 0.1359375
4 0.72421875 0.3859375 0.30625 0.121875
3 0.83359375 0.909375 0.3328125 0.18125
0 0.21953125 0.47734375 0.425 0.21875
0 0.46640625 0.51328125 0.24375 0.309375
3 0.56171875 0.1328125 0.2234375 0.08125
3 0.13203125 0.10859375 0.2609375 0.2125
3 0.48046875 0.75390625 0.55625 0.1578125
3 0.75234375 0.17421875 0.20625 0.190625
3 0.303125 0.09921875 0.2 0.19375
3 0.88125 0.13984375 0.175 0.178125
2 0.8859375 0.565625 0.228125 0.0875
3 0.8859375 0.25703125 0.18125 0.125
4 0.77421875 0.05078125 0.234375 0.090625
3 0.5171875 0.0265625 0.221875 0.053125