1 0.56328125 0.12578125 0.17890625 0.18203125
4 0.64296875 0.884375 0.1359375 0.23125
4 0.6140625 0.27578125 0.12265625 0.30546875
3 0.090625 0.16640625 0.18125 0.3328125
0 0.52265625 0.78046875 0.21875 0.425
0 0.48671875 0.53359375 0.31015625 0.24375
3 0.8671875 0.43828125 0.08125 0.2234375
3 0.89140625 0.86796875 0.2125 0.2609375
3 0.24609375 0.51953125 0.1578125 0.55546875
3 0.82578125 0.24765625 0.190625 0.20625
3 0.90078125 0.696875 0.19375 0.20078125
3 0.86015625 0.11875 0.17890625 0.17421875
2 0.434375 0.1140625 0.0875 0.228125
3 0.74296875 0.1140625 0.125 0.18203125
4 0.94921875 0.22578125 0.09140625 0.234375
3 0.9734375 0.4828125 0.05234375 0.221875