1 0.8734375 0.4359375 0.184375 0.178125
4 0.72265625 0.38671875 0.303125 0.125
4 0.115625 0.3578125 0.23125 0.134375
2 0.8859375 0.5640625 0.228125 0.090625
3 0.83359375 0.91015625 0.3328125 0.1796875
3 0.8859375 0.259375 0.18125 0.1234375
3 0.55703125 0.134375 0.2125 0.078125
0 0.221875 0.47421875 0.43125 0.221875
3 0.48203125 0.7546875 0.553125 0.15625
3 0.88046875 0.13671875 0.175 0.1765625
3 0.1328125 0.109375 0.2640625 0.2140625
3 0.75390625 0.17109375 0.2015625 0.1875
0 0.46953125 0.5109375 0.2453125 0.3078125
4 0.771875 0.046875 0.2328125 0.0875
3 0.30390625 0.09921875 0.1984375 0.19375