1 0.12734375 0.56328125 0.184375 0.178125
4 0.27734375 0.61328125 0.303125 0.1234375
2 0.11484375 0.43671875 0.2296875 0.090625
4 0.884375 0.64296875 0.23125 0.134375
3 0.1140625 0.73984375 0.18125 0.121875
3 0.165625 0.08984375 0.33125 0.1796875
0 0.7765625 0.52421875 0.434375 0.225
3 0.51953125 0.24921875 0.5578125 0.1578125
3 0.86640625 0.89140625 0.265625 0.2140625
3 0.1203125 0.8625 0.1765625 0.178125
3 0.44296875 0.8671875 0.209375 0.078125
3 0.24609375 0.828125 0.2 0.1875
3 0.69609375 0.90078125 0.2 0.19375
0 0.53359375 0.490625 0.25 0.30625
4 0.228125 0.953125 0.23125 0.0875