1 0.56328125 0.12734375 0.178125 0.1859375
2 0.43671875 0.1140625 0.090625 0.228125
4 0.6140625 0.2765625 0.1234375 0.303125
4 0.6421875 0.884375 0.13515625 0.23125
3 0.08984375 0.16875 0.1796875 0.3375
0 0.52265625 0.771875 0.2421875 0.44140625
3 0.25078125 0.5171875 0.1578125 0.55390625
3 0.74140625 0.1140625 0.125 0.18046875
3 0.86328125 0.121875 0.1765625 0.1796875
0 0.4921875 0.53671875 0.30078125 0.2578125
3 0.890625 0.8640625 0.2140625 0.26953125
3 0.82734375 0.24453125 0.1890625 0.19921875
3 0.9015625 0.69609375 0.1921875 0.20078125
3 0.8671875 0.44296875 0.0765625 0.19453125
4 0.95 0.22734375 0.08984375 0.2328125