1 0.871875 0.43671875 0.1859375 0.178125
4 0.72265625 0.38671875 0.303125 0.125
4 0.1171875 0.35859375 0.234375 0.1359375
2 0.88515625 0.56328125 0.2296875 0.090625
3 0.83203125 0.91015625 0.3359375 0.1796875
3 0.88671875 0.26015625 0.1796875 0.121875
3 0.8734375 0.13671875 0.1875 0.175
3 0.48046875 0.74921875 0.559375 0.1578125
0 0.2296875 0.47734375 0.4453125 0.24375
3 0.753125 0.17265625 0.2046875 0.1875
3 0.1390625 0.1078125 0.275 0.2109375
0 0.46640625 0.5046875 0.26875 0.296875
3 0.55390625 0.13046875 0.1890625 0.078125
3 0.29609375 0.09921875 0.2171875 0.190625
4 0.7734375 0.05 0.234375 0.090625