1 0.5640625 0.128125 0.17578125 0.184375
4 0.6125 0.27734375 0.12578125 0.30390625
4 0.6421875 0.88359375 0.13515625 0.23203125
2 0.43671875 0.115625 0.0921875 0.23046875
3 0.08984375 0.1703125 0.1796875 0.340625
0 0.52265625 0.74609375 0.23671875 0.44453125
3 0.734375 0.11171875 0.10703125 0.17890625
3 0.828125 0.2453125 0.18671875 0.20078125
3 0.2515625 0.521875 0.15546875 0.5609375
0 0.51328125 0.5125 0.2875 0.253125
3 0.8625 0.1328125 0.1765625 0.19609375
3 0.89296875 0.853125 0.21015625 0.28984375
3 0.90078125 0.70546875 0.19140625 0.23359375
3 0.8765625 0.46171875 0.0890625 0.17265625
4 0.95078125 0.2234375 0.0890625 0.2296875