1 0.5640625 0.1265625 0.178125 0.1828125
4 0.6125 0.2765625 0.12578125 0.30390625
0 0.525 0.73671875 0.23359375 0.4421875
2 0.4359375 0.11484375 0.09375 0.2296875
4 0.6421875 0.88359375 0.134375 0.2328125
3 0.253125 0.521875 0.15546875 0.56171875
3 0.08984375 0.1671875 0.1796875 0.334375
3 0.734375 0.1125 0.10859375 0.1796875
3 0.8265625 0.246875 0.18671875 0.20859375
3 0.86015625 0.128125 0.1765625 0.20078125
0 0.5140625 0.50859375 0.28359375 0.2515625
3 0.90234375 0.68984375 0.18984375 0.221875
3 0.89375 0.8484375 0.20859375 0.303125
3 0.88203125 0.4734375 0.09453125 0.17734375
4 0.95078125 0.2234375 0.0890625 0.228125