1 0.56484375 0.128125 0.17734375 0.1859375
4 0.6125 0.2765625 0.12578125 0.30390625
0 0.521875 0.72578125 0.23515625 0.4109375
3 0.08984375 0.1703125 0.1796875 0.340625
3 0.83046875 0.24765625 0.17734375 0.2140625
2 0.4375 0.11484375 0.09453125 0.22890625
4 0.6421875 0.88359375 0.134375 0.2328125
3 0.73125 0.11328125 0.10234375 0.18671875
3 0.86015625 0.13125 0.17265625 0.20234375
3 0.25234375 0.521875 0.15546875 0.5640625
3 0.89375 0.84921875 0.2078125 0.3015625
0 0.51484375 0.5015625 0.28203125 0.24765625
3 0.90390625 0.69375 0.18671875 0.22421875
3 0.88359375 0.4828125 0.0953125 0.17890625
4 0.95 0.225 0.08984375 0.22421875