1 0.56484375 0.12734375 0.1765625 0.18359375
4 0.61328125 0.278125 0.12578125 0.3015625
3 0.08984375 0.17109375 0.1796875 0.3421875
0 0.52265625 0.725 0.2390625 0.4125
3 0.73125 0.1125 0.103125 0.18515625
3 0.83046875 0.246875 0.178125 0.21328125
3 0.859375 0.13046875 0.171875 0.2
2 0.4375 0.11484375 0.09375 0.22890625
4 0.6421875 0.8828125 0.134375 0.234375
3 0.2515625 0.52265625 0.15625 0.56640625
3 0.89453125 0.84921875 0.20625 0.3015625
0 0.51640625 0.50625 0.28046875 0.26328125
3 0.903125 0.69609375 0.18671875 0.2375
4 0.95078125 0.22578125 0.0890625 0.221875
3 0.88359375 0.484375 0.09765625 0.1828125