1 0.56484375 0.12734375 0.1765625 0.18515625
4 0.6125 0.2765625 0.1265625 0.30625
3 0.08984375 0.17109375 0.1796875 0.34140625
0 0.53359375 0.71875 0.2421875 0.40625
3 0.85859375 0.13046875 0.171875 0.19921875
3 0.83046875 0.246875 0.1765625 0.2140625
3 0.7328125 0.11328125 0.103125 0.1859375
4 0.64140625 0.8828125 0.1359375 0.234375
3 0.25234375 0.521875 0.15546875 0.56328125
2 0.43828125 0.115625 0.09453125 0.23046875
3 0.89453125 0.8484375 0.20546875 0.303125
0 0.5171875 0.50390625 0.2796875 0.26484375
3 0.903125 0.69453125 0.18515625 0.2328125
4 0.95078125 0.2265625 0.0890625 0.221875
3 0.88359375 0.48359375 0.096875 0.18203125