1 0.56484375 0.871875 0.175 0.184375
4 0.61328125 0.721875 0.125 0.303125
3 0.83125 0.75078125 0.175 0.21875
3 0.090625 0.83125 0.178125 0.3375
3 0.7328125 0.88671875 0.1046875 0.184375
0 0.53203125 0.2828125 0.2453125 0.4046875
3 0.8578125 0.86953125 0.171875 0.2
4 0.64296875 0.11640625 0.134375 0.23125
3 0.25234375 0.47890625 0.15625 0.565625
2 0.43828125 0.88515625 0.0953125 0.2296875
3 0.89453125 0.15234375 0.20625 0.303125
0 0.51796875 0.49765625 0.278125 0.2625
3 0.903125 0.3046875 0.184375 0.234375
3 0.8828125 0.51640625 0.096875 0.171875
4 0.95234375 0.778125 0.09375 0.23125