1 0.1265625 0.434375 0.184375 0.1765625
4 0.27734375 0.38671875 0.303125 0.125
3 0.1671875 0.909375 0.334375 0.18125
3 0.2484375 0.16875 0.21875 0.175
3 0.1125 0.2671875 0.1828125 0.1046875
0 0.70703125 0.46875 0.390625 0.246875
3 0.1359375 0.140625 0.2 0.171875
4 0.88359375 0.35703125 0.23125 0.134375
3 0.5203125 0.74765625 0.5625 0.1546875
2 0.115625 0.56171875 0.23125 0.0953125
3 0.85 0.10546875 0.3 0.20625
0 0.5109375 0.4921875 0.26875 0.28125
3 0.696875 0.0984375 0.2375 0.1890625
3 0.48125 0.1171875 0.16875 0.096875
4 0.225 0.04921875 0.225 0.0890625