1 0.5671875 0.12734375 0.17734375 0.1859375
4 0.61328125 0.278125 0.125 0.30078125
0 0.528125 0.67890625 0.25 0.33125
3 0.08984375 0.17265625 0.1796875 0.3453125
3 0.73046875 0.1125 0.1 0.184375
3 0.83046875 0.2484375 0.178125 0.2171875
3 0.25 0.51875 0.15859375 0.55859375
3 0.89296875 0.85234375 0.2078125 0.2953125
3 0.85234375 0.13203125 0.17109375 0.2015625
2 0.4390625 0.115625 0.0953125 0.23125
4 0.64296875 0.88359375 0.1359375 0.2328125
3 0.90078125 0.69453125 0.18984375 0.22578125
0 0.51796875 0.4625 0.2734375 0.20625
3 0.88203125 0.48203125 0.0984375 0.16796875
4 0.95 0.225 0.08984375 0.2265625