1 0.128125 0.43359375 0.184375 0.178125
4 0.278125 0.38671875 0.296875 0.125
0 0.6765625 0.47265625 0.328125 0.25
3 0.17265625 0.909375 0.3453125 0.178125
3 0.11328125 0.26953125 0.184375 0.0984375
3 0.51875 0.74921875 0.559375 0.1578125
3 0.2484375 0.17109375 0.21875 0.18125
3 0.13125 0.14921875 0.203125 0.171875
3 0.85234375 0.10546875 0.2953125 0.20625
4 0.88359375 0.36015625 0.2328125 0.1375
2 0.115625 0.5609375 0.23125 0.096875
3 0.6953125 0.09921875 0.2296875 0.190625
0 0.46328125 0.48125 0.2171875 0.2734375
3 0.48125 0.1171875 0.165625 0.096875
4 0.221875 0.0484375 0.23125 0.09375