1 0.43359375 0.12734375 0.178125 0.184375
0 0.4734375 0.67734375 0.2484375 0.3296875
4 0.38671875 0.2765625 0.125 0.3
3 0.909375 0.17421875 0.175 0.346875
3 0.26953125 0.1125 0.0984375 0.184375
3 0.1703125 0.2484375 0.18125 0.21875
3 0.74921875 0.51953125 0.15625 0.55625
3 0.15078125 0.13203125 0.171875 0.2046875
3 0.10625 0.8515625 0.20625 0.296875
2 0.56171875 0.115625 0.0953125 0.23125
4 0.36015625 0.88359375 0.1375 0.2328125
3 0.0984375 0.6828125 0.190625 0.196875
0 0.48125 0.46171875 0.275 0.21875
3 0.1171875 0.4828125 0.096875 0.16875
4 0.04921875 0.22578125 0.0890625 0.225