1 0.56640625 0.128125 0.17578125 0.18515625
4 0.61328125 0.27734375 0.12421875 0.30078125
0 0.528125 0.678125 0.25078125 0.33046875
3 0.728125 0.11328125 0.0953125 0.1859375
3 0.090625 0.1734375 0.17734375 0.346875
3 0.24921875 0.51953125 0.15859375 0.55703125
3 0.82890625 0.24765625 0.18125 0.215625
3 0.846875 0.1359375 0.1671875 0.203125
3 0.89296875 0.8515625 0.2078125 0.296875
2 0.4390625 0.115625 0.09609375 0.23125
4 0.6390625 0.8828125 0.1375 0.234375
0 0.51875 0.4609375 0.27421875 0.221875
3 0.90078125 0.69453125 0.19140625 0.22890625
3 0.8828125 0.4828125 0.09765625 0.1703125
4 0.9515625 0.221875 0.09375 0.23125