1 0.43359375 0.87265625 0.1765625 0.1859375
4 0.3859375 0.72578125 0.121875 0.2875
0 0.471875 0.32265625 0.25 0.33125
3 0.909375 0.8234375 0.1765625 0.353125
3 0.75234375 0.4828125 0.1625 0.5625
3 0.16953125 0.75234375 0.1796875 0.2125
3 0.16875 0.86953125 0.1671875 0.190625
3 0.10703125 0.14921875 0.2078125 0.2984375
3 0.2703125 0.88671875 0.096875 0.1859375
0 0.47578125 0.5578125 0.2625 0.24375
4 0.35703125 0.1171875 0.1359375 0.234375
2 0.5609375 0.884375 0.096875 0.23125
3 0.0984375 0.32578125 0.190625 0.190625
4 0.0484375 0.77734375 0.09375 0.228125
3 0.11171875 0.50703125 0.1125 0.1578125