1 0.56640625 0.87265625 0.1765625 0.1859375
4 0.6140625 0.72578125 0.121875 0.2875
0 0.528125 0.32265625 0.25 0.33125
3 0.090625 0.8234375 0.1765625 0.353125
3 0.24765625 0.4828125 0.1625 0.5625
3 0.83046875 0.75234375 0.178125 0.2140625
3 0.83125 0.86953125 0.1671875 0.190625
3 0.89296875 0.14921875 0.2078125 0.2984375
3 0.7296875 0.88671875 0.0984375 0.1859375
0 0.52421875 0.5578125 0.2625 0.24375
4 0.64296875 0.1171875 0.1359375 0.234375
2 0.4390625 0.884375 0.096875 0.23125
3 0.9015625 0.32578125 0.190625 0.190625
4 0.9515625 0.77734375 0.09375 0.2296875
3 0.88828125 0.50703125 0.1125 0.1578125