1 0.871875 0.43359375 0.1859375 0.175
4 0.72890625 0.384375 0.2859375 0.11875
0 0.32265625 0.471875 0.33125 0.2515625
3 0.8671875 0.17109375 0.190625 0.1703125
3 0.821875 0.909375 0.35625 0.175
3 0.4828125 0.7515625 0.5625 0.1609375
3 0.7515625 0.17109375 0.215625 0.18125
0 0.56015625 0.475 0.25 0.259375
3 0.14921875 0.10625 0.296875 0.2078125
2 0.884375 0.5609375 0.23125 0.096875
3 0.884375 0.2734375 0.190625 0.0921875
4 0.1171875 0.3578125 0.234375 0.1359375
3 0.3296875 0.09921875 0.1875 0.190625
4 0.7734375 0.05 0.221875 0.090625
3 0.50390625 0.1125 0.153125 0.115625