1 0.5671875 0.12734375 0.17734375 0.1859375
4 0.615625 0.271875 0.1203125 0.28359375
0 0.52734375 0.67734375 0.25234375 0.3296875
3 0.09140625 0.178125 0.17578125 0.35625
3 0.8265625 0.1390625 0.17421875 0.19609375
3 0.2484375 0.5171875 0.16171875 0.56171875
3 0.8296875 0.2484375 0.18046875 0.215625
0 0.5125 0.4359375 0.25703125 0.246875
3 0.89453125 0.85078125 0.20625 0.29765625
2 0.4390625 0.115625 0.09609375 0.23125
4 0.6421875 0.8828125 0.1359375 0.234375
3 0.725 0.115625 0.08828125 0.19140625
3 0.89921875 0.66875 0.190625 0.18828125
4 0.94921875 0.22578125 0.09140625 0.2234375