1 0.5671875 0.871875 0.178125 0.184375
4 0.61875 0.7375 0.1109375 0.271875
0 0.525 0.321875 0.2609375 0.3328125
3 0.83046875 0.75234375 0.178125 0.209375
3 0.08828125 0.81328125 0.1765625 0.3734375
0 0.5203125 0.575 0.2421875 0.2734375
3 0.2484375 0.48515625 0.1625 0.5640625
3 0.89296875 0.14765625 0.209375 0.2953125
3 0.71640625 0.884375 0.0890625 0.19375
2 0.43828125 0.884375 0.096875 0.23125
4 0.6421875 0.11640625 0.134375 0.2328125
3 0.8203125 0.853125 0.175 0.20625
3 0.8984375 0.321875 0.190625 0.221875
4 0.9484375 0.775 0.09375 0.221875