1 0.5671875 0.128125 0.17734375 0.184375
4 0.61875 0.2625 0.1109375 0.27265625
0 0.525 0.678125 0.2609375 0.3328125
3 0.83046875 0.24765625 0.17890625 0.21015625
3 0.08828125 0.18671875 0.1765625 0.3734375
0 0.5203125 0.425 0.2421875 0.2734375
3 0.2484375 0.51484375 0.1625 0.5640625
3 0.89296875 0.85234375 0.209375 0.2953125
3 0.71640625 0.115625 0.0890625 0.19296875
2 0.43828125 0.115625 0.096875 0.23046875
4 0.6421875 0.88359375 0.13515625 0.2328125
3 0.8203125 0.146875 0.175 0.20546875
3 0.8984375 0.678125 0.18984375 0.221875
4 0.9484375 0.225 0.09375 0.22265625