1 0.56640625 0.128125 0.175 0.18671875
4 0.625 0.271875 0.10078125 0.27890625
0 0.5234375 0.67734375 0.26484375 0.33125
3 0.0890625 0.2140625 0.15078125 0.4140625
0 0.52734375 0.415625 0.2296875 0.29453125
3 0.83046875 0.2515625 0.17890625 0.21640625
3 0.24765625 0.50625 0.16328125 0.5515625
2 0.4390625 0.115625 0.096875 0.23046875
3 0.8125 0.14453125 0.1734375 0.19609375
3 0.9 0.68515625 0.190625 0.22578125
3 0.89296875 0.85703125 0.20859375 0.2859375
3 0.715625 0.115625 0.0859375 0.190625
4 0.64140625 0.8828125 0.1359375 0.234375
4 0.9484375 0.22421875 0.09375 0.22421875