1 0.12890625 0.565625 0.18125 0.175
4 0.271875 0.62578125 0.2765625 0.0984375
0 0.67734375 0.5234375 0.328125 0.2640625
3 0.50078125 0.24765625 0.5453125 0.1625
3 0.2546875 0.82890625 0.221875 0.18125
0 0.40859375 0.5296875 0.30625 0.221875
3 0.21015625 0.090625 0.40625 0.1484375
3 0.15 0.80546875 0.2 0.175
3 0.85703125 0.8921875 0.2859375 0.209375
3 0.68359375 0.8984375 0.215625 0.190625
4 0.88359375 0.63984375 0.2328125 0.1390625
2 0.11484375 0.4390625 0.2296875 0.096875
3 0.11640625 0.7140625 0.19375 0.0875
4 0.225 0.94765625 0.225 0.0953125
3 0.9625 0.9171875 0.075 0.1484375