1 0.565625 0.1296875 0.1734375 0.17734375
4 0.62890625 0.27109375 0.09453125 0.2765625
0 0.5234375 0.67734375 0.2640625 0.32890625
3 0.246875 0.4953125 0.1640625 0.534375
3 0.09140625 0.2125 0.146875 0.409375
3 0.82890625 0.2515625 0.18203125 0.21640625
0 0.53203125 0.40546875 0.215625 0.31015625
3 0.803125 0.14921875 0.17265625 0.19609375
3 0.8921875 0.8578125 0.209375 0.284375
3 0.89921875 0.690625 0.1921875 0.21171875
4 0.64140625 0.8828125 0.1359375 0.234375
2 0.43984375 0.11484375 0.09609375 0.22890625
3 0.71328125 0.11328125 0.0859375 0.18671875
4 0.95078125 0.2296875 0.0921875 0.2296875
3 0.9125 0.9609375 0.15390625 0.078125