1 0.56484375 0.13125 0.171875 0.178125
4 0.628125 0.26953125 0.09453125 0.27421875
0 0.52265625 0.678125 0.26484375 0.32734375
3 0.24609375 0.49375 0.165625 0.53046875
3 0.828125 0.2515625 0.18125 0.21484375
3 0.0921875 0.21953125 0.14375 0.42109375
0 0.534375 0.40390625 0.2140625 0.3171875
3 0.8921875 0.859375 0.209375 0.28125
3 0.79296875 0.14609375 0.171875 0.19609375
3 0.90078125 0.6953125 0.1921875 0.20546875
4 0.6421875 0.88359375 0.13515625 0.2328125
2 0.4390625 0.1140625 0.096875 0.228125
4 0.95078125 0.23046875 0.09296875 0.22890625
3 0.7140625 0.11328125 0.0875 0.18515625