1 0.87109375 0.565625 0.171875 0.171875
4 0.7296875 0.628125 0.275 0.0953125
0 0.32109375 0.5234375 0.325 0.2671875
0 0.59609375 0.5359375 0.3203125 0.2109375
3 0.7796875 0.09140625 0.4203125 0.14375
3 0.50859375 0.2453125 0.53125 0.165625
3 0.74765625 0.82734375 0.215625 0.1828125
3 0.85546875 0.78671875 0.19375 0.1578125
3 0.13828125 0.8921875 0.2765625 0.2109375
4 0.11640625 0.63984375 0.23125 0.1390625
2 0.88515625 0.4390625 0.2296875 0.096875
3 0.2953125 0.9 0.2203125 0.19375
4 0.7703125 0.95078125 0.2296875 0.09375