4 0.728125 0.62734375 0.278125 0.0953125
1 0.86953125 0.56640625 0.1734375 0.1734375
0 0.31875 0.5234375 0.321875 0.265625
0 0.6015625 0.5359375 0.328125 0.2078125
3 0.74765625 0.828125 0.21875 0.1828125
3 0.5109375 0.24921875 0.528125 0.16875
3 0.778125 0.0890625 0.4171875 0.15
3 0.14140625 0.8890625 0.2828125 0.215625
4 0.11640625 0.63984375 0.2328125 0.1390625
2 0.88515625 0.43984375 0.228125 0.0984375
3 0.853125 0.77109375 0.19375 0.1734375
3 0.3015625 0.9 0.1921875 0.1921875
4 0.76953125 0.95078125 0.23125 0.0921875