4 0.62578125 0.27109375 0.1 0.28046875
0 0.52265625 0.68203125 0.26640625 0.325
1 0.56640625 0.1265625 0.17109375 0.1734375
3 0.2421875 0.4984375 0.165625 0.5359375
0 0.534375 0.3921875 0.2109375 0.3375
2 0.44140625 0.1171875 0.10078125 0.23125
3 0.82890625 0.25390625 0.18046875 0.221875
3 0.88828125 0.8640625 0.2171875 0.271875
3 0.0875 0.23828125 0.14921875 0.45
4 0.64296875 0.88359375 0.1359375 0.2328125
3 0.90234375 0.70078125 0.18828125 0.20078125
4 0.95078125 0.2296875 0.09296875 0.23046875
3 0.76328125 0.1578125 0.1796875 0.19765625
3 0.88515625 0.9609375 0.134375 0.078125
3 0.05703125 0.6515625 0.1140625 0.628125