2 0.553125 0.88203125 0.1140625 0.2265625
1 0.4328125 0.875 0.165625 0.178125
4 0.375 0.73125 0.1 0.284375
0 0.47734375 0.31875 0.265625 0.325
3 0.17109375 0.7453125 0.1796875 0.2234375
3 0.75859375 0.5046875 0.165625 0.53125
0 0.465625 0.6078125 0.2125 0.3390625
3 0.11171875 0.13203125 0.21875 0.2640625
3 0.91640625 0.75859375 0.153125 0.453125
4 0.3578125 0.11640625 0.1359375 0.2328125
4 0.04921875 0.7703125 0.09375 0.23125
3 0.096875 0.296875 0.1875 0.20625
3 0.2375 0.84140625 0.178125 0.1921875
3 0.11328125 0.0375 0.140625 0.075
3 0.94296875 0.3390625 0.1140625 0.609375