2 0.44765625 0.11796875 0.1140625 0.2265625
1 0.56640625 0.1234375 0.1625 0.17734375
4 0.62578125 0.26796875 0.0984375 0.284375
0 0.52265625 0.67890625 0.26640625 0.32421875
3 0.8296875 0.2546875 0.1796875 0.22421875
3 0.24140625 0.496875 0.16484375 0.53203125
0 0.534375 0.39453125 0.2125 0.334375
3 0.8890625 0.86875 0.21796875 0.26171875
4 0.63984375 0.88359375 0.1390625 0.2328125
3 0.0765625 0.24609375 0.1484375 0.4625
4 0.95078125 0.23046875 0.0921875 0.23203125
3 0.9046875 0.7015625 0.18203125 0.20234375
3 0.88515625 0.96171875 0.13515625 0.07578125
3 0.76015625 0.15703125 0.1765625 0.18515625