2 0.8796875 0.54765625 0.221875 0.1234375
1 0.8765625 0.43046875 0.178125 0.159375
4 0.73125 0.37421875 0.2828125 0.1015625
0 0.3203125 0.47734375 0.3296875 0.2671875
3 0.50234375 0.76015625 0.5375 0.165625
3 0.746875 0.1703125 0.2203125 0.18125
0 0.61015625 0.46640625 0.340625 0.2125
3 0.13125 0.1109375 0.2625 0.21875
4 0.11640625 0.3609375 0.2328125 0.1375
4 0.76953125 0.04921875 0.23125 0.09375
3 0.7484375 0.92265625 0.465625 0.1515625
3 0.290625 0.09296875 0.184375 0.184375
3 0.840625 0.23828125 0.184375 0.1734375
3 0.03828125 0.109375 0.075 0.1484375