2 0.453125 0.8796875 0.125 0.221875
4 0.6265625 0.73125 0.0984375 0.28125
1 0.57109375 0.87265625 0.1609375 0.1734375
0 0.52265625 0.3203125 0.2671875 0.328125
3 0.24140625 0.49765625 0.165625 0.54375
3 0.82890625 0.7453125 0.18125 0.225
3 0.88828125 0.12890625 0.21875 0.25625
0 0.53515625 0.6109375 0.2109375 0.3421875
4 0.64140625 0.1171875 0.1359375 0.234375
4 0.95078125 0.76953125 0.0921875 0.2328125
3 0.0875 0.74375 0.14375 0.45625
3 0.90390625 0.2875 0.184375 0.175
3 0.76171875 0.8375 0.1734375 0.1828125
3 0.884375 0.03828125 0.1359375 0.0765625
3 0.05625 0.31484375 0.1125 0.6296875
3 0.9 0.44453125 0.10625 0.16875