2 0.88046875 0.546875 0.2203125 0.125
4 0.73046875 0.37265625 0.278125 0.096875
1 0.8734375 0.428125 0.1734375 0.1625
0 0.32109375 0.478125 0.328125 0.2671875
3 0.49609375 0.75859375 0.546875 0.165625
3 0.7453125 0.1703125 0.225 0.18125
3 0.13125 0.11171875 0.2625 0.21875
0 0.61015625 0.46484375 0.34375 0.2109375
3 0.73515625 0.91015625 0.4609375 0.1453125
4 0.1171875 0.3609375 0.234375 0.1375
3 0.28671875 0.0953125 0.1703125 0.18125
4 0.76875 0.04921875 0.234375 0.09375
3 0.8375 0.2375 0.184375 0.171875
3 0.03828125 0.115625 0.0765625 0.140625
3 0.440625 0.1015625 0.171875 0.1078125