2 0.4546875 0.11953125 0.1265625 0.225
4 0.62734375 0.27109375 0.0984375 0.2765625
1 0.5703125 0.1296875 0.1625 0.171875
0 0.521875 0.67890625 0.265625 0.3265625
3 0.24140625 0.50234375 0.165625 0.540625
3 0.82890625 0.2546875 0.18125 0.225
0 0.53515625 0.38984375 0.2125 0.3453125
3 0.88671875 0.86484375 0.2203125 0.2703125
4 0.95078125 0.23046875 0.0921875 0.2328125
4 0.6421875 0.88359375 0.134375 0.2328125
3 0.08984375 0.27421875 0.14375 0.46875
3 0.90625 0.715625 0.178125 0.16875
3 0.76171875 0.1640625 0.171875 0.1859375
3 0.8875 0.96171875 0.1421875 0.0765625
3 0.89921875 0.56796875 0.10625 0.1671875
3 0.0578125 0.6890625 0.115625 0.621875