2 0.4515625 0.1203125 0.121875 0.228125
4 0.628125 0.27109375 0.096875 0.271875
0 0.52265625 0.67890625 0.2671875 0.3265625
3 0.2421875 0.503125 0.1640625 0.5375
3 0.82890625 0.2546875 0.18125 0.225
0 0.53515625 0.3890625 0.2109375 0.3453125
1 0.56875 0.13203125 0.1515625 0.16875
4 0.6421875 0.8828125 0.1359375 0.234375
3 0.88828125 0.8515625 0.21875 0.296875
4 0.95078125 0.23046875 0.0921875 0.23125
3 0.08671875 0.2859375 0.1515625 0.4703125
3 0.91015625 0.71640625 0.16875 0.1703125
3 0.76171875 0.1640625 0.16875 0.190625
3 0.8984375 0.575 0.109375 0.171875
3 0.0609375 0.68671875 0.121875 0.6265625
3 0.88125 0.959375 0.1359375 0.08125