4 0.628125 0.27109375 0.0953125 0.27265625
2 0.45 0.125 0.115625 0.23046875
0 0.521875 0.68125 0.26640625 0.32734375
3 0.2421875 0.50859375 0.16328125 0.546875
1 0.56796875 0.13125 0.15234375 0.1671875
3 0.828125 0.25546875 0.18125 0.22578125
0 0.53515625 0.39140625 0.21171875 0.346875
3 0.8875 0.84765625 0.21875 0.30390625
4 0.95078125 0.23046875 0.0921875 0.234375
4 0.63984375 0.88359375 0.1375 0.2328125
3 0.0890625 0.30703125 0.14765625 0.459375
3 0.91171875 0.70859375 0.16640625 0.1671875
3 0.7609375 0.1640625 0.1703125 0.19453125
3 0.89921875 0.56953125 0.11171875 0.16328125