2 0.55 0.875 0.1171875 0.2296875
4 0.37109375 0.7296875 0.0953125 0.2734375
0 0.478125 0.3203125 0.2671875 0.325
1 0.43125 0.86875 0.153125 0.16875
3 0.7578125 0.49140625 0.1625 0.55
3 0.17109375 0.7453125 0.18125 0.225
0 0.46484375 0.60859375 0.2125 0.346875
3 0.11171875 0.14921875 0.21875 0.2984375
4 0.04921875 0.76953125 0.0921875 0.234375
4 0.36015625 0.11640625 0.1375 0.2328125
3 0.91484375 0.68203125 0.153125 0.4796875
3 0.0921875 0.29140625 0.1765625 0.1671875
3 0.2390625 0.83671875 0.171875 0.19375
3 0.10078125 0.4296875 0.1125 0.1640625
3 0.115625 0.0421875 0.146875 0.084375