4 0.26953125 0.62890625 0.271875 0.0953125
2 0.128125 0.45234375 0.23125 0.121875
1 0.12890625 0.56953125 0.16875 0.15625
0 0.6796875 0.521875 0.325 0.265625
3 0.51328125 0.24296875 0.5625 0.1625
3 0.2546875 0.8296875 0.225 0.178125
0 0.390625 0.534375 0.35 0.2125
3 0.85 0.8890625 0.3 0.2171875
4 0.23046875 0.9515625 0.234375 0.0921875
4 0.8828125 0.6390625 0.234375 0.1375
3 0.34453125 0.07890625 0.490625 0.1578125
3 0.709375 0.9109375 0.1703125 0.171875
3 0.16484375 0.76015625 0.196875 0.1734375
3 0.56953125 0.90078125 0.165625 0.109375