4 0.628125 0.2703125 0.096875 0.275
2 0.453125 0.128125 0.125 0.2296875
1 0.56484375 0.12734375 0.1515625 0.165625
0 0.52265625 0.68046875 0.26875 0.325
3 0.24375 0.5109375 0.1625 0.55625
3 0.8296875 0.25390625 0.178125 0.2234375
0 0.53359375 0.3890625 0.2125 0.35
4 0.95078125 0.22890625 0.09375 0.234375
3 0.88984375 0.8828125 0.215625 0.234375
4 0.6421875 0.8828125 0.1359375 0.234375
3 0.075 0.3640625 0.146875 0.5078125
3 0.9015625 0.72578125 0.1875 0.1765625
3 0.90234375 0.57109375 0.1109375 0.1546875
3 0.7578125 0.1640625 0.1828125 0.196875
4 0.7359375 0.0703125 0.109375 0.134375