2 0.546875 0.128125 0.125 0.2296875
4 0.37265625 0.2703125 0.096875 0.271875
0 0.478125 0.68125 0.265625 0.328125
1 0.4328125 0.12890625 0.15 0.165625
3 0.1703125 0.25546875 0.1796875 0.2265625
3 0.75546875 0.5109375 0.159375 0.55625
0 0.46640625 0.3890625 0.2109375 0.346875
4 0.04921875 0.2296875 0.09375 0.234375
3 0.11171875 0.88359375 0.2171875 0.2328125
3 0.925 0.3625 0.146875 0.5046875
4 0.3609375 0.88359375 0.1375 0.2328125
3 0.0984375 0.7234375 0.190625 0.16875
3 0.09921875 0.57421875 0.1125 0.159375
3 0.24140625 0.165625 0.1796875 0.196875