4 0.73046875 0.371875 0.271875 0.0953125
2 0.87265625 0.54609375 0.2296875 0.1265625
0 0.31953125 0.47890625 0.325 0.265625
3 0.74453125 0.1703125 0.225 0.178125
3 0.4875 0.7546875 0.559375 0.1625
0 0.6109375 0.46640625 0.346875 0.2109375
4 0.77109375 0.04921875 0.234375 0.09375
1 0.871875 0.434375 0.165625 0.15
4 0.1171875 0.36015625 0.234375 0.1375
3 0.6296875 0.925 0.509375 0.1421875
3 0.11796875 0.1125 0.2359375 0.21875
3 0.2703125 0.0984375 0.1625 0.1875
3 0.42265625 0.0984375 0.159375 0.115625
1 0.2203125 0.871875 0.428125 0.2484375
3 0.83671875 0.24375 0.19375 0.1859375