4 0.37265625 0.27109375 0.096875 0.2734375
2 0.546875 0.12734375 0.125 0.2296875
0 0.478125 0.68046875 0.26875 0.325
1 0.434375 0.1296875 0.1484375 0.1671875
3 0.17109375 0.25546875 0.1796875 0.225
0 0.4671875 0.38984375 0.2125 0.346875
3 0.753125 0.51640625 0.159375 0.55625
4 0.04921875 0.22890625 0.09375 0.234375
3 0.1140625 0.8609375 0.221875 0.278125
4 0.35859375 0.8828125 0.1359375 0.234375
3 0.9265625 0.38125 0.146875 0.509375
3 0.09765625 0.7265625 0.1859375 0.16875
3 0.09375 0.5765625 0.1171875 0.15625
1 0.8734375 0.7796875 0.24375 0.4296875
3 0.2453125 0.165625 0.190625 0.2