4 0.6265625 0.27109375 0.09765625 0.27265625
2 0.453125 0.128125 0.1234375 0.23125
0 0.521875 0.68046875 0.2671875 0.3265625
1 0.56484375 0.12890625 0.1515625 0.16953125
0 0.53359375 0.38828125 0.2125 0.35234375
3 0.82890625 0.2546875 0.1796875 0.2234375
3 0.88515625 0.86015625 0.2234375 0.2796875
4 0.95 0.22890625 0.09375 0.23515625
3 0.246875 0.51796875 0.15625 0.55859375
3 0.071875 0.38125 0.14375 0.50390625
4 0.64296875 0.8828125 0.1359375 0.234375
3 0.90390625 0.71953125 0.1828125 0.16796875
3 0.90390625 0.578125 0.1203125 0.15859375
3 0.75546875 0.165625 0.18828125 0.19375
1 0.128125 0.77890625 0.246875 0.43046875