4 0.72890625 0.3734375 0.271875 0.096875
2 0.871875 0.546875 0.23125 0.1234375
0 0.31953125 0.478125 0.3265625 0.2671875
1 0.87109375 0.43515625 0.16875 0.1515625
0 0.61171875 0.46640625 0.353125 0.2125
3 0.7453125 0.17109375 0.2234375 0.1796875
3 0.13984375 0.11484375 0.2796875 0.2234375
4 0.77109375 0.05 0.234375 0.09375
3 0.48203125 0.753125 0.559375 0.15625
3 0.61875 0.928125 0.503125 0.14375
4 0.1171875 0.35703125 0.234375 0.1359375
3 0.28046875 0.09609375 0.16875 0.1828125
3 0.421875 0.09609375 0.159375 0.1203125
3 0.834375 0.24453125 0.19375 0.1875
1 0.22109375 0.871875 0.43125 0.246875