4 0.6265625 0.26953125 0.09765625 0.27265625
2 0.45234375 0.128125 0.12265625 0.23203125
0 0.521875 0.68046875 0.2671875 0.3265625
1 0.56484375 0.1296875 0.15625 0.16875
0 0.53359375 0.3875 0.21171875 0.35
3 0.07265625 0.38671875 0.1453125 0.5125
3 0.82890625 0.25625 0.1796875 0.225
3 0.8859375 0.86015625 0.22265625 0.2796875
3 0.2484375 0.51875 0.15625 0.5546875
4 0.95078125 0.2296875 0.09296875 0.234375
4 0.6421875 0.88359375 0.13515625 0.2328125
3 0.90625 0.71796875 0.178125 0.17265625
3 0.90546875 0.57734375 0.1234375 0.1640625
4 0.74140625 0.06953125 0.11953125 0.13359375
1 0.12734375 0.77890625 0.2453125 0.4296875
3 0.7546875 0.1640625 0.1890625 0.19140625