2 0.45078125 0.12890625 0.11953125 0.23203125
4 0.628125 0.26953125 0.0953125 0.27421875
0 0.52265625 0.68203125 0.26796875 0.3265625
1 0.56796875 0.13046875 0.1546875 0.1703125
0 0.5328125 0.38671875 0.2125 0.34765625
3 0.82890625 0.25703125 0.1796875 0.2265625
4 0.9515625 0.2296875 0.090625 0.2359375
3 0.8859375 0.85546875 0.221875 0.2890625
3 0.2484375 0.5390625 0.153125 0.56171875
4 0.64296875 0.8828125 0.1359375 0.23359375
3 0.07265625 0.39921875 0.14453125 0.50625
3 0.9078125 0.71328125 0.175 0.1765625
3 0.90546875 0.56640625 0.1171875 0.159375
4 0.73828125 0.06875 0.12421875 0.13046875
3 0.75625 0.16953125 0.19375 0.1953125
1 0.12421875 0.77890625 0.2390625 0.4296875