2 0.87109375 0.54921875 0.23125 0.11875
4 0.73046875 0.371875 0.275 0.0953125
0 0.31796875 0.47734375 0.3265625 0.26875
1 0.86953125 0.43203125 0.1703125 0.1546875
0 0.61328125 0.4671875 0.346875 0.2125
3 0.74296875 0.17109375 0.2265625 0.1796875
4 0.7703125 0.0484375 0.2359375 0.090625
3 0.14453125 0.1140625 0.2890625 0.221875
3 0.4609375 0.7515625 0.5625 0.153125
4 0.1171875 0.35703125 0.234375 0.1359375
3 0.60078125 0.92734375 0.50625 0.1453125
3 0.28671875 0.0921875 0.1765625 0.175
3 0.43359375 0.09453125 0.159375 0.1171875
4 0.93125 0.26171875 0.13125 0.125
3 0.83046875 0.24375 0.1953125 0.19375
1 0.22109375 0.87578125 0.4296875 0.2390625