4 0.62890625 0.73125 0.09375 0.2734375
2 0.4515625 0.87265625 0.1203125 0.2265625
1 0.56796875 0.8703125 0.1546875 0.16875
0 0.521875 0.31953125 0.2671875 0.328125
3 0.8296875 0.74296875 0.178125 0.228125
0 0.53125 0.6125 0.215625 0.346875
3 0.25234375 0.46015625 0.14375 0.559375
4 0.9515625 0.77109375 0.090625 0.2375
4 0.6421875 0.1171875 0.1359375 0.234375
3 0.071875 0.59453125 0.14375 0.50625
3 0.8875 0.14296875 0.2203125 0.2859375
3 0.909375 0.28671875 0.171875 0.1875
1 0.12421875 0.2203125 0.2390625 0.428125
3 0.75546875 0.82890625 0.19375 0.196875
3 0.90625 0.43515625 0.1234375 0.1484375