4 0.62890625 0.73125 0.09375 0.2734375
2 0.45078125 0.87421875 0.11875 0.225
1 0.56640625 0.86953125 0.1515625 0.171875
0 0.521875 0.3171875 0.26875 0.3265625
3 0.8296875 0.74296875 0.178125 0.225
0 0.53125 0.61484375 0.215625 0.34375
3 0.25234375 0.459375 0.1421875 0.5578125
4 0.9515625 0.771875 0.0921875 0.2375
4 0.6421875 0.1171875 0.1359375 0.234375
3 0.8875 0.14296875 0.2203125 0.2859375
3 0.0765625 0.59140625 0.153125 0.5046875
3 0.909375 0.2859375 0.171875 0.1890625
3 0.75546875 0.828125 0.1953125 0.196875
3 0.903125 0.4359375 0.125 0.15
1 0.12421875 0.2203125 0.2390625 0.428125