2 0.12578125 0.5484375 0.225 0.11875
4 0.26796875 0.37109375 0.2734375 0.09375
1 0.1296875 0.434375 0.16875 0.1515625
0 0.678125 0.4765625 0.3234375 0.26875
3 0.25546875 0.17109375 0.2234375 0.178125
0 0.384375 0.46953125 0.346875 0.2171875
3 0.54140625 0.7484375 0.559375 0.1453125
4 0.228125 0.0484375 0.2375 0.090625
3 0.41171875 0.9265625 0.509375 0.146875
4 0.88359375 0.3578125 0.2328125 0.134375
3 0.85546875 0.1125 0.2890625 0.21875
3 0.71328125 0.09140625 0.1875 0.175
3 0.17109375 0.24453125 0.196875 0.1953125
3 0.565625 0.0984375 0.15 0.1296875
1 0.78046875 0.87578125 0.4265625 0.2375