2 0.4515625 0.12578125 0.1203125 0.22421875
4 0.62890625 0.26953125 0.09375 0.2765625
0 0.51015625 0.690625 0.265625 0.31640625
1 0.5640625 0.1296875 0.14765625 0.17109375
3 0.82890625 0.25625 0.17890625 0.22578125
0 0.53046875 0.3859375 0.21875 0.3484375
3 0.25078125 0.54296875 0.14921875 0.559375
4 0.9515625 0.22890625 0.09140625 0.23828125
4 0.6421875 0.88359375 0.13515625 0.2328125
3 0.0734375 0.409375 0.146875 0.5
3 0.88828125 0.85390625 0.21875 0.2921875
3 0.9078125 0.71640625 0.17578125 0.1953125
3 0.7546875 0.16640625 0.19296875 0.19609375
1 0.12421875 0.7796875 0.23671875 0.428125
3 0.9046875 0.5671875 0.12890625 0.146875