2 0.4515625 0.125 0.121875 0.225
4 0.62890625 0.2703125 0.09375 0.275
0 0.51015625 0.690625 0.2671875 0.315625
1 0.565625 0.13125 0.15 0.16875
3 0.82890625 0.25625 0.178125 0.225
0 0.5296875 0.3859375 0.21875 0.346875
4 0.9515625 0.228125 0.090625 0.2375
3 0.24921875 0.54375 0.15 0.5609375
4 0.64296875 0.8828125 0.1359375 0.234375
3 0.07421875 0.41015625 0.1484375 0.4984375
3 0.8890625 0.84921875 0.215625 0.29375
3 0.9078125 0.71640625 0.1765625 0.196875
3 0.7546875 0.1703125 0.196875 0.196875
1 0.125 0.7796875 0.2375 0.428125