2 0.875 0.4515625 0.225 0.121875
4 0.728125 0.628125 0.278125 0.09375
0 0.309375 0.50546875 0.31875 0.278125
1 0.8703125 0.56484375 0.16875 0.153125
0 0.61015625 0.5328125 0.353125 0.2125
3 0.74296875 0.82890625 0.2265625 0.178125
4 0.77421875 0.9515625 0.2421875 0.090625
4 0.1171875 0.64140625 0.234375 0.1359375
3 0.4578125 0.2484375 0.559375 0.153125
3 0.15234375 0.89140625 0.296875 0.2125
3 0.58671875 0.07890625 0.496875 0.1578125
3 0.2828125 0.90546875 0.2 0.18125
3 0.83359375 0.7546875 0.2 0.19375