1 0.56796875 0.1296875 0.16484375 0.1734375
2 0.4515625 0.12578125 0.12109375 0.2265625
4 0.625 0.2734375 0.1015625 0.2828125
0 0.4890625 0.6921875 0.2953125 0.321875
0 0.5328125 0.3953125 0.21171875 0.384375
3 0.82890625 0.25703125 0.17890625 0.2265625
3 0.246875 0.52890625 0.15859375 0.565625
4 0.95234375 0.22890625 0.08984375 0.23828125
4 0.6390625 0.8828125 0.13671875 0.23359375
3 0.08203125 0.41796875 0.1640625 0.5046875
3 0.89375 0.84921875 0.20625 0.29296875
3 0.90546875 0.72734375 0.18125 0.19921875
3 0.7578125 0.16484375 0.190625 0.19921875
1 0.12890625 0.77890625 0.24453125 0.42890625