1 0.56953125 0.1296875 0.1671875 0.17265625
4 0.95078125 0.221875 0.0984375 0.24609375
4 0.6375 0.87578125 0.1453125 0.24765625
1 0.121875 0.7875 0.24296875 0.41640625
1 0.24921875 0.52578125 0.15625 0.53984375
1 0.896875 0.83828125 0.20625 0.2796875
1 0.909375 0.70546875 0.18125 0.18359375
1 0.9015625 0.5859375 0.159375 0.15703125
1 0.82734375 0.2609375 0.18203125 0.24765625
1 0.75859375 0.1625 0.18828125 0.21015625
1 0.74140625 0.06875 0.13984375 0.13671875
0 0.534375 0.390625 0.2140625 0.37265625
0 0.48828125 0.6828125 0.29609375 0.3375
2 0.4484375 0.12265625 0.11953125 0.2265625
3 0.08359375 0.40390625 0.16484375 0.49375
4 0.61796875 0.265625 0.109375 0.29375