2 0.4515625 0.125 0.121875 0.225
1 0.56875 0.1296875 0.165625 0.178125
4 0.628125 0.2671875 0.096875 0.284375
0 0.4828125 0.6875 0.3 0.31875
0 0.52890625 0.3921875 0.209375 0.3890625
3 0.82890625 0.25703125 0.178125 0.225
3 0.246875 0.53359375 0.1578125 0.575
4 0.95078125 0.228125 0.0921875 0.2375
4 0.6390625 0.8828125 0.1375 0.234375
3 0.89375 0.85625 0.209375 0.2875
3 0.08203125 0.42421875 0.1640625 0.509375
3 0.9046875 0.7265625 0.184375 0.2015625
4 0.74140625 0.06953125 0.128125 0.13125
1 0.12734375 0.77890625 0.24375 0.4296875