1 0.87109375 0.43203125 0.1796875 0.1671875
2 0.87890625 0.5484375 0.221875 0.121875
0 0.31171875 0.51953125 0.3125 0.3125
4 0.73203125 0.37265625 0.284375 0.096875
0 0.6171875 0.46875 0.378125 0.215625
3 0.74296875 0.17109375 0.225 0.1796875
3 0.46484375 0.75390625 0.578125 0.1578125
4 0.77109375 0.04921875 0.2359375 0.0921875
4 0.1171875 0.36015625 0.234375 0.1375
3 0.58046875 0.9203125 0.496875 0.159375
3 0.14609375 0.11015625 0.2875 0.2125
1 0.22109375 0.8734375 0.4296875 0.2421875
3 0.2734375 0.096875 0.203125 0.1859375
4 0.93046875 0.26015625 0.13125 0.13125