1 0.43203125 0.8703125 0.16875 0.1765625
4 0.37109375 0.72890625 0.09375 0.284375
2 0.55 0.87734375 0.11875 0.221875
0 0.52421875 0.3125 0.325 0.340625
0 0.4671875 0.6265625 0.215625 0.3375
3 0.17109375 0.74296875 0.18125 0.225
3 0.75703125 0.47421875 0.153125 0.5578125
4 0.3609375 0.1171875 0.1375 0.234375
4 0.0484375 0.7703125 0.090625 0.234375
3 0.09609375 0.27265625 0.184375 0.2046875
3 0.1109375 0.14140625 0.215625 0.2828125
1 0.871875 0.22109375 0.24375 0.4296875
3 0.91875 0.57890625 0.1625 0.503125
4 0.259375 0.92890625 0.13125 0.134375