2 0.45 0.12265625 0.11875 0.22109375
4 0.62890625 0.26953125 0.09453125 0.28203125
1 0.56875 0.13046875 0.1671875 0.175
0 0.47578125 0.67109375 0.32734375 0.36953125
0 0.5328125 0.371875 0.21796875 0.33671875
3 0.82890625 0.25625 0.1796875 0.22578125
3 0.24765625 0.53046875 0.15546875 0.55625
4 0.64296875 0.8828125 0.1359375 0.234375
4 0.9515625 0.2296875 0.090625 0.2359375
1 0.12890625 0.77890625 0.24765625 0.4296875
3 0.90390625 0.72734375 0.18515625 0.20625
3 0.88828125 0.8578125 0.2171875 0.284375
3 0.08046875 0.421875 0.1609375 0.49921875
4 0.73984375 0.071875 0.13203125 0.1375