2 0.121875 0.45 0.225 0.1171875
1 0.13046875 0.56953125 0.175 0.16875
4 0.271875 0.6265625 0.2859375 0.1
0 0.66015625 0.46953125 0.396875 0.3234375
0 0.36328125 0.5296875 0.35 0.225
3 0.52734375 0.2453125 0.546875 0.153125
4 0.8828125 0.6390625 0.234375 0.1375
3 0.25703125 0.82890625 0.225 0.18125
4 0.2296875 0.9515625 0.234375 0.0921875
1 0.778125 0.12890625 0.43125 0.25
3 0.428125 0.08046875 0.509375 0.1609375
3 0.859375 0.88984375 0.28125 0.215625
3 0.72578125 0.90390625 0.2125 0.184375
4 0.07109375 0.74140625 0.134375 0.128125