1 0.13046875 0.5703125 0.175 0.165625
2 0.12265625 0.45 0.225 0.1171875
4 0.2765625 0.6265625 0.290625 0.0984375
0 0.6640625 0.47265625 0.3890625 0.33125
0 0.36171875 0.5265625 0.3609375 0.228125
3 0.528125 0.2421875 0.5625 0.153125
3 0.25703125 0.828125 0.2265625 0.1796875
4 0.8828125 0.6421875 0.234375 0.134375
4 0.2296875 0.9515625 0.2359375 0.0921875
3 0.4375 0.08203125 0.5296875 0.1625
3 0.85859375 0.88828125 0.2828125 0.2171875
1 0.7765625 0.12890625 0.434375 0.246875
3 0.715625 0.903125 0.215625 0.1859375
4 0.0703125 0.7421875 0.134375 0.128125