2 0.45 0.12578125 0.11796875 0.228125
4 0.62265625 0.27734375 0.10546875 0.29140625
0 0.47578125 0.68671875 0.32265625 0.34765625
1 0.56328125 0.13046875 0.15390625 0.16875
0 0.5234375 0.36796875 0.2296875 0.38125
3 0.24296875 0.521875 0.1546875 0.55078125
3 0.82890625 0.25703125 0.17890625 0.22578125
4 0.64296875 0.8828125 0.1359375 0.23359375
4 0.9515625 0.22890625 0.09140625 0.234375
3 0.90234375 0.728125 0.18828125 0.21796875
3 0.08125 0.56484375 0.1625 0.78125
3 0.8890625 0.8625 0.2171875 0.27421875
1 0.125 0.77890625 0.2421875 0.42890625
4 0.7421875 0.0703125 0.12734375 0.1328125
3 0.91015625 0.58828125 0.1640625 0.14765625