2 0.45078125 0.1234375 0.11953125 0.228125
4 0.6234375 0.27734375 0.10546875 0.29140625
0 0.47578125 0.6875 0.31953125 0.3453125
0 0.5234375 0.3671875 0.228125 0.3765625
3 0.82890625 0.25703125 0.17890625 0.22734375
1 0.56328125 0.1296875 0.15390625 0.16953125
3 0.24765625 0.521875 0.15546875 0.54921875
4 0.6390625 0.8828125 0.1375 0.234375
4 0.9515625 0.22890625 0.09140625 0.234375
3 0.903125 0.72890625 0.1859375 0.21875
3 0.08125 0.45859375 0.1625 0.5640625
3 0.8890625 0.86328125 0.21796875 0.2734375
1 0.121875 0.77890625 0.23359375 0.4296875
3 0.909375 0.59140625 0.15546875 0.14765625