2 0.8765625 0.54921875 0.228125 0.1203125
4 0.72421875 0.37578125 0.290625 0.103125
0 0.3109375 0.5234375 0.346875 0.31875
1 0.86953125 0.43671875 0.1703125 0.1546875
0 0.63203125 0.4765625 0.378125 0.228125
3 0.47734375 0.7515625 0.5515625 0.1578125
3 0.74296875 0.1703125 0.2265625 0.178125
4 0.1171875 0.35703125 0.234375 0.1359375
4 0.7703125 0.0484375 0.234375 0.090625
3 0.27109375 0.096875 0.221875 0.1875
3 0.54765625 0.91875 0.553125 0.1625
3 0.13515625 0.1125 0.2703125 0.21875
1 0.221875 0.88125 0.43125 0.2296875
3 0.409375 0.090625 0.146875 0.159375
4 0.92890625 0.259375 0.1328125 0.1296875
3 0.83359375 0.24140625 0.2 0.190625