2 0.8765625 0.45078125 0.2296875 0.11875
4 0.72265625 0.62578125 0.2921875 0.1015625
1 0.86953125 0.56328125 0.1703125 0.15625
0 0.31171875 0.47578125 0.3390625 0.3171875
3 0.74296875 0.8296875 0.225 0.178125
3 0.47890625 0.24921875 0.55 0.159375
0 0.6265625 0.52890625 0.3859375 0.225
3 0.54765625 0.0796875 0.5453125 0.159375
4 0.1171875 0.63984375 0.234375 0.1390625
3 0.2734375 0.90234375 0.2203125 0.1875
3 0.13359375 0.8875 0.2671875 0.21875
4 0.7703125 0.9515625 0.234375 0.0921875
1 0.22109375 0.12734375 0.4296875 0.24375
3 0.40859375 0.91015625 0.1484375 0.159375
3 0.83515625 0.75859375 0.196875 0.190625