2 0.5515625 0.12421875 0.1171875 0.23125
4 0.37421875 0.278125 0.1015625 0.29375
1 0.4359375 0.13046875 0.1546875 0.16875
0 0.52265625 0.69140625 0.3171875 0.334375
3 0.1703125 0.25703125 0.178125 0.2265625
3 0.7515625 0.52109375 0.1578125 0.546875
0 0.475 0.371875 0.2265625 0.3796875
3 0.1125 0.86953125 0.21875 0.2609375
4 0.3609375 0.8828125 0.1375 0.234375
3 0.9171875 0.45859375 0.165625 0.54375
4 0.0484375 0.2296875 0.0921875 0.234375
3 0.1015625 0.72578125 0.1953125 0.21875
1 0.87109375 0.77890625 0.246875 0.4296875
3 0.24140625 0.16640625 0.190625 0.2
3 0.0875 0.59140625 0.1546875 0.1453125
3 0.12109375 0.9609375 0.140625 0.078125