2 0.44765625 0.1265625 0.115625 0.234375
1 0.56484375 0.13125 0.1578125 0.171875
0 0.4796875 0.69609375 0.3140625 0.3125
4 0.62578125 0.2734375 0.1 0.2875
3 0.8296875 0.25703125 0.178125 0.228125
0 0.5296875 0.38515625 0.2171875 0.390625
3 0.24765625 0.52421875 0.159375 0.55625
3 0.0828125 0.46640625 0.165625 0.546875
3 0.88828125 0.871875 0.21875 0.25625
4 0.63984375 0.8828125 0.1375 0.234375
4 0.95078125 0.2296875 0.0921875 0.234375
3 0.89765625 0.72578125 0.196875 0.203125
1 0.11796875 0.77890625 0.221875 0.428125
3 0.915625 0.59609375 0.146875 0.15625
3 0.7578125 0.16484375 0.190625 0.2
4 0.740625 0.0703125 0.13125 0.13125
3 0.87734375 0.95859375 0.1421875 0.0828125