2 0.45 0.12734375 0.11796875 0.23046875
0 0.48125 0.69375 0.3109375 0.30859375
4 0.625 0.275 0.10234375 0.28828125
1 0.565625 0.13203125 0.16015625 0.171875
3 0.82890625 0.25703125 0.17890625 0.2265625
0 0.53046875 0.384375 0.21484375 0.390625
3 0.24765625 0.521875 0.159375 0.55390625
3 0.88828125 0.871875 0.21875 0.25546875
4 0.9515625 0.2296875 0.09140625 0.234375
4 0.63984375 0.8828125 0.1375 0.23359375
3 0.0828125 0.465625 0.165625 0.55
3 0.89921875 0.715625 0.1953125 0.19140625
1 0.11796875 0.77890625 0.22265625 0.42890625
3 0.91484375 0.59453125 0.140625 0.15703125
4 0.740625 0.06953125 0.12890625 0.13046875
3 0.7578125 0.165625 0.190625 0.203125