4 0.628125 0.26875 0.0953125 0.27734375
2 0.44765625 0.12265625 0.11640625 0.225
1 0.56328125 0.13125 0.153125 0.16953125
0 0.5125 0.66328125 0.27890625 0.29921875
0 0.5359375 0.38828125 0.209375 0.36171875
3 0.24296875 0.51484375 0.1625 0.5359375
3 0.08203125 0.48671875 0.16328125 0.56796875
3 0.82890625 0.25625 0.1796875 0.22578125
3 0.88828125 0.871875 0.21875 0.25625
4 0.6390625 0.8828125 0.1375 0.234375
4 0.95078125 0.2296875 0.09375 0.23359375
3 0.8984375 0.725 0.19609375 0.20625
3 0.915625 0.59375 0.146875 0.1453125
4 0.740625 0.06640625 0.12890625 0.1265625
1 0.1125 0.78359375 0.225 0.4328125
3 0.87734375 0.9609375 0.13671875 0.07734375
3 0.28515625 0.95078125 0.128125 0.0921875
3 0.7578125 0.1640625 0.19375 0.2015625