4 0.628125 0.26640625 0.0953125 0.28046875
1 0.56328125 0.13125 0.15234375 0.17109375
2 0.44765625 0.12421875 0.115625 0.2265625
0 0.51484375 0.66171875 0.275 0.3
0 0.5359375 0.38984375 0.21015625 0.3515625
3 0.24765625 0.5171875 0.1625 0.54453125
3 0.82890625 0.25625 0.18046875 0.2265625
3 0.08125 0.48671875 0.1625 0.5609375
3 0.88828125 0.87109375 0.21796875 0.2578125
4 0.6390625 0.8828125 0.13828125 0.234375
4 0.95078125 0.2296875 0.09296875 0.23359375
3 0.89765625 0.7203125 0.19765625 0.2046875
3 0.91640625 0.58515625 0.146875 0.13515625
4 0.74140625 0.0671875 0.1265625 0.12578125
1 0.1109375 0.78359375 0.221875 0.4328125
3 0.87734375 0.9609375 0.140625 0.078125
3 0.75859375 0.1625 0.1953125 0.1984375
3 0.29140625 0.95 0.12578125 0.09375