2 0.871875 0.55234375 0.234375 0.115625
4 0.73046875 0.37265625 0.278125 0.0984375
1 0.86953125 0.43671875 0.171875 0.153125
0 0.340625 0.48203125 0.3 0.2734375
0 0.6109375 0.46484375 0.3453125 0.2125
3 0.7453125 0.1703125 0.221875 0.178125
3 0.48125 0.75234375 0.5484375 0.1625
3 0.13359375 0.1109375 0.265625 0.2171875
3 0.5 0.9203125 0.56875 0.159375
4 0.7703125 0.05 0.234375 0.09375
4 0.1171875 0.3609375 0.234375 0.1375
3 0.2796875 0.1015625 0.20625 0.1953125
3 0.41796875 0.09140625 0.14375 0.1578125
4 0.9328125 0.26015625 0.1265625 0.1265625
1 0.215625 0.8875 0.43125 0.225
3 0.8390625 0.24140625 0.1953125 0.1953125