2 0.87265625 0.5515625 0.234375 0.1171875
4 0.7296875 0.37421875 0.278125 0.103125
1 0.86953125 0.4359375 0.16875 0.1546875
0 0.34140625 0.478125 0.3 0.2671875
3 0.4890625 0.75234375 0.5375 0.1609375
3 0.7453125 0.17109375 0.221875 0.1796875
0 0.61015625 0.465625 0.340625 0.2125
3 0.134375 0.1109375 0.26875 0.2171875
4 0.7703125 0.04921875 0.2328125 0.09375
3 0.48046875 0.91796875 0.571875 0.1640625
3 0.2890625 0.09921875 0.2046875 0.190625
4 0.1171875 0.3609375 0.234375 0.1375
4 0.93203125 0.26015625 0.128125 0.128125
3 0.42421875 0.09609375 0.1390625 0.159375
1 0.215625 0.8890625 0.43125 0.221875
3 0.83984375 0.23984375 0.184375 0.1921875