2 0.8734375 0.4484375 0.234375 0.115625
4 0.73046875 0.62578125 0.278125 0.103125
1 0.86953125 0.5640625 0.16875 0.15625
0 0.3421875 0.521875 0.3 0.265625
3 0.490625 0.25 0.534375 0.1640625
0 0.6109375 0.534375 0.340625 0.2125
3 0.74609375 0.82890625 0.221875 0.18125
3 0.13515625 0.8890625 0.2703125 0.2171875
3 0.4546875 0.08125 0.603125 0.1625
4 0.7703125 0.95078125 0.2328125 0.09375
3 0.2921875 0.9 0.20625 0.19375
4 0.1171875 0.63984375 0.234375 0.1375
4 0.93125 0.740625 0.128125 0.1265625
3 0.83828125 0.7609375 0.1875 0.1921875
3 0.425 0.903125 0.1359375 0.1640625
3 0.07890625 0.31875 0.146875 0.134375
4 0.2203125 0.1171875 0.43125 0.2234375