2 0.87109375 0.55078125 0.2375 0.115625
4 0.73046875 0.375 0.28125 0.1
1 0.86953125 0.4375 0.171875 0.153125
0 0.34296875 0.47734375 0.3 0.265625
3 0.4703125 0.9234375 0.54375 0.153125
3 0.4765625 0.74453125 0.534375 0.178125
0 0.61171875 0.4671875 0.334375 0.2125
3 0.7453125 0.1703125 0.221875 0.18125
3 0.1375 0.1109375 0.275 0.215625
4 0.7703125 0.05 0.234375 0.09375
4 0.11796875 0.3609375 0.2359375 0.1375
3 0.2984375 0.09921875 0.1875 0.19375
3 0.09296875 0.6625 0.178125 0.1234375
4 0.9328125 0.2609375 0.1296875 0.125
3 0.8390625 0.24296875 0.1859375 0.1890625
1 0.21484375 0.88828125 0.428125 0.2234375
3 0.42890625 0.09140625 0.140625 0.16875