2 0.5515625 0.87109375 0.115625 0.2359375
4 0.375 0.7296875 0.103125 0.28125
1 0.4375 0.86953125 0.1546875 0.1703125
0 0.4765625 0.34296875 0.26875 0.3
3 0.9234375 0.46640625 0.153125 0.5484375
3 0.74375 0.47421875 0.178125 0.5375
0 0.4671875 0.61328125 0.2125 0.334375
3 0.11015625 0.13671875 0.215625 0.2734375
3 0.171875 0.74609375 0.184375 0.2203125
4 0.04921875 0.7703125 0.0921875 0.2328125
4 0.36015625 0.1171875 0.1375 0.234375
3 0.1 0.3 0.1953125 0.1859375
3 0.66015625 0.0953125 0.121875 0.1828125
4 0.2609375 0.93203125 0.125 0.1296875
3 0.24296875 0.8390625 0.1890625 0.1859375
3 0.08828125 0.42734375 0.165625 0.1375
1 0.8890625 0.215625 0.221875 0.428125