2 0.5515625 0.12890625 0.115625 0.2375
4 0.37578125 0.2734375 0.10625 0.28125
1 0.4359375 0.1296875 0.15625 0.16875
0 0.47890625 0.6609375 0.26875 0.296875
3 0.92265625 0.53984375 0.153125 0.546875
3 0.74296875 0.5296875 0.178125 0.54375
0 0.46796875 0.3875 0.2140625 0.334375
3 0.109375 0.865625 0.2140625 0.26875
3 0.17109375 0.25234375 0.1828125 0.215625
4 0.04921875 0.22890625 0.0921875 0.2328125
4 0.3609375 0.88203125 0.1375 0.2359375
3 0.103125 0.709375 0.2 0.215625
3 0.66953125 0.8734375 0.14375 0.253125
4 0.259375 0.06875 0.1234375 0.134375
3 0.2421875 0.1609375 0.19375 0.18125
3 0.08828125 0.57109375 0.165625 0.134375
1 0.88828125 0.7859375 0.2234375 0.428125