2 0.4484375 0.12890625 0.115625 0.2375
4 0.62421875 0.2734375 0.10625 0.28203125
1 0.5640625 0.1296875 0.15703125 0.16875
0 0.52109375 0.6609375 0.26875 0.29609375
3 0.07734375 0.53984375 0.15390625 0.54765625
3 0.25703125 0.5296875 0.17734375 0.54375
0 0.53203125 0.3875 0.2140625 0.334375
3 0.890625 0.865625 0.2140625 0.26796875
3 0.82890625 0.25234375 0.1828125 0.21640625
4 0.95078125 0.22890625 0.0921875 0.2328125
4 0.6390625 0.88203125 0.1375 0.2359375
3 0.896875 0.709375 0.2 0.21640625
3 0.33046875 0.8734375 0.14296875 0.25234375
4 0.740625 0.06875 0.1234375 0.13515625
3 0.7578125 0.1609375 0.19453125 0.18046875
3 0.91171875 0.57109375 0.165625 0.134375
1 0.11171875 0.7859375 0.2234375 0.428125