3 0.1328125 0.10859375 0.2578125 0.215625
3 0.30234375 0.0984375 0.171875 0.196875
3 0.43046875 0.09453125 0.1390625 0.178125
3 0.52734375 0.07890625 0.121875 0.1578125
3 0.75703125 0.17421875 0.2 0.184375
3 0.84140625 0.24296875 0.1875 0.19375
3 0.47734375 0.7421875 0.5453125 0.1765625
3 0.13125 0.67421875 0.2625 0.1609375
3 0.475 0.92265625 0.565625 0.1546875
4 0.121875 0.36640625 0.24375 0.134375
4 0.2171875 0.88046875 0.434375 0.2390625
0 0.61875 0.46171875 0.321875 0.2296875
4 0.7265625 0.38984375 0.2734375 0.1203125
4 0.934375 0.26328125 0.13125 0.1375
4 0.78359375 0.05234375 0.2421875 0.1046875
0 0.33828125 0.48984375 0.303125 0.265625
2 0.86796875 0.55078125 0.240625 0.11875
1 0.875 0.43046875 0.165625 0.15625