3 0.259375 0.53203125 0.16875 0.54375
3 0.32421875 0.865625 0.1453125 0.26875
4 0.63984375 0.878125 0.1328125 0.24375
2 0.45 0.121875 0.1140625 0.23203125
3 0.8296875 0.25234375 0.1796875 0.21015625
3 0.07734375 0.5359375 0.153125 0.53203125
4 0.121875 0.784375 0.2375 0.43046875
0 0.5359375 0.4015625 0.2234375 0.359375
4 0.61015625 0.275 0.121875 0.2796875
4 0.73046875 0.06640625 0.14140625 0.12890625
4 0.94921875 0.225 0.1015625 0.23984375
3 0.8921875 0.86328125 0.21484375 0.27109375
3 0.89609375 0.69375 0.2078125 0.1875
3 0.884375 0.56640625 0.23046875 0.13046875
3 0.921875 0.5078125 0.15625 0.18671875
0 0.51796875 0.6609375 0.2609375 0.28984375
1 0.5671875 0.1296875 0.16484375 0.16875