3 0.515625 0.25546875 0.5359375 0.16875
3 0.859375 0.328125 0.28125 0.15625
0 0.65859375 0.5140625 0.29375 0.2734375
0 0.39453125 0.53828125 0.321875 0.2125
3 0.86640625 0.8859375 0.265625 0.228125
3 0.7015625 0.90390625 0.184375 0.1921875
3 0.25 0.82734375 0.19375 0.1890625
3 0.16640625 0.7546875 0.1875 0.1984375
2 0.1328125 0.44765625 0.234375 0.115625
1 0.13203125 0.56328125 0.1765625 0.1578125
4 0.27578125 0.609375 0.28125 0.1234375
4 0.88671875 0.6375 0.2265625 0.1328125
3 0.540625 0.0765625 0.5453125 0.153125
4 0.221875 0.9453125 0.221875 0.109375
4 0.065625 0.74140625 0.13125 0.1328125