2 0.44921875 0.128125 0.1171875 0.23671875
1 0.5640625 0.13203125 0.15859375 0.171875
4 0.615625 0.27109375 0.11875 0.28984375
0 0.521875 0.6609375 0.26875 0.29375
3 0.07734375 0.54296875 0.15390625 0.5484375
3 0.83125 0.25390625 0.1859375 0.21171875
3 0.25546875 0.52890625 0.17578125 0.540625
0 0.5328125 0.3890625 0.2125 0.334375
3 0.88984375 0.87109375 0.215625 0.2578125
4 0.95 0.22890625 0.09453125 0.23515625
3 0.31796875 0.86328125 0.15390625 0.2734375
4 0.63984375 0.8828125 0.13671875 0.234375
3 0.89765625 0.70859375 0.19765625 0.19765625
4 0.7421875 0.06875 0.1234375 0.13125
3 0.75625 0.1640625 0.2 0.184375
3 0.91171875 0.57421875 0.16640625 0.13984375
1 0.11875 0.784375 0.228125 0.43125