2 0.4515625 0.12890625 0.11953125 0.234375
1 0.5640625 0.13046875 0.16171875 0.171875
4 0.6171875 0.27734375 0.11953125 0.28984375
0 0.52265625 0.6609375 0.26875 0.296875
3 0.0765625 0.54296875 0.153125 0.5484375
0 0.5328125 0.3890625 0.2125 0.3328125
3 0.25546875 0.528125 0.1765625 0.53984375
4 0.9484375 0.22890625 0.09765625 0.2375
3 0.8890625 0.87109375 0.215625 0.2578125
3 0.83203125 0.25703125 0.19140625 0.21328125
3 0.31640625 0.85859375 0.15546875 0.2828125
3 0.896875 0.7109375 0.2 0.1953125
4 0.63984375 0.88203125 0.13671875 0.23515625
4 0.74140625 0.06875 0.125 0.1296875
3 0.75625 0.16328125 0.1984375 0.184375
3 0.9125 0.57421875 0.165625 0.1375
1 0.12109375 0.78515625 0.2296875 0.4296875