2 0.44921875 0.128125 0.1171875 0.2359375
1 0.565625 0.12890625 0.159375 0.1703125
4 0.615625 0.2703125 0.1203125 0.290625
0 0.52265625 0.659375 0.26875 0.2953125
3 0.0765625 0.546875 0.153125 0.553125
0 0.53203125 0.38984375 0.2125 0.3359375
3 0.25546875 0.528125 0.1765625 0.5375
4 0.94921875 0.22890625 0.096875 0.2375
3 0.88828125 0.87109375 0.2140625 0.2578125
3 0.83515625 0.2578125 0.19375 0.2125
3 0.896875 0.71484375 0.2 0.2
3 0.31953125 0.8515625 0.1609375 0.296875
4 0.63984375 0.8828125 0.1375 0.234375
3 0.75703125 0.1640625 0.1984375 0.1828125
4 0.7421875 0.06875 0.1234375 0.1296875
3 0.9125 0.575 0.1671875 0.1375
1 0.121875 0.7859375 0.2328125 0.428125