2 0.128125 0.5515625 0.2375 0.115625
1 0.13046875 0.434375 0.175 0.1625
4 0.27109375 0.384375 0.2921875 0.1203125
3 0.55 0.92265625 0.55625 0.1546875
0 0.659375 0.478125 0.296875 0.26875
0 0.38984375 0.46796875 0.334375 0.2125
3 0.52734375 0.74375 0.5359375 0.178125
4 0.22890625 0.05078125 0.2375 0.096875
3 0.87109375 0.11171875 0.2578125 0.2171875
3 0.71328125 0.10390625 0.1921875 0.2
3 0.2578125 0.16484375 0.209375 0.19375
3 0.85 0.6765625 0.3 0.1640625
4 0.8828125 0.36015625 0.234375 0.1375
3 0.1640625 0.2421875 0.18125 0.2
4 0.0703125 0.25859375 0.13125 0.1265625
3 0.57578125 0.0890625 0.1390625 0.16875
1 0.78515625 0.8796875 0.428125 0.23125