1 0.565625 0.13203125 0.16015625 0.17421875
2 0.45078125 0.13046875 0.11796875 0.2359375
4 0.615625 0.2765625 0.1203125 0.2890625
3 0.07734375 0.55390625 0.1546875 0.5609375
0 0.52109375 0.6578125 0.27109375 0.2953125
0 0.5296875 0.38984375 0.21953125 0.3328125
3 0.25703125 0.50859375 0.17578125 0.51796875
3 0.8890625 0.87109375 0.21796875 0.2578125
4 0.95078125 0.23046875 0.09296875 0.23515625
3 0.8984375 0.71484375 0.19765625 0.19921875
3 0.33046875 0.8421875 0.1578125 0.315625
3 0.8359375 0.25703125 0.1953125 0.20625
4 0.63984375 0.88125 0.1359375 0.2375
1 0.13046875 0.78671875 0.25 0.4265625
3 0.75625 0.1640625 0.19921875 0.1828125
4 0.7421875 0.071875 0.13125 0.128125
3 0.9109375 0.57734375 0.17109375 0.1375