3 0.5078125 0.25703125 0.503125 0.171875
0 0.65546875 0.5109375 0.2875 0.26875
0 0.39453125 0.54375 0.3453125 0.23125
3 0.8328125 0.3359375 0.334375 0.15
1 0.784375 0.1234375 0.43125 0.246875
2 0.12890625 0.446875 0.221875 0.109375
1 0.128125 0.565625 0.16875 0.1671875
4 0.27109375 0.60859375 0.2875 0.13125
3 0.2671875 0.8328125 0.2203125 0.190625
3 0.16484375 0.75546875 0.1828125 0.1921875
3 0.85703125 0.88828125 0.2328125 0.2234375
3 0.6984375 0.90390625 0.15625 0.1921875
3 0.56953125 0.91640625 0.115625 0.15625
4 0.21796875 0.9484375 0.2359375 0.103125
3 0.546875 0.07734375 0.571875 0.1546875