2 0.12890625 0.55078125 0.2375 0.1140625
1 0.13125 0.43671875 0.171875 0.15625
4 0.27734375 0.384375 0.2875 0.11875
3 0.55859375 0.92421875 0.5671875 0.1515625
0 0.65859375 0.4796875 0.29375 0.271875
0 0.38984375 0.46953125 0.33125 0.21875
3 0.51953125 0.74375 0.51875 0.178125
3 0.8703125 0.1109375 0.259375 0.2171875
3 0.25625 0.1640625 0.209375 0.1921875
4 0.23046875 0.05 0.2359375 0.09375
3 0.715625 0.1015625 0.2 0.196875
4 0.88203125 0.36015625 0.234375 0.1375
3 0.82578125 0.6625 0.34375 0.153125
1 0.7859375 0.87109375 0.428125 0.2515625
3 0.1640625 0.24296875 0.18125 0.2
3 0.578125 0.08828125 0.140625 0.16875