2 0.4484375 0.128125 0.11328125 0.2390625
4 0.615625 0.27578125 0.1203125 0.28515625
0 0.52109375 0.659375 0.2703125 0.29375
1 0.56328125 0.13203125 0.1546875 0.17109375
3 0.0765625 0.56875 0.153125 0.5828125
0 0.53046875 0.39140625 0.21796875 0.33125
3 0.2578125 0.521875 0.1796875 0.521875
3 0.8875 0.8703125 0.21875 0.259375
4 0.95078125 0.2296875 0.09375 0.23671875
3 0.83671875 0.25625 0.18984375 0.2078125
3 0.34609375 0.82578125 0.159375 0.34765625
4 0.63984375 0.8828125 0.13671875 0.23359375
3 0.8984375 0.715625 0.19765625 0.20078125
1 0.1296875 0.7859375 0.25 0.428125
3 0.75703125 0.1625 0.19921875 0.17890625
3 0.91328125 0.57578125 0.1625 0.1375
4 0.7421875 0.07421875 0.128125 0.1265625