2 0.4484375 0.12890625 0.1140625 0.240625
1 0.56328125 0.13125 0.1546875 0.171875
4 0.615625 0.2765625 0.11875 0.2859375
0 0.5203125 0.65859375 0.271875 0.29375
3 0.0765625 0.56875 0.153125 0.5875
0 0.53125 0.38984375 0.21875 0.33125
3 0.25625 0.51171875 0.18125 0.525
3 0.88828125 0.87109375 0.21875 0.2578125
4 0.95078125 0.2296875 0.09375 0.234375
3 0.8359375 0.2546875 0.190625 0.2046875
3 0.346875 0.828125 0.15625 0.34375
4 0.63984375 0.8828125 0.1375 0.234375
3 0.89921875 0.7140625 0.1953125 0.196875
1 0.1296875 0.78515625 0.25 0.4296875
3 0.75703125 0.16171875 0.2 0.1765625
3 0.9109375 0.575 0.1625 0.1375
4 0.74140625 0.07421875 0.1296875 0.125