2 0.44765625 0.1296875 0.1140625 0.240625
1 0.5640625 0.13046875 0.15625 0.171875
4 0.615625 0.2765625 0.1203125 0.284375
0 0.51953125 0.6578125 0.275 0.29375
3 0.078125 0.57734375 0.15625 0.609375
0 0.53125 0.390625 0.21875 0.33125
3 0.2546875 0.52421875 0.1734375 0.528125
3 0.88828125 0.8734375 0.21875 0.253125
4 0.95078125 0.2296875 0.09375 0.234375
3 0.3453125 0.82734375 0.153125 0.3453125
3 0.83671875 0.25546875 0.190625 0.2046875
4 0.63984375 0.88203125 0.1375 0.234375
3 0.89921875 0.7140625 0.1953125 0.2015625
3 0.75703125 0.1609375 0.2 0.178125
3 0.91171875 0.575 0.165625 0.1390625
4 0.7421875 0.075 0.1328125 0.128125