2 0.8703125 0.44765625 0.240625 0.1125
1 0.86953125 0.5640625 0.171875 0.15625
4 0.7234375 0.615625 0.284375 0.1203125
0 0.3421875 0.51953125 0.29375 0.275
3 0.42265625 0.078125 0.609375 0.15625
0 0.609375 0.53125 0.33125 0.21875
3 0.47578125 0.2546875 0.528125 0.1734375
3 0.1265625 0.88828125 0.253125 0.21875
4 0.7703125 0.95078125 0.234375 0.09375
3 0.17265625 0.3453125 0.3453125 0.153125
3 0.74453125 0.83671875 0.2046875 0.1921875
4 0.11796875 0.63984375 0.234375 0.1375
3 0.2859375 0.89921875 0.2 0.1953125
3 0.8390625 0.75703125 0.178125 0.2
3 0.425 0.91171875 0.1375 0.165625
4 0.925 0.7421875 0.128125 0.1328125