2 0.4484375 0.8703125 0.115625 0.240625
1 0.5671875 0.8671875 0.1640625 0.175
4 0.615625 0.72421875 0.1203125 0.2859375
0 0.52109375 0.34453125 0.271875 0.2953125
0 0.53125 0.6109375 0.21875 0.334375
3 0.2578125 0.46328125 0.184375 0.54375
3 0.88828125 0.12421875 0.21875 0.246875
3 0.07578125 0.4296875 0.1515625 0.5984375
4 0.95 0.77109375 0.09375 0.234375
3 0.83359375 0.7453125 0.2 0.196875
3 0.35546875 0.20546875 0.159375 0.4109375
4 0.6390625 0.1171875 0.1375 0.234375
3 0.896875 0.28515625 0.2 0.1921875
3 0.9125 0.42734375 0.15625 0.140625
3 0.7578125 0.83671875 0.2 0.18125
4 0.740625 0.928125 0.1296875 0.128125