2 0.4484375 0.8703125 0.115625 0.240625
1 0.5671875 0.86953125 0.1671875 0.1703125
4 0.615625 0.72421875 0.1203125 0.284375
0 0.521875 0.34453125 0.2703125 0.2953125
0 0.53125 0.61171875 0.21875 0.334375
3 0.25625 0.4640625 0.18125 0.5375
3 0.8890625 0.12421875 0.2171875 0.2484375
3 0.075 0.42734375 0.15 0.596875
4 0.95 0.7703125 0.09375 0.2328125
3 0.3578125 0.20703125 0.1625 0.4140625
4 0.6390625 0.1171875 0.1375 0.234375
3 0.83203125 0.7453125 0.203125 0.196875
3 0.896875 0.28515625 0.2 0.1921875
3 0.9125 0.4265625 0.153125 0.1390625
3 0.75703125 0.8359375 0.2 0.18125