2 0.86953125 0.55234375 0.2390625 0.115625
1 0.86875 0.4359375 0.171875 0.159375
4 0.7234375 0.38359375 0.2875 0.11875
0 0.34765625 0.478125 0.290625 0.26875
3 0.4640625 0.74765625 0.5421875 0.178125
0 0.6109375 0.4703125 0.33125 0.221875
3 0.42421875 0.92734375 0.6125 0.1453125
3 0.12421875 0.109375 0.2484375 0.2125
4 0.76953125 0.05078125 0.23125 0.096875
3 0.19296875 0.6328125 0.3859375 0.146875
4 0.11640625 0.36015625 0.2328125 0.1375
3 0.28515625 0.10078125 0.20625 0.1953125
3 0.7453125 0.1703125 0.19375 0.20625
4 0.9296875 0.259375 0.13125 0.1265625
3 0.42578125 0.08671875 0.140625 0.15625
3 0.8375 0.24296875 0.184375 0.196875