2 0.44765625 0.1296875 0.11484375 0.2390625
1 0.565625 0.13046875 0.1609375 0.1703125
4 0.6171875 0.27578125 0.11953125 0.2859375
0 0.5203125 0.65234375 0.271875 0.28828125
3 0.25234375 0.53515625 0.17734375 0.53828125
0 0.53046875 0.38984375 0.221875 0.3328125
3 0.07109375 0.5734375 0.1421875 0.61328125
3 0.8921875 0.87734375 0.2109375 0.2453125
4 0.94921875 0.23046875 0.09609375 0.23046875
3 0.89921875 0.71328125 0.1953125 0.20390625
3 0.37578125 0.81171875 0.14765625 0.37578125
4 0.63984375 0.8828125 0.1359375 0.234375
3 0.8296875 0.25390625 0.2046875 0.19296875
4 0.740625 0.07109375 0.1265625 0.134375
3 0.9125 0.5734375 0.15390625 0.13828125