1 0.56484375 0.13203125 0.1609375 0.175
2 0.44765625 0.13046875 0.1140625 0.2375
4 0.615625 0.27578125 0.11875 0.284375
0 0.5171875 0.65390625 0.278125 0.290625
3 0.25625 0.5296875 0.184375 0.5359375
0 0.5296875 0.38984375 0.221875 0.3328125
3 0.83046875 0.28046875 0.209375 0.20625
3 0.071875 0.57578125 0.14375 0.61875
3 0.88984375 0.88203125 0.215625 0.2359375
4 0.94609375 0.2296875 0.1015625 0.228125
4 0.640625 0.88359375 0.1375 0.2328125
3 0.89765625 0.715625 0.196875 0.2125
3 0.3828125 0.84296875 0.1375 0.3140625
4 0.74140625 0.07265625 0.13125 0.1265625
3 0.91328125 0.57578125 0.15625 0.140625
3 0.75390625 0.16484375 0.2 0.18125