1 0.43359375 0.86796875 0.1625 0.171875
2 0.55078125 0.86953125 0.1171875 0.2375
0 0.4828125 0.34609375 0.2765625 0.29375
4 0.38359375 0.72421875 0.1203125 0.284375
3 0.74140625 0.4703125 0.1890625 0.5375
0 0.4703125 0.6109375 0.221875 0.33125
3 0.11171875 0.11796875 0.2171875 0.2359375
3 0.92421875 0.41875 0.1515625 0.6359375
3 0.16875 0.71640625 0.21875 0.2015625
3 0.61796875 0.1484375 0.1421875 0.296875
4 0.0546875 0.76953125 0.1046875 0.2296875
3 0.1015625 0.2890625 0.196875 0.1984375
4 0.3609375 0.1171875 0.1359375 0.234375
3 0.0859375 0.425 0.153125 0.1375