1 0.13203125 0.43359375 0.171875 0.1625
2 0.13046875 0.55078125 0.2375 0.115625
0 0.65390625 0.4828125 0.29375 0.2765625
4 0.27578125 0.38359375 0.284375 0.11875
3 0.5296875 0.74140625 0.5375 0.1890625
0 0.3890625 0.4703125 0.33125 0.221875
3 0.88203125 0.11171875 0.2359375 0.2171875
3 0.58125 0.92421875 0.6359375 0.1515625
3 0.28359375 0.16875 0.2015625 0.21875
3 0.8515625 0.61796875 0.296875 0.1421875
4 0.23046875 0.0546875 0.2296875 0.1046875
3 0.7109375 0.1015625 0.196875 0.196875
4 0.8828125 0.3609375 0.234375 0.1359375
3 0.575 0.0859375 0.1375 0.153125