2 0.4484375 0.86953125 0.115625 0.2375
1 0.56640625 0.86875 0.1625 0.171875
4 0.615625 0.72421875 0.1203125 0.284375
0 0.5171875 0.3453125 0.278125 0.29375
3 0.25859375 0.4703125 0.190625 0.534375
0 0.53046875 0.61015625 0.221875 0.33125
3 0.88828125 0.11796875 0.21875 0.2359375
3 0.07421875 0.40625 0.1484375 0.659375
3 0.83203125 0.71640625 0.21875 0.2
3 0.8984375 0.28984375 0.196875 0.196875
3 0.3671875 0.15234375 0.14375 0.303125
4 0.63984375 0.1171875 0.1375 0.234375
4 0.9453125 0.7703125 0.103125 0.228125
3 0.91328125 0.425 0.1546875 0.1359375