2 0.4484375 0.12890625 0.11484375 0.2359375
1 0.56484375 0.13203125 0.159375 0.171875
0 0.5203125 0.65546875 0.271875 0.29453125
4 0.6171875 0.275 0.1171875 0.28203125
3 0.26640625 0.51796875 0.2046875 0.51796875
0 0.53046875 0.38984375 0.22265625 0.3296875
3 0.35390625 0.85390625 0.16796875 0.2921875
3 0.8875 0.87421875 0.2203125 0.2515625
3 0.0796875 0.615625 0.15859375 0.703125
4 0.63984375 0.8828125 0.13671875 0.234375
4 0.94609375 0.23046875 0.1015625 0.22890625
3 0.83203125 0.28984375 0.2234375 0.20234375
3 0.90078125 0.71015625 0.1921875 0.19296875
3 0.91484375 0.575 0.15234375 0.13515625