2 0.44921875 0.12890625 0.11640625 0.2359375
1 0.56640625 0.13203125 0.159375 0.1734375
0 0.51953125 0.65546875 0.2734375 0.29609375
4 0.615625 0.275 0.11875 0.28515625
3 0.27578125 0.5421875 0.2109375 0.52890625
0 0.53046875 0.38984375 0.221875 0.33046875
3 0.35625 0.85625 0.1625 0.2875
3 0.8875 0.8765625 0.21796875 0.246875
4 0.94609375 0.228125 0.10234375 0.23046875
3 0.0765625 0.61640625 0.153125 0.7015625
4 0.63984375 0.88203125 0.13671875 0.23515625
3 0.9015625 0.7078125 0.190625 0.19140625
3 0.8328125 0.2953125 0.22421875 0.209375
3 0.9125 0.5765625 0.153125 0.1390625
4 0.7421875 0.07734375 0.14765625 0.134375