2 0.55078125 0.12890625 0.115625 0.2359375
1 0.43359375 0.13203125 0.159375 0.1734375
0 0.48046875 0.65546875 0.2734375 0.296875
4 0.384375 0.275 0.11875 0.284375
3 0.72421875 0.5421875 0.2109375 0.528125
0 0.46953125 0.38984375 0.221875 0.33125
3 0.64375 0.85625 0.1625 0.2875
3 0.1125 0.8765625 0.21875 0.246875
4 0.05390625 0.228125 0.103125 0.23125
3 0.9234375 0.61640625 0.153125 0.7015625
4 0.36015625 0.88203125 0.1375 0.234375
3 0.0984375 0.7078125 0.190625 0.190625
3 0.1671875 0.2953125 0.225 0.209375
3 0.0875 0.5765625 0.153125 0.1390625
4 0.2578125 0.07734375 0.146875 0.134375