1 0.5671875 0.86875 0.1625 0.171875
2 0.4515625 0.86953125 0.11875 0.234375
0 0.51875 0.34453125 0.275 0.29375
4 0.61640625 0.72578125 0.1171875 0.284375
3 0.26796875 0.45078125 0.203125 0.528125
0 0.5296875 0.61015625 0.2234375 0.33125
3 0.3484375 0.1421875 0.171875 0.284375
4 0.9453125 0.77109375 0.1046875 0.23125
3 0.8875 0.12421875 0.2203125 0.2484375
3 0.078125 0.38203125 0.15625 0.7
4 0.63984375 0.11796875 0.1375 0.234375
3 0.9015625 0.29296875 0.190625 0.1921875
3 0.83515625 0.7046875 0.228125 0.21875
4 0.7421875 0.9234375 0.146875 0.1328125
3 0.909375 0.42265625 0.1625 0.140625