2 0.44921875 0.8703125 0.115625 0.2375
1 0.5671875 0.86953125 0.165625 0.171875
0 0.51875 0.34453125 0.275 0.2953125
4 0.6171875 0.72578125 0.1171875 0.284375
3 0.265625 0.453125 0.1984375 0.521875
0 0.5296875 0.609375 0.221875 0.328125
3 0.35 0.14296875 0.1703125 0.2859375
3 0.88671875 0.12578125 0.221875 0.2515625
4 0.9453125 0.7703125 0.1046875 0.2328125
4 0.6390625 0.11796875 0.1375 0.234375
3 0.07734375 0.38125 0.1546875 0.6953125
3 0.8359375 0.70078125 0.23125 0.2296875
3 0.9015625 0.29140625 0.190625 0.1953125
3 0.9046875 0.4234375 0.165625 0.1375
4 0.7421875 0.92265625 0.14375 0.134375