1 0.86875 0.43203125 0.178125 0.165625
2 0.86953125 0.55078125 0.2390625 0.115625
4 0.72578125 0.38359375 0.284375 0.1171875
0 0.34453125 0.48125 0.29375 0.275
3 0.45 0.73203125 0.5171875 0.1890625
0 0.61015625 0.4703125 0.33125 0.2234375
4 0.76953125 0.05546875 0.23125 0.10625
3 0.1421875 0.6484375 0.284375 0.1703125
3 0.36953125 0.92265625 0.7390625 0.1546875
3 0.1265625 0.1109375 0.253125 0.221875
4 0.11796875 0.36015625 0.234375 0.1375
3 0.70390625 0.1609375 0.2328125 0.228125
3 0.2890625 0.0984375 0.196875 0.190625
4 0.921875 0.259375 0.134375 0.1453125
3 0.421875 0.08828125 0.14375 0.1578125
3 0.8328125 0.24375 0.1796875 0.2