2 0.44921875 0.13046875 0.11484375 0.2375
1 0.56640625 0.13046875 0.1625 0.1765625
0 0.51875 0.65546875 0.27578125 0.2953125
4 0.61796875 0.27265625 0.1140625 0.2828125
3 0.26875 0.54921875 0.178125 0.51796875
0 0.5296875 0.38828125 0.2234375 0.33046875
3 0.84296875 0.30234375 0.2109375 0.24453125
3 0.34765625 0.8578125 0.14921875 0.284375
3 0.075 0.63125 0.14921875 0.734375
4 0.94453125 0.23125 0.1046875 0.22890625
3 0.8859375 0.87109375 0.221875 0.2578125
4 0.6390625 0.88203125 0.13671875 0.2359375
3 0.9015625 0.7140625 0.190625 0.2078125
3 0.91015625 0.57734375 0.159375 0.1421875
4 0.7421875 0.07890625 0.1453125 0.13046875