1 0.56484375 0.13125 0.16171875 0.17421875
2 0.4484375 0.1296875 0.115625 0.2390625
4 0.61796875 0.2734375 0.11484375 0.28203125
0 0.51875 0.65546875 0.2734375 0.2953125
3 0.26953125 0.55078125 0.17734375 0.51875
0 0.52890625 0.3890625 0.22265625 0.33046875
3 0.8453125 0.30234375 0.21015625 0.246875
3 0.34609375 0.8578125 0.14140625 0.28359375
3 0.075 0.63203125 0.15 0.73515625
3 0.88671875 0.87109375 0.22109375 0.2578125
4 0.6390625 0.88125 0.1375 0.2375
4 0.94375 0.23125 0.10625 0.22890625
3 0.9015625 0.7171875 0.190625 0.21015625
3 0.9109375 0.57734375 0.159375 0.14296875