2 0.86953125 0.5515625 0.2375 0.115625
0 0.34375 0.48203125 0.296875 0.2734375
1 0.86953125 0.43515625 0.171875 0.1609375
4 0.7265625 0.38203125 0.28125 0.1140625
3 0.4453125 0.73046875 0.525 0.178125
0 0.61015625 0.47109375 0.334375 0.2234375
3 0.6953125 0.15 0.2453125 0.2
3 0.36875 0.925 0.7375 0.15
3 0.1265625 0.11328125 0.25 0.2265625
3 0.140625 0.65 0.28125 0.1453125
4 0.76875 0.05625 0.23125 0.10625
4 0.11796875 0.3609375 0.2359375 0.1375
3 0.2828125 0.0984375 0.2109375 0.190625
4 0.91953125 0.2578125 0.13125 0.140625
3 0.4203125 0.09140625 0.1484375 0.1625
3 0.82734375 0.2453125 0.1890625 0.20625