2 0.4484375 0.13046875 0.115625 0.2390625
1 0.56640625 0.13046875 0.1640625 0.17109375
0 0.51796875 0.65625 0.27421875 0.29453125
4 0.61796875 0.2734375 0.1140625 0.28046875
3 0.26953125 0.559375 0.1765625 0.53203125
0 0.52890625 0.3890625 0.22265625 0.33125
3 0.88671875 0.87578125 0.2265625 0.2484375
3 0.86015625 0.3078125 0.1890625 0.25078125
3 0.34921875 0.86171875 0.15 0.2765625
4 0.6390625 0.88203125 0.1375 0.2359375
4 0.94296875 0.23046875 0.1078125 0.22890625
3 0.078125 0.6328125 0.15625 0.734375
3 0.90234375 0.71015625 0.1890625 0.19375
3 0.75390625 0.1734375 0.2046875 0.1890625