2 0.44921875 0.1296875 0.1171875 0.2390625
1 0.56640625 0.1296875 0.1625 0.1703125
0 0.51796875 0.65625 0.2734375 0.29375
4 0.61796875 0.27265625 0.1140625 0.28125
3 0.26953125 0.565625 0.1765625 0.54375
0 0.52890625 0.38984375 0.225 0.3328125
3 0.8875 0.87578125 0.225 0.2484375
3 0.859375 0.30390625 0.190625 0.2640625
3 0.07578125 0.634375 0.1515625 0.73125
4 0.63828125 0.88125 0.1359375 0.2375
3 0.35078125 0.8609375 0.1546875 0.278125
3 0.90234375 0.70859375 0.190625 0.190625
4 0.94296875 0.23046875 0.10625 0.228125
3 0.75390625 0.17421875 0.2046875 0.190625
4 0.73984375 0.07890625 0.134375 0.13125