2 0.86953125 0.5515625 0.2390625 0.115625
1 0.86875 0.43359375 0.1734375 0.165625
4 0.72734375 0.38203125 0.28125 0.115625
0 0.34375 0.4828125 0.29375 0.271875
3 0.4296875 0.73046875 0.55 0.1765625
0 0.609375 0.471875 0.3328125 0.225
3 0.69921875 0.13984375 0.265625 0.190625
3 0.125 0.1171875 0.25 0.228125
4 0.11796875 0.3609375 0.2359375 0.1375
3 0.365625 0.92421875 0.73125 0.1515625
3 0.29140625 0.09765625 0.190625 0.190625
3 0.1390625 0.6484375 0.278125 0.15625
4 0.76875 0.05703125 0.2296875 0.1078125
3 0.82421875 0.24453125 0.1921875 0.203125
4 0.921875 0.26171875 0.13125 0.1359375