2 0.13125 0.45234375 0.234375 0.121875
1 0.128125 0.56640625 0.171875 0.1640625
4 0.271875 0.61875 0.284375 0.1140625
0 0.6546875 0.51796875 0.290625 0.271875
3 0.59921875 0.26171875 0.603125 0.1640625
0 0.390625 0.5296875 0.334375 0.221875
3 0.7328125 0.9046875 0.265625 0.1859375
3 0.6546875 0.0765625 0.6875 0.153125
4 0.8828125 0.64296875 0.234375 0.1359375
3 0.2875 0.8796875 0.265625 0.140625
4 0.075 0.73984375 0.1359375 0.140625
3 0.8484375 0.38515625 0.303125 0.13125
4 0.23046875 0.94375 0.23125 0.1078125
3 0.175 0.75234375 0.196875 0.2
3 0.859375 0.87109375 0.275 0.25625
1 0.7859375 0.1296875 0.428125 0.246875