2 0.45234375 0.13046875 0.121875 0.23125
1 0.5671875 0.1296875 0.1609375 0.17265625
4 0.61796875 0.271875 0.115625 0.28515625
0 0.51796875 0.65546875 0.275 0.28984375
3 0.26171875 0.58828125 0.16328125 0.58671875
0 0.5296875 0.38984375 0.22265625 0.334375
3 0.071875 0.64453125 0.14296875 0.7109375
3 0.384375 0.85 0.134375 0.3
3 0.90390625 0.74296875 0.18828125 0.25703125
3 0.88046875 0.265625 0.128125 0.271875
4 0.64296875 0.8828125 0.13515625 0.234375
4 0.94453125 0.23125 0.10546875 0.2296875
3 0.75390625 0.17421875 0.196875 0.19765625
4 0.73828125 0.07578125 0.1390625 0.13515625
3 0.87421875 0.8640625 0.24609375 0.271875