2 0.13046875 0.54765625 0.23125 0.121875
1 0.1296875 0.4328125 0.171875 0.1609375
4 0.271875 0.38203125 0.284375 0.115625
0 0.65546875 0.48203125 0.290625 0.275
3 0.58828125 0.73828125 0.5875 0.1640625
0 0.38984375 0.4703125 0.334375 0.221875
3 0.64453125 0.928125 0.7109375 0.14375
3 0.85 0.615625 0.3 0.134375
3 0.74296875 0.09609375 0.25625 0.1875
3 0.265625 0.11953125 0.271875 0.128125
4 0.8828125 0.35703125 0.234375 0.134375
4 0.23125 0.05546875 0.2296875 0.10625
3 0.17421875 0.24609375 0.196875 0.196875
4 0.07578125 0.26171875 0.134375 0.1390625
3 0.8640625 0.12578125 0.271875 0.246875