2 0.45234375 0.1296875 0.121875 0.23125
4 0.61875 0.271875 0.1140625 0.28125
1 0.5671875 0.128125 0.1625 0.178125
0 0.51796875 0.65625 0.275 0.290625
3 0.26171875 0.5890625 0.1640625 0.596875
0 0.5296875 0.38984375 0.221875 0.334375
3 0.0703125 0.64921875 0.140625 0.7015625
3 0.3828125 0.85 0.134375 0.3
3 0.90625 0.7515625 0.184375 0.2703125
4 0.6390625 0.8828125 0.1375 0.234375
3 0.8796875 0.2640625 0.125 0.278125
3 0.75625 0.175 0.1984375 0.1984375
4 0.946875 0.23125 0.1015625 0.2296875
3 0.88515625 0.86171875 0.225 0.2765625
4 0.7375 0.0765625 0.1375 0.1375