2 0.45234375 0.8703125 0.121875 0.234375
1 0.5671875 0.8734375 0.1640625 0.1796875
4 0.61796875 0.72734375 0.115625 0.28125
0 0.5171875 0.3421875 0.275 0.290625
3 0.2609375 0.41015625 0.1625 0.59375
0 0.53046875 0.61015625 0.221875 0.334375
3 0.0703125 0.35078125 0.140625 0.7015625
3 0.38359375 0.15078125 0.1359375 0.3
3 0.90625 0.2515625 0.1828125 0.265625
4 0.63984375 0.1171875 0.1375 0.234375
3 0.88046875 0.7375 0.121875 0.278125
3 0.75625 0.82578125 0.196875 0.1984375
3 0.884375 0.13984375 0.2265625 0.2796875
4 0.73828125 0.92421875 0.134375 0.1375
4 0.94296875 0.77421875 0.10625 0.228125