2 0.12890625 0.54765625 0.234375 0.121875
1 0.12578125 0.43359375 0.1796875 0.16875
4 0.27265625 0.38203125 0.28125 0.115625
0 0.65625 0.48203125 0.2875 0.275
3 0.58984375 0.7390625 0.59375 0.1640625
0 0.390625 0.46953125 0.3375 0.2234375
3 0.65 0.928125 0.696875 0.14375
3 0.84921875 0.6171875 0.3015625 0.1375
4 0.8828125 0.36015625 0.234375 0.1375
3 0.74765625 0.09453125 0.265625 0.184375
3 0.2609375 0.11953125 0.2859375 0.121875
3 0.859375 0.115625 0.28125 0.225
3 0.17421875 0.24375 0.2 0.1984375
4 0.07578125 0.26328125 0.1375 0.1359375
4 0.22578125 0.05625 0.228125 0.103125