2 0.12734375 0.4515625 0.2328125 0.11875
1 0.12734375 0.56875 0.1828125 0.1703125
3 0.590625 0.26015625 0.596875 0.165625
0 0.65625 0.5171875 0.2875 0.2765625
4 0.27109375 0.61875 0.284375 0.1125
0 0.38984375 0.5296875 0.3359375 0.221875
3 0.8484375 0.38125 0.303125 0.1390625
3 0.65234375 0.071875 0.6921875 0.14375
4 0.8828125 0.63984375 0.234375 0.1375
3 0.7484375 0.90703125 0.271875 0.1828125
3 0.25234375 0.8765625 0.2875 0.1125
3 0.175 0.7546875 0.2 0.1953125
3 0.859375 0.884375 0.28125 0.225
4 0.07578125 0.73671875 0.1359375 0.134375
1 0.78671875 0.12578125 0.4265625 0.2390625