2 0.4515625 0.12734375 0.11953125 0.2328125
1 0.56875 0.12734375 0.1703125 0.1828125
3 0.26015625 0.590625 0.165625 0.59609375
0 0.5171875 0.65625 0.2765625 0.28671875
4 0.61875 0.27109375 0.1125 0.284375
0 0.5296875 0.38984375 0.22265625 0.3359375
3 0.38125 0.8484375 0.1390625 0.30234375
3 0.071875 0.65234375 0.14375 0.6921875
4 0.63984375 0.8828125 0.13671875 0.23359375
3 0.90703125 0.7484375 0.18203125 0.271875
3 0.8765625 0.25234375 0.11328125 0.28828125
3 0.7546875 0.175 0.1953125 0.20078125
3 0.884375 0.859375 0.225 0.28125
4 0.73671875 0.07578125 0.13359375 0.1359375
1 0.12578125 0.78671875 0.2390625 0.4265625