2 0.4484375 0.12421875 0.115625 0.2375
1 0.56796875 0.128125 0.171875 0.178125
3 0.259375 0.5828125 0.1671875 0.5703125
4 0.61875 0.2703125 0.1140625 0.284375
0 0.51484375 0.65703125 0.28125 0.2875
0 0.52890625 0.390625 0.221875 0.3375
3 0.3796875 0.8484375 0.1453125 0.303125
3 0.07265625 0.65625 0.1453125 0.6875
4 0.63984375 0.8828125 0.1375 0.234375
3 0.75390625 0.175 0.1890625 0.203125
3 0.90625 0.75546875 0.184375 0.2671875
4 0.73671875 0.0765625 0.134375 0.1390625
3 0.8828125 0.8546875 0.228125 0.2859375
3 0.8765625 0.24296875 0.1078125 0.2953125