2 0.45 0.125 0.11640625 0.23125
4 0.61875 0.2703125 0.11328125 0.28046875
1 0.56796875 0.1296875 0.17109375 0.17734375
3 0.26015625 0.584375 0.16640625 0.5734375
0 0.51484375 0.65703125 0.28046875 0.2875
0 0.5296875 0.39140625 0.221875 0.3375
3 0.378125 0.84921875 0.14375 0.3015625
3 0.0734375 0.65625 0.146875 0.6875
4 0.640625 0.88203125 0.1375 0.2359375
3 0.75390625 0.175 0.1875 0.20078125
3 0.87734375 0.240625 0.103125 0.28515625
3 0.90625 0.7578125 0.1828125 0.2609375
4 0.7375 0.07578125 0.13203125 0.13828125
3 0.88203125 0.85546875 0.22890625 0.284375
4 0.9515625 0.221875 0.09296875 0.23671875