2 0.553125 0.121875 0.1140625 0.234375
1 0.43203125 0.1296875 0.1703125 0.1765625
4 0.38125 0.271875 0.1140625 0.28125
3 0.740625 0.58046875 0.1671875 0.565625
0 0.484375 0.65703125 0.28125 0.2875
0 0.4703125 0.39140625 0.221875 0.3359375
3 0.621875 0.84921875 0.146875 0.3015625
3 0.92578125 0.65703125 0.146875 0.6859375
4 0.3609375 0.88203125 0.1375 0.2359375
3 0.24609375 0.175 0.1875 0.203125
3 0.1234375 0.2390625 0.1015625 0.2828125
3 0.09375 0.75546875 0.184375 0.2625
4 0.26484375 0.07578125 0.13125 0.1375
3 0.11796875 0.85625 0.228125 0.284375
4 0.0484375 0.2265625 0.0953125 0.234375