1 0.43203125 0.871875 0.16875 0.1765625
2 0.5515625 0.87890625 0.1125 0.23125
4 0.38125 0.72890625 0.1140625 0.2796875
3 0.7421875 0.41953125 0.16875 0.56875
0 0.48515625 0.34296875 0.28125 0.2890625
0 0.4703125 0.6078125 0.2234375 0.3359375
3 0.62265625 0.153125 0.146875 0.30625
3 0.928125 0.34375 0.14375 0.6875
4 0.359375 0.1171875 0.1375 0.234375
3 0.24375 0.82421875 0.184375 0.203125
3 0.125 0.7640625 0.096875 0.278125
3 0.0984375 0.24921875 0.1921875 0.26875
4 0.26328125 0.92265625 0.13125 0.140625
4 0.0484375 0.77578125 0.09375 0.234375
3 0.11328125 0.1453125 0.21875 0.2796875