2 0.44765625 0.1203125 0.11015625 0.2296875
1 0.56796875 0.12890625 0.1671875 0.17578125
3 0.25859375 0.5828125 0.16796875 0.56953125
0 0.51484375 0.65703125 0.28046875 0.28984375
4 0.61875 0.271875 0.11328125 0.28046875
0 0.5296875 0.3921875 0.22265625 0.334375
3 0.07265625 0.65625 0.1453125 0.6875
3 0.378125 0.8453125 0.14375 0.309375
4 0.63984375 0.8828125 0.13671875 0.234375
3 0.75703125 0.17578125 0.1859375 0.2046875
3 0.903125 0.7546875 0.1890625 0.265625
4 0.7359375 0.07890625 0.13359375 0.140625
4 0.95234375 0.2265625 0.0953125 0.23359375
3 0.871875 0.2328125 0.09765625 0.284375
3 0.8828125 0.8578125 0.228125 0.2796875