2 0.1203125 0.44765625 0.2296875 0.109375
1 0.12890625 0.56796875 0.175 0.1671875
3 0.5828125 0.25859375 0.56875 0.16875
0 0.65703125 0.51484375 0.290625 0.28125
4 0.271875 0.61875 0.28125 0.1125
0 0.3921875 0.5296875 0.334375 0.221875
3 0.65625 0.07265625 0.6875 0.1453125
3 0.8453125 0.378125 0.309375 0.14375
4 0.8828125 0.63984375 0.234375 0.1375
3 0.17578125 0.75703125 0.2046875 0.1859375
3 0.7546875 0.903125 0.265625 0.1890625
4 0.07890625 0.7359375 0.140625 0.134375
4 0.2265625 0.95234375 0.234375 0.0953125
3 0.2328125 0.871875 0.284375 0.0984375
3 0.8578125 0.8828125 0.2796875 0.228125