2 0.88359375 0.4453125 0.221875 0.1046875
3 0.415625 0.259375 0.575 0.16875
1 0.8703125 0.5671875 0.171875 0.165625
0 0.34296875 0.51484375 0.2890625 0.28125
4 0.728125 0.61796875 0.28125 0.115625
0 0.60859375 0.53046875 0.334375 0.221875
4 0.1171875 0.63984375 0.234375 0.1375
3 0.34296875 0.0734375 0.6859375 0.146875
3 0.15703125 0.3765625 0.3140625 0.14375
3 0.24609375 0.90859375 0.26875 0.1796875
3 0.828125 0.75546875 0.203125 0.171875
4 0.7734375 0.8703125 0.3 0.0890625
4 0.921875 0.734375 0.14375 0.1328125
3 0.14296875 0.88359375 0.28125 0.225