2 0.11796875 0.553125 0.225 0.109375
1 0.13046875 0.4328125 0.175 0.1625
3 0.578125 0.7421875 0.5703125 0.1703125
0 0.65703125 0.48515625 0.2890625 0.28125
4 0.26953125 0.38046875 0.284375 0.1125
0 0.3921875 0.4703125 0.334375 0.2234375
4 0.8828125 0.36015625 0.234375 0.1375
3 0.84296875 0.621875 0.3140625 0.1421875
3 0.65546875 0.9265625 0.6890625 0.146875
3 0.75234375 0.090625 0.2625 0.1765625
3 0.1703125 0.2453125 0.2 0.16875
4 0.07890625 0.26484375 0.14375 0.134375
4 0.221875 0.0515625 0.228125 0.1
3 0.85859375 0.11328125 0.2828125 0.2203125
3 0.3265625 0.9234375 0.159375 0.153125