2 0.11796875 0.44765625 0.225 0.1109375
1 0.12890625 0.56796875 0.175 0.1609375
3 0.57421875 0.25859375 0.565625 0.16875
0 0.6578125 0.51484375 0.290625 0.2796875
4 0.26953125 0.61875 0.2875 0.115625
0 0.39296875 0.5296875 0.3328125 0.221875
3 0.6546875 0.0734375 0.690625 0.146875
3 0.84296875 0.3796875 0.3140625 0.14375
4 0.8828125 0.63984375 0.234375 0.1375
4 0.07890625 0.73359375 0.14375 0.128125
3 0.7453125 0.9046875 0.23125 0.184375
3 0.16953125 0.76015625 0.2 0.15625
3 0.8546875 0.884375 0.2859375 0.2234375
4 0.22578125 0.9484375 0.2328125 0.103125
3 0.21796875 0.8625 0.303125 0.0890625