2 0.88203125 0.446875 0.225 0.109375
1 0.871875 0.56875 0.175 0.165625
4 0.73046875 0.61796875 0.284375 0.115625
3 0.42421875 0.25859375 0.56875 0.16875
0 0.34296875 0.51484375 0.290625 0.28125
0 0.60859375 0.5296875 0.334375 0.221875
3 0.34609375 0.071875 0.6921875 0.14375
3 0.15625 0.378125 0.3125 0.14375
4 0.11796875 0.63984375 0.2359375 0.1390625
4 0.92109375 0.73359375 0.14375 0.1296875
3 0.82890625 0.7578125 0.2 0.1609375
3 0.2515625 0.903125 0.21875 0.1859375
3 0.14453125 0.88515625 0.284375 0.2234375
4 0.778125 0.94765625 0.2265625 0.1015625