1 0.12890625 0.43125 0.178125 0.1671875
2 0.11640625 0.55390625 0.221875 0.109375
3 0.57265625 0.740625 0.5640625 0.16875
4 0.2703125 0.38203125 0.284375 0.1140625
0 0.65625 0.48515625 0.2875 0.28125
0 0.3921875 0.4703125 0.334375 0.225
3 0.65234375 0.928125 0.690625 0.14375
3 0.84375 0.62109375 0.3125 0.1421875
4 0.88203125 0.36015625 0.2359375 0.1359375
3 0.740625 0.0984375 0.19375 0.1875
3 0.1703125 0.23984375 0.1984375 0.153125
4 0.0796875 0.26640625 0.146875 0.1328125
3 0.85703125 0.115625 0.28125 0.225
4 0.225 0.053125 0.2359375 0.096875