1 0.87109375 0.56875 0.178125 0.1671875
2 0.88359375 0.44609375 0.221875 0.109375
3 0.42734375 0.259375 0.5640625 0.16875
4 0.7296875 0.61796875 0.284375 0.1140625
0 0.34375 0.51484375 0.2875 0.28125
0 0.6078125 0.5296875 0.334375 0.225
3 0.34765625 0.071875 0.690625 0.14375
3 0.15625 0.37890625 0.3125 0.1421875
4 0.11796875 0.63984375 0.2359375 0.1359375
3 0.259375 0.9015625 0.19375 0.1890625
3 0.8296875 0.76015625 0.1984375 0.1546875
4 0.9203125 0.73359375 0.146875 0.1328125
3 0.14296875 0.884375 0.28125 0.225
4 0.775 0.946875 0.2359375 0.096875