2 0.44453125 0.11328125 0.103125 0.2234375
1 0.56796875 0.13046875 0.1671875 0.178125
0 0.51640625 0.65703125 0.2765625 0.2890625
3 0.26015625 0.55390625 0.165625 0.525
4 0.61796875 0.26796875 0.115625 0.2859375
0 0.5296875 0.39140625 0.225 0.3359375
3 0.07421875 0.65 0.1484375 0.6875
4 0.640625 0.8828125 0.1375 0.234375
3 0.38125 0.84296875 0.140625 0.3140625
3 0.75859375 0.17109375 0.1578125 0.203125
3 0.90390625 0.765625 0.184375 0.1828125
4 0.94453125 0.22265625 0.103125 0.2296875
4 0.73203125 0.07890625 0.1296875 0.1453125
3 0.86015625 0.203125 0.0875 0.271875
3 0.88359375 0.8578125 0.225 0.2796875
3 0.9109375 0.57109375 0.1375 0.1625