2 0.1125 0.5546875 0.21875 0.1046875
1 0.13125 0.4328125 0.178125 0.16875
0 0.65703125 0.48203125 0.2875 0.275
4 0.265625 0.38125 0.284375 0.109375
3 0.55078125 0.73984375 0.521875 0.165625
0 0.39296875 0.4703125 0.3359375 0.225
3 0.6515625 0.92734375 0.696875 0.1453125
3 0.76953125 0.09453125 0.1765625 0.178125
3 0.171875 0.240625 0.2 0.153125
4 0.8828125 0.36015625 0.234375 0.1375
3 0.840625 0.6171875 0.31875 0.140625
4 0.0796875 0.26875 0.1453125 0.13125
4 0.221875 0.05234375 0.234375 0.1
3 0.8671875 0.11328125 0.265625 0.2203125
3 0.2078125 0.1390625 0.265625 0.084375
3 0.584375 0.08828125 0.184375 0.140625