2 0.44296875 0.11328125 0.1015625 0.225
1 0.56640625 0.1296875 0.16875 0.175
0 0.51796875 0.6578125 0.275 0.2875
3 0.25859375 0.54921875 0.165625 0.5203125
0 0.5296875 0.3921875 0.2234375 0.3375
4 0.61796875 0.2640625 0.1078125 0.2828125
3 0.075 0.65234375 0.15 0.69375
3 0.90859375 0.77578125 0.171875 0.1703125
4 0.6390625 0.8828125 0.1375 0.234375
3 0.378125 0.82421875 0.14375 0.3453125
4 0.946875 0.2203125 0.1 0.2375
3 0.76171875 0.171875 0.1484375 0.196875
3 0.8609375 0.20234375 0.0859375 0.26875
3 0.909375 0.59921875 0.1578125 0.2046875
4 0.73203125 0.08046875 0.1328125 0.15
3 0.8875 0.86015625 0.221875 0.2796875