2 0.11171875 0.5578125 0.221875 0.0984375
0 0.65703125 0.48203125 0.2875 0.275
1 0.128125 0.43359375 0.175 0.16875
3 0.54140625 0.74140625 0.503125 0.165625
0 0.39296875 0.47109375 0.3359375 0.221875
4 0.26015625 0.3796875 0.284375 0.109375
3 0.65234375 0.9265625 0.6953125 0.146875
4 0.8828125 0.36015625 0.234375 0.1375
3 0.82265625 0.621875 0.3484375 0.14375
3 0.8578125 0.1109375 0.284375 0.21875
3 0.771875 0.08671875 0.178125 0.1640625
4 0.22109375 0.05234375 0.23125 0.1
3 0.171875 0.2390625 0.2015625 0.1484375
3 0.1953125 0.1390625 0.2734375 0.0875
4 0.0796875 0.2671875 0.146875 0.1296875
3 0.6015625 0.09296875 0.2109375 0.16875
3 0.6484375 0.05703125 0.15 0.1140625