2 0.44140625 0.10625 0.09765625 0.20859375
1 0.565625 0.1296875 0.171875 0.17734375
0 0.51875 0.65625 0.275 0.2859375
3 0.2609375 0.575 0.16953125 0.57578125
0 0.53046875 0.39296875 0.221875 0.3359375
4 0.6234375 0.2609375 0.1 0.2828125
3 0.0734375 0.653125 0.146875 0.69296875
4 0.63984375 0.8828125 0.13671875 0.234375
3 0.37890625 0.82421875 0.1375 0.3515625
4 0.9453125 0.21875 0.1 0.23515625
3 0.909375 0.7546875 0.17265625 0.21015625
3 0.8875 0.8578125 0.22421875 0.284375
3 0.7609375 0.1703125 0.1546875 0.196875
3 0.9125 0.58359375 0.140625 0.16796875
4 0.73203125 0.0765625 0.13046875 0.13984375
1 0.12109375 0.78515625 0.2296875 0.4296875