1 0.5640625 0.128125 0.171875 0.1765625
0 0.51875 0.65546875 0.27578125 0.28359375
2 0.43984375 0.11015625 0.09765625 0.21171875
3 0.26171875 0.5515625 0.178125 0.54453125
0 0.53046875 0.39375 0.22265625 0.33671875
4 0.62265625 0.26171875 0.1 0.28125
3 0.07421875 0.65234375 0.1484375 0.6953125
4 0.63984375 0.8828125 0.13671875 0.234375
3 0.359375 0.83125 0.15546875 0.3375
3 0.76015625 0.17109375 0.15 0.19921875
4 0.95 0.2171875 0.0953125 0.240625
3 0.9078125 0.59453125 0.14453125 0.18828125
3 0.8875 0.859375 0.225 0.28125
3 0.9109375 0.75703125 0.16953125 0.19921875
4 0.7296875 0.07734375 0.121875 0.14140625
1 0.1125 0.78515625 0.225 0.4296875