1 0.56484375 0.13046875 0.16953125 0.178125
0 0.51796875 0.6578125 0.27578125 0.284375
3 0.26796875 0.546875 0.18359375 0.54921875
4 0.621875 0.2625 0.1 0.27890625
0 0.53046875 0.39453125 0.22265625 0.33671875
2 0.44140625 0.10859375 0.10078125 0.209375
3 0.0734375 0.6515625 0.146875 0.69609375
4 0.63984375 0.8828125 0.13671875 0.234375
3 0.76328125 0.16328125 0.14140625 0.1984375
3 0.884375 0.85703125 0.2265625 0.2859375
3 0.3828125 0.8453125 0.13359375 0.309375
4 0.95078125 0.2171875 0.09375 0.23671875
3 0.8984375 0.615625 0.15859375 0.2203125
3 0.91796875 0.778125 0.1640625 0.16875
3 0.94296875 0.653125 0.1140625 0.153125
3 0.0734375 0.30546875 0.146875 0.19140625