1 0.4359375 0.86875 0.171875 0.1765625
0 0.48125 0.3421875 0.2765625 0.284375
3 0.73359375 0.4578125 0.190625 0.5375
4 0.37734375 0.7375 0.1 0.28125
0 0.46953125 0.60625 0.221875 0.3375
3 0.9265625 0.3484375 0.146875 0.696875
2 0.55859375 0.89453125 0.1 0.2078125
4 0.3609375 0.11796875 0.1375 0.2359375
3 0.61796875 0.153125 0.134375 0.30625
3 0.2375 0.83515625 0.14375 0.2
3 0.11796875 0.14375 0.2296875 0.2875
3 0.103125 0.3890625 0.153125 0.209375
4 0.05234375 0.78125 0.0953125 0.23125
3 0.9265625 0.70390625 0.146875 0.1828125
3 0.0578125 0.3453125 0.115625 0.1546875
4 0.2671875 0.9234375 0.128125 0.1390625
3 0.084375 0.221875 0.16875 0.16875