1 0.13125 0.4359375 0.1765625 0.171875
0 0.6578125 0.48125 0.284375 0.2765625
3 0.5421875 0.73359375 0.5375 0.190625
4 0.2625 0.37734375 0.28125 0.1
0 0.39375 0.46953125 0.3375 0.221875
3 0.6515625 0.9265625 0.696875 0.146875
2 0.10546875 0.55859375 0.2078125 0.1
4 0.88203125 0.3609375 0.2359375 0.1375
3 0.846875 0.61796875 0.30625 0.134375
3 0.16484375 0.2375 0.2 0.14375
3 0.85625 0.11796875 0.2875 0.2296875
3 0.6109375 0.103125 0.209375 0.153125
4 0.21875 0.05234375 0.23125 0.0953125
3 0.29609375 0.9265625 0.1828125 0.146875
3 0.6546875 0.0578125 0.1546875 0.115625
4 0.0765625 0.2671875 0.1390625 0.128125
3 0.778125 0.084375 0.16875 0.16875