1 0.5640625 0.86953125 0.171875 0.175
0 0.51875 0.34140625 0.2765625 0.2859375
3 0.2625 0.4828125 0.2 0.5203125
0 0.53125 0.60625 0.221875 0.3375
4 0.6203125 0.73828125 0.103125 0.28125
2 0.44140625 0.89140625 0.1 0.209375
3 0.0734375 0.34921875 0.146875 0.6984375
4 0.63984375 0.11796875 0.1375 0.2359375
3 0.76484375 0.834375 0.1375 0.2
3 0.88359375 0.1421875 0.228125 0.284375
3 0.89765625 0.3890625 0.153125 0.2046875
3 0.378125 0.159375 0.1390625 0.31875
4 0.946875 0.78203125 0.096875 0.23125
3 0.9171875 0.2203125 0.165625 0.1625
3 0.9421875 0.34609375 0.115625 0.1546875