0 0.51796875 0.3421875 0.275 0.284375
3 0.25390625 0.5 0.1890625 0.496875
1 0.56484375 0.86953125 0.16875 0.175
4 0.61953125 0.73671875 0.109375 0.2765625
0 0.53046875 0.60546875 0.221875 0.3375
2 0.44140625 0.89140625 0.1 0.209375
3 0.07421875 0.3484375 0.1484375 0.696875
4 0.6390625 0.11796875 0.1375 0.2359375
3 0.7625 0.83359375 0.1375 0.209375
3 0.8828125 0.1421875 0.228125 0.284375
3 0.37734375 0.1640625 0.140625 0.328125
3 0.8984375 0.38671875 0.15 0.196875
4 0.9453125 0.78125 0.1 0.234375
3 0.07890625 0.69453125 0.1578125 0.2
3 0.91875 0.21875 0.1625 0.1625
3 0.86328125 0.81328125 0.08125 0.275
3 0.9421875 0.34609375 0.115625 0.153125