0 0.3421875 0.5171875 0.2859375 0.275
3 0.49609375 0.25390625 0.509375 0.1875
4 0.72734375 0.61484375 0.265625 0.1125
1 0.86875 0.565625 0.175 0.1703125
2 0.89140625 0.440625 0.209375 0.1
0 0.60546875 0.53046875 0.340625 0.221875
3 0.3484375 0.075 0.696875 0.15
4 0.1171875 0.63984375 0.234375 0.1375
3 0.16328125 0.36875 0.3265625 0.1390625
3 0.14140625 0.8828125 0.2828125 0.2296875
3 0.38203125 0.90234375 0.20625 0.153125
3 0.82890625 0.76796875 0.2296875 0.1234375
3 0.2171875 0.91875 0.159375 0.1625
3 0.70546875 0.0828125 0.190625 0.165625
4 0.7828125 0.94453125 0.234375 0.1015625
3 0.81328125 0.86328125 0.2625 0.084375