0 0.51796875 0.65859375 0.27421875 0.28515625
3 0.25234375 0.50078125 0.1828125 0.51015625
4 0.6140625 0.27109375 0.11171875 0.26796875
1 0.565625 0.13203125 0.1703125 0.17734375
0 0.53046875 0.39453125 0.22265625 0.33984375
2 0.440625 0.10859375 0.1 0.209375
3 0.0734375 0.6515625 0.146875 0.696875
4 0.63984375 0.88203125 0.1359375 0.2359375
3 0.36953125 0.8328125 0.1390625 0.334375
3 0.88359375 0.859375 0.228125 0.28125
3 0.7671875 0.175 0.12421875 0.23828125
3 0.8984375 0.61640625 0.153125 0.20546875
3 0.91875 0.78203125 0.1625 0.1609375
3 0.08359375 0.2953125 0.1671875 0.19296875
3 0.8640625 0.184375 0.08359375 0.259375
4 0.94453125 0.215625 0.1015625 0.23828125