0 0.48203125 0.65859375 0.275 0.2828125
4 0.39140625 0.26953125 0.121875 0.2703125
0 0.46796875 0.39453125 0.221875 0.340625
3 0.746875 0.50234375 0.175 0.5171875
1 0.43515625 0.1328125 0.1703125 0.1765625
3 0.928125 0.65390625 0.14375 0.690625
2 0.559375 0.109375 0.1 0.209375
3 0.6328125 0.8125 0.14375 0.375
4 0.3609375 0.88203125 0.1375 0.2359375
3 0.9171875 0.28125 0.165625 0.228125
3 0.115625 0.8578125 0.2265625 0.284375
4 0.05234375 0.2171875 0.1 0.2375
3 0.134375 0.18515625 0.078125 0.25625
3 0.0984375 0.62265625 0.15625 0.209375
3 0.22734375 0.1921875 0.1125 0.2625
3 0.0796875 0.7828125 0.159375 0.159375
4 0.26328125 0.0828125 0.1421875 0.1515625