0 0.51796875 0.65859375 0.27421875 0.2828125
4 0.60859375 0.26953125 0.121875 0.2703125
0 0.53203125 0.39453125 0.22109375 0.33984375
3 0.253125 0.50234375 0.17578125 0.5171875
1 0.56484375 0.1328125 0.1703125 0.1765625
3 0.071875 0.65390625 0.14375 0.69140625
2 0.440625 0.109375 0.1 0.21015625
3 0.3671875 0.8125 0.14453125 0.37421875
4 0.6390625 0.88203125 0.13671875 0.2359375
3 0.0828125 0.28125 0.165625 0.228125
3 0.884375 0.8578125 0.2265625 0.284375
4 0.94765625 0.2171875 0.09921875 0.2375
3 0.865625 0.18515625 0.07890625 0.25625
3 0.9015625 0.62265625 0.15546875 0.209375
3 0.77265625 0.1921875 0.1125 0.26171875
3 0.9203125 0.7828125 0.159375 0.16015625
4 0.73671875 0.0828125 0.1421875 0.1515625