0 0.34140625 0.48203125 0.2828125 0.275
4 0.73046875 0.39140625 0.2703125 0.121875
0 0.60546875 0.46796875 0.340625 0.221875
3 0.49765625 0.746875 0.5171875 0.1765625
1 0.8671875 0.43515625 0.1765625 0.1703125
3 0.34609375 0.928125 0.690625 0.14375
2 0.890625 0.559375 0.209375 0.1
3 0.1875 0.6328125 0.375 0.1453125
4 0.11796875 0.3609375 0.2359375 0.1375
3 0.71875 0.9171875 0.228125 0.165625
3 0.1421875 0.115625 0.284375 0.2265625
4 0.7828125 0.05234375 0.2375 0.1
3 0.81484375 0.134375 0.25625 0.078125
3 0.37734375 0.0984375 0.209375 0.15625
3 0.8078125 0.22734375 0.2625 0.1125
3 0.2171875 0.0796875 0.159375 0.159375
4 0.9171875 0.26328125 0.1515625 0.1421875