0 0.5171875 0.66015625 0.27578125 0.28515625
4 0.60859375 0.27109375 0.12109375 0.26796875
0 0.53203125 0.39453125 0.2203125 0.33828125
2 0.440625 0.1078125 0.1 0.209375
3 0.25703125 0.49609375 0.175 0.50625
3 0.06875 0.65703125 0.1375 0.6859375
1 0.56484375 0.13203125 0.1703125 0.17578125
3 0.365625 0.8109375 0.14453125 0.378125
4 0.63984375 0.8828125 0.1375 0.234375
3 0.884375 0.8578125 0.22578125 0.284375
4 0.946875 0.2171875 0.1015625 0.2375
3 0.7765625 0.19609375 0.10078125 0.265625
3 0.89921875 0.6203125 0.15390625 0.20234375
3 0.86484375 0.178125 0.08046875 0.2390625
3 0.08984375 0.30234375 0.17421875 0.21953125
4 0.73125 0.08203125 0.134375 0.15
3 0.92109375 0.7890625 0.15703125 0.14921875