0 0.51640625 0.65859375 0.2796875 0.28515625
4 0.609375 0.26953125 0.1203125 0.27421875
3 0.25859375 0.4921875 0.17734375 0.50546875
0 0.53125 0.39296875 0.221875 0.3375
3 0.071875 0.65625 0.14296875 0.6875
1 0.565625 0.1328125 0.1703125 0.1765625
2 0.440625 0.10546875 0.09921875 0.2078125
3 0.36328125 0.8171875 0.15 0.365625
4 0.640625 0.88203125 0.13671875 0.23515625
3 0.88515625 0.86015625 0.2234375 0.27890625
3 0.86171875 0.190625 0.084375 0.2640625
3 0.775 0.19453125 0.096875 0.2578125
4 0.94765625 0.21640625 0.09921875 0.2390625
3 0.90234375 0.62734375 0.1578125 0.21484375
4 0.7296875 0.08203125 0.121875 0.15078125
3 0.08515625 0.30625 0.1703125 0.246875
3 0.9203125 0.78984375 0.159375 0.1484375