0 0.34140625 0.48203125 0.2875 0.2765625
3 0.52109375 0.72265625 0.478125 0.2109375
4 0.73125 0.38984375 0.2703125 0.115625
0 0.6078125 0.46953125 0.3375 0.221875
3 0.346875 0.928125 0.69375 0.14375
2 0.89453125 0.559375 0.2078125 0.1
3 0.12109375 0.1125 0.240625 0.21875
1 0.86796875 0.43515625 0.175 0.1703125
3 0.171875 0.634375 0.34375 0.146875
4 0.11796875 0.36015625 0.2359375 0.134375
3 0.8125 0.13828125 0.271875 0.090625
3 0.709375 0.9171875 0.2390625 0.165625
4 0.91796875 0.26328125 0.15 0.140625
4 0.7828125 0.0515625 0.2375 0.0984375
3 0.79296875 0.225 0.271875 0.090625
3 0.384375 0.0984375 0.196875 0.15625
3 0.21953125 0.08671875 0.153125 0.171875