0 0.48125 0.65859375 0.275 0.2875
3 0.72265625 0.478125 0.2125 0.475
4 0.38984375 0.27109375 0.1171875 0.26875
2 0.55859375 0.10546875 0.1 0.2078125
0 0.46953125 0.3921875 0.221875 0.3375
3 0.1125 0.87890625 0.21875 0.240625
3 0.9265625 0.65546875 0.146875 0.6890625
1 0.43515625 0.13203125 0.16875 0.1765625
4 0.36015625 0.8828125 0.1375 0.234375
3 0.63359375 0.825 0.146875 0.35
3 0.9171875 0.2859375 0.165625 0.2359375
3 0.22578125 0.2109375 0.0890625 0.275
3 0.1390625 0.18671875 0.090625 0.2640625
4 0.26328125 0.08203125 0.140625 0.1484375
4 0.0515625 0.21796875 0.096875 0.2359375
3 0.10234375 0.615625 0.1546875 0.2
3 0.08671875 0.77890625 0.1734375 0.1515625