0 0.51875 0.65859375 0.27421875 0.28671875
3 0.27734375 0.478125 0.21171875 0.475
4 0.61015625 0.27109375 0.1171875 0.26796875
2 0.44140625 0.10546875 0.09921875 0.2078125
0 0.53046875 0.3921875 0.22265625 0.33671875
3 0.8875 0.87890625 0.21875 0.24140625
3 0.0734375 0.65546875 0.146875 0.6890625
1 0.56484375 0.13203125 0.16953125 0.1765625
4 0.63984375 0.8828125 0.1375 0.234375
3 0.36640625 0.825 0.146875 0.34921875
3 0.0828125 0.2859375 0.16484375 0.2359375
3 0.77421875 0.2109375 0.0890625 0.27578125
3 0.8609375 0.18671875 0.09140625 0.2640625
4 0.73671875 0.08203125 0.14140625 0.1484375
4 0.9484375 0.21796875 0.09765625 0.2359375
3 0.89765625 0.615625 0.1546875 0.2
3 0.91328125 0.77890625 0.1734375 0.1515625