0 0.65859375 0.48125 0.2875 0.271875
3 0.47890625 0.721875 0.475 0.215625
4 0.271875 0.3890625 0.2671875 0.115625
2 0.10859375 0.559375 0.209375 0.1
0 0.3921875 0.46953125 0.340625 0.225
1 0.13359375 0.43515625 0.1765625 0.171875
3 0.87421875 0.11171875 0.2515625 0.21875
3 0.653125 0.928125 0.69375 0.14375
4 0.8828125 0.36015625 0.234375 0.1375
3 0.2828125 0.9140625 0.2265625 0.171875
3 0.82265625 0.6328125 0.3546875 0.146875
4 0.21875 0.05078125 0.2375 0.096875
3 0.18515625 0.1375 0.259375 0.09375
3 0.6328125 0.10234375 0.24375 0.1703125
2 0.2109375 0.228125 0.315625 0.0875