0 0.34140625 0.51875 0.2875 0.271875
3 0.52109375 0.278125 0.475 0.215625
4 0.728125 0.6109375 0.2671875 0.115625
2 0.89140625 0.440625 0.209375 0.1
0 0.6078125 0.53046875 0.340625 0.225
1 0.86640625 0.56484375 0.1765625 0.171875
3 0.12578125 0.88828125 0.2515625 0.2203125
3 0.346875 0.071875 0.69375 0.14375
4 0.1171875 0.63984375 0.234375 0.1375
3 0.7171875 0.0859375 0.2265625 0.171875
3 0.17734375 0.3671875 0.3546875 0.146875
4 0.78125 0.94921875 0.2375 0.096875
3 0.81484375 0.8625 0.259375 0.09375
3 0.3671875 0.89765625 0.24375 0.1703125
2 0.7890625 0.771875 0.315625 0.0890625