0 0.34140625 0.48203125 0.2875 0.271875
3 0.52109375 0.72109375 0.475 0.2171875
4 0.728125 0.3890625 0.26875 0.115625
0 0.60859375 0.46953125 0.3375 0.225
2 0.890625 0.55859375 0.2109375 0.1
1 0.86875 0.434375 0.178125 0.1703125
3 0.34765625 0.928125 0.69375 0.14375
3 0.1265625 0.11328125 0.253125 0.2203125
4 0.1171875 0.36171875 0.234375 0.1359375
3 0.71640625 0.9140625 0.2265625 0.171875
3 0.1734375 0.6328125 0.346875 0.1453125
4 0.78046875 0.05078125 0.2375 0.096875
3 0.36640625 0.10390625 0.246875 0.16875
3 0.815625 0.13671875 0.259375 0.09375
2 0.78359375 0.228125 0.30625 0.0890625
1 0.21484375 0.8671875 0.4296875 0.259375