0 0.48125 0.34140625 0.2734375 0.2875
3 0.72109375 0.51328125 0.2140625 0.4890625
4 0.384375 0.734375 0.109375 0.278125
2 0.559375 0.89140625 0.1 0.209375
0 0.46953125 0.60859375 0.2234375 0.3375
1 0.434375 0.86875 0.171875 0.175
3 0.11328125 0.1265625 0.221875 0.253125
3 0.928125 0.34765625 0.14375 0.6953125
3 0.909375 0.71640625 0.18125 0.2296875
4 0.36015625 0.1171875 0.1375 0.234375
3 0.6234375 0.16484375 0.146875 0.328125
3 0.1375 0.83828125 0.103125 0.2125
4 0.04921875 0.77890625 0.0921875 0.23125
2 0.2265625 0.7734375 0.0875 0.278125
3 0.103125 0.36484375 0.171875 0.2484375
1 0.86640625 0.215625 0.259375 0.43125