0 0.48203125 0.3421875 0.2765625 0.2875
2 0.55859375 0.89140625 0.1 0.209375
3 0.72109375 0.5109375 0.215625 0.490625
4 0.38515625 0.73125 0.1109375 0.2734375
0 0.46875 0.609375 0.2234375 0.3375
1 0.434375 0.86796875 0.171875 0.1734375
3 0.90859375 0.7171875 0.1828125 0.221875
3 0.928125 0.3484375 0.14375 0.696875
3 0.1125 0.128125 0.21875 0.25625
3 0.6203125 0.16796875 0.14375 0.3359375
4 0.36015625 0.11796875 0.1375 0.2359375
3 0.13515625 0.83125 0.109375 0.234375
4 0.04921875 0.77734375 0.0953125 0.2265625
3 0.10234375 0.36484375 0.171875 0.2484375
4 0.2609375 0.9140625 0.1484375 0.159375
3 0.084375 0.2203125 0.159375 0.1515625