0 0.34296875 0.51796875 0.284375 0.2734375
1 0.86875 0.56484375 0.175 0.1703125
3 0.5 0.28046875 0.515625 0.20625
4 0.73671875 0.6171875 0.2796875 0.10625
3 0.359375 0.06953125 0.646875 0.1375
0 0.60625 0.53046875 0.3390625 0.2234375
2 0.89140625 0.44140625 0.209375 0.1
3 0.128125 0.8875 0.25625 0.2203125
4 0.11640625 0.640625 0.2328125 0.1375
3 0.15 0.39296875 0.3 0.140625
3 0.7125 0.08828125 0.225 0.1765625
3 0.746875 0.8 0.2828125 0.0953125
3 0.36953125 0.9 0.234375 0.171875
4 0.775 0.9484375 0.21875 0.1
3 0.8359375 0.8796875 0.2296875 0.1375
1 0.215625 0.13515625 0.43125 0.2578125
3 0.221875 0.9171875 0.15 0.165625
2 0.90859375 0.73359375 0.1828125 0.1453125