0 0.35 0.51796875 0.2671875 0.271875
3 0.503125 0.2796875 0.5078125 0.209375
4 0.73671875 0.6171875 0.2796875 0.1078125
0 0.60546875 0.53046875 0.3390625 0.221875
2 0.89140625 0.440625 0.209375 0.1
3 0.734375 0.803125 0.2875 0.0984375
3 0.3484375 0.0703125 0.66875 0.140625
1 0.86875 0.565625 0.175 0.171875
3 0.13125 0.88828125 0.2625 0.21875
3 0.14453125 0.4 0.2890625 0.1421875
4 0.1171875 0.63984375 0.234375 0.1375
3 0.71171875 0.0859375 0.2234375 0.171875
3 0.3703125 0.90234375 0.228125 0.178125
3 0.8328125 0.896875 0.24375 0.18125
4 0.77578125 0.94765625 0.2140625 0.1015625
1 0.215625 0.13515625 0.43125 0.2578125
2 0.90625 0.7359375 0.1875 0.1515625
3 0.2203125 0.91015625 0.1515625 0.1703125