1 0.13046875 0.56484375 0.175 0.1734375
0 0.65234375 0.51875 0.2734375 0.271875
3 0.14765625 0.878125 0.2125 0.1609375
2 0.10859375 0.44140625 0.209375 0.1
3 0.5015625 0.28125 0.5 0.2203125
4 0.2640625 0.62109375 0.28125 0.1
0 0.39296875 0.53046875 0.3375 0.2234375
3 0.31171875 0.82578125 0.284375 0.090625
3 0.6359375 0.07109375 0.6375 0.1421875
3 0.290625 0.0859375 0.2390625 0.171875
3 0.8640625 0.3890625 0.26875 0.140625
4 0.23359375 0.94609375 0.1984375 0.103125
4 0.88203125 0.6390625 0.2359375 0.1375
3 0.85703125 0.8890625 0.284375 0.2171875
3 0.5890625 0.9171875 0.1625 0.153125
2 0.09453125 0.7359375 0.1890625 0.153125
3 0.76796875 0.91171875 0.178125 0.1671875
3 0.65234375 0.93828125 0.1578125 0.1234375