1 0.86875 0.565625 0.175 0.171875
0 0.346875 0.51875 0.271875 0.271875
3 0.8515625 0.878125 0.21875 0.1640625
2 0.89140625 0.44140625 0.209375 0.1
3 0.68984375 0.82578125 0.275 0.090625
3 0.48984375 0.28125 0.5125 0.21875
0 0.60625 0.53046875 0.3359375 0.221875
4 0.73828125 0.62109375 0.284375 0.1015625
3 0.3609375 0.0703125 0.6390625 0.140625
4 0.76875 0.94921875 0.196875 0.0984375
3 0.70859375 0.0859375 0.2421875 0.171875
3 0.13671875 0.38828125 0.2703125 0.14375
4 0.1171875 0.63984375 0.234375 0.1359375
3 0.41328125 0.91875 0.159375 0.153125
3 0.1421875 0.8890625 0.284375 0.2171875
2 0.9046875 0.73671875 0.190625 0.153125
3 0.23125 0.9125 0.1765625 0.1671875
3 0.34609375 0.9375 0.1625 0.125