1 0.565625 0.13125 0.171875 0.17578125
0 0.51875 0.653125 0.27109375 0.27265625
3 0.878125 0.1484375 0.1640625 0.21796875
2 0.44140625 0.10859375 0.10078125 0.209375
3 0.82578125 0.31015625 0.08984375 0.27421875
3 0.28125 0.51015625 0.21796875 0.51328125
0 0.53046875 0.39375 0.22265625 0.3359375
4 0.62109375 0.26171875 0.1015625 0.284375
3 0.0703125 0.6390625 0.140625 0.6390625
4 0.94921875 0.23125 0.09765625 0.19765625
3 0.0859375 0.29140625 0.171875 0.2421875
3 0.38828125 0.86328125 0.14375 0.2703125
4 0.63984375 0.8828125 0.1359375 0.23359375
3 0.91875 0.58671875 0.153125 0.15859375
3 0.8890625 0.8578125 0.2171875 0.284375
2 0.73671875 0.0953125 0.15234375 0.190625
3 0.9125 0.76875 0.16640625 0.1765625
3 0.9375 0.65390625 0.125 0.1625