0 0.51953125 0.6578125 0.2703125 0.284375
3 0.87890625 0.14765625 0.16875 0.2171875
1 0.565625 0.13046875 0.17265625 0.17734375
2 0.44140625 0.10859375 0.10078125 0.209375
3 0.28125 0.49921875 0.21953125 0.4875
4 0.946875 0.2328125 0.10234375 0.196875
4 0.621875 0.26171875 0.10078125 0.2828125
3 0.828125 0.31171875 0.084375 0.26875
0 0.53125 0.39296875 0.2234375 0.33671875
3 0.0703125 0.6265625 0.140625 0.60625
3 0.0875 0.2890625 0.17421875 0.24453125
3 0.9140625 0.58828125 0.15390625 0.1671875
3 0.39375 0.86875 0.15703125 0.2625
3 0.890625 0.85703125 0.2125 0.28515625
4 0.63984375 0.88203125 0.1359375 0.2359375
2 0.73515625 0.09609375 0.1515625 0.19140625
3 0.9359375 0.65234375 0.12734375 0.18203125
3 0.91328125 0.771875 0.16328125 0.1765625