0 0.34140625 0.51953125 0.2875 0.26875
1 0.86875 0.565625 0.175 0.171875
3 0.85546875 0.8796875 0.215625 0.16875
2 0.89140625 0.44140625 0.209375 0.1
3 0.49921875 0.28203125 0.490625 0.2203125
4 0.73828125 0.621875 0.28125 0.1
0 0.60703125 0.53125 0.334375 0.2234375
3 0.38359375 0.06953125 0.56875 0.1375
4 0.76796875 0.94609375 0.2015625 0.1046875
3 0.68046875 0.82734375 0.278125 0.084375
3 0.709375 0.08828125 0.2515625 0.1765625
3 0.13125 0.390625 0.2625 0.1625
3 0.41015625 0.9140625 0.16875 0.15625
3 0.14140625 0.890625 0.2828125 0.2125
4 0.11796875 0.6390625 0.2359375 0.1375
2 0.90390625 0.7359375 0.1921875 0.1515625
3 0.225 0.91328125 0.18125 0.1640625
3 0.34921875 0.9375 0.1765625 0.125
1 0.215625 0.13359375 0.43125 0.2578125