3 0.1203125 0.14765625 0.1703125 0.221875
0 0.4796875 0.65859375 0.26875 0.2890625
1 0.434375 0.13125 0.171875 0.1765625
2 0.55859375 0.10859375 0.1 0.209375
3 0.71796875 0.50078125 0.2203125 0.4890625
4 0.05859375 0.23359375 0.1125 0.1984375
4 0.38125 0.26875 0.1 0.284375
3 0.93046875 0.61796875 0.1375 0.571875
0 0.46953125 0.3921875 0.2234375 0.334375
3 0.1734375 0.32265625 0.0828125 0.271875
3 0.91015625 0.2921875 0.1796875 0.253125
3 0.609375 0.86640625 0.159375 0.265625
3 0.1078125 0.8578125 0.2109375 0.284375
4 0.36015625 0.88203125 0.1375 0.2359375
3 0.0890625 0.60234375 0.1625 0.196875
3 0.0875 0.775 0.165625 0.1765625
2 0.2640625 0.09609375 0.153125 0.190625
3 0.0609375 0.6515625 0.121875 0.175