3 0.28203125 0.50234375 0.21640625 0.4765625
0 0.5125 0.65390625 0.26875 0.2875
0 0.53828125 0.39765625 0.22734375 0.32734375
3 0.3828125 0.86328125 0.15859375 0.2734375
4 0.1296875 0.78515625 0.259375 0.4296875
3 0.0703125 0.60234375 0.13828125 0.51796875
3 0.09296875 0.2890625 0.1859375 0.24375
2 0.440625 0.10625 0.10078125 0.2125
4 0.6375 0.88515625 0.13359375 0.22890625
3 0.8953125 0.85078125 0.209375 0.2984375
3 0.9109375 0.6109375 0.17109375 0.2140625
3 0.82109375 0.33515625 0.078125 0.3015625
3 0.884375 0.14765625 0.17109375 0.21640625
2 0.74296875 0.109375 0.13984375 0.20625
4 0.9390625 0.23828125 0.12109375 0.2125
1 0.565625 0.13203125 0.1765625 0.17265625
4 0.60859375 0.26875 0.12265625 0.271875
3 0.9171875 0.76015625 0.165625 0.14609375