1 0.86875 0.565625 0.175 0.171875
0 0.3421875 0.52109375 0.2875 0.26875
2 0.890625 0.44140625 0.2109375 0.1
3 0.85390625 0.88359375 0.21875 0.175
3 0.5015625 0.2828125 0.4859375 0.221875
4 0.73125 0.61875 0.2828125 0.1
0 0.60859375 0.53046875 0.33125 0.2234375
3 0.6734375 0.82578125 0.2734375 0.078125
3 0.37421875 0.06953125 0.578125 0.1375
3 0.71171875 0.08828125 0.2484375 0.1765625
3 0.13359375 0.38671875 0.2671875 0.1609375
4 0.76875 0.9375 0.2015625 0.1203125
4 0.11796875 0.6390625 0.2359375 0.1375
3 0.14921875 0.89140625 0.2984375 0.2109375
2 0.90390625 0.7359375 0.190625 0.153125
3 0.39453125 0.91015625 0.1984375 0.1625
3 0.22578125 0.91640625 0.178125 0.15625
3 0.346875 0.940625 0.16875 0.11875