1 0.434375 0.86875 0.171875 0.175
0 0.48046875 0.34140625 0.26875 0.290625
2 0.55859375 0.89140625 0.1 0.209375
3 0.7171875 0.503125 0.221875 0.484375
3 0.11015625 0.85078125 0.18125 0.221875
4 0.3796875 0.7390625 0.103125 0.284375
0 0.46953125 0.6078125 0.221875 0.334375
3 0.93046875 0.36015625 0.1390625 0.615625
3 0.9140625 0.715625 0.171875 0.246875
3 0.6140625 0.1328125 0.16875 0.265625
3 0.175 0.65625 0.0765625 0.271875
3 0.0984375 0.390625 0.15625 0.196875
4 0.36015625 0.11796875 0.1375 0.234375
3 0.10859375 0.1515625 0.2109375 0.303125
4 0.0625 0.76875 0.121875 0.203125
2 0.2625 0.9015625 0.15 0.196875