1 0.565625 0.13046875 0.17265625 0.17421875
0 0.51953125 0.65859375 0.26953125 0.2890625
2 0.44140625 0.10859375 0.10078125 0.209375
3 0.28203125 0.49765625 0.22109375 0.4859375
3 0.8890625 0.1484375 0.1828125 0.2203125
4 0.61875 0.2609375 0.10546875 0.28515625
3 0.06953125 0.6390625 0.1390625 0.61640625
0 0.53125 0.39296875 0.221875 0.3359375
3 0.8265625 0.3484375 0.0796875 0.26875
3 0.384375 0.86640625 0.1703125 0.2671875
3 0.0859375 0.28125 0.171875 0.24296875
4 0.63984375 0.8828125 0.13671875 0.234375
3 0.8921875 0.8515625 0.209375 0.296875
3 0.90546875 0.61328125 0.1578125 0.20234375
4 0.93828125 0.23046875 0.11953125 0.2015625
2 0.73671875 0.0984375 0.15078125 0.196875
1 0.13359375 0.78359375 0.2578125 0.4328125