1 0.565625 0.13046875 0.171875 0.175
0 0.51953125 0.6578125 0.271875 0.2875
2 0.44140625 0.109375 0.1 0.209375
3 0.28046875 0.49921875 0.21875 0.490625
3 0.88828125 0.15 0.18125 0.2203125
3 0.06953125 0.6046875 0.1390625 0.5625
0 0.53203125 0.3921875 0.221875 0.33125
4 0.6203125 0.259375 0.103125 0.2875
3 0.83046875 0.3625 0.08125 0.28125
3 0.3828125 0.86640625 0.175 0.265625
3 0.0875 0.27890625 0.175 0.24375
3 0.89296875 0.85 0.209375 0.3
4 0.63984375 0.8828125 0.1375 0.234375
4 0.9375 0.22890625 0.1203125 0.2046875
3 0.903125 0.6140625 0.153125 0.2
2 0.734375 0.09609375 0.15 0.1921875
1 0.13359375 0.784375 0.25625 0.43125