1 0.565625 0.1296875 0.17109375 0.17734375
0 0.51953125 0.6578125 0.271875 0.2890625
2 0.44140625 0.109375 0.10078125 0.21015625
3 0.28046875 0.5 0.21875 0.490625
3 0.8875 0.14921875 0.18125 0.22109375
0 0.53125 0.3921875 0.2203125 0.3328125
3 0.06953125 0.60859375 0.1390625 0.57109375
4 0.61953125 0.259375 0.10390625 0.28671875
3 0.8328125 0.3609375 0.08125 0.275
3 0.38203125 0.865625 0.1765625 0.26875
3 0.08828125 0.278125 0.1765625 0.24296875
3 0.8921875 0.84765625 0.20859375 0.30390625
4 0.63984375 0.88203125 0.13671875 0.2359375
4 0.93828125 0.23046875 0.11953125 0.20390625
2 0.734375 0.09609375 0.15 0.1921875
3 0.90625 0.6078125 0.15234375 0.18515625