1 0.434375 0.8703125 0.171875 0.175
0 0.48125 0.3421875 0.275 0.2890625
2 0.5578125 0.89140625 0.1015625 0.209375
3 0.728125 0.4890625 0.2125 0.5109375
3 0.16171875 0.628125 0.0796875 0.275
3 0.1078125 0.153125 0.209375 0.30625
3 0.11328125 0.85 0.184375 0.2171875
0 0.46796875 0.60625 0.21875 0.3328125
3 0.928125 0.38828125 0.14375 0.578125
4 0.38125 0.73515625 0.1046875 0.290625
3 0.615625 0.13515625 0.1734375 0.2703125
3 0.909375 0.7203125 0.18125 0.2453125
4 0.359375 0.11796875 0.1375 0.234375
4 0.06015625 0.77109375 0.1171875 0.203125
2 0.265625 0.90390625 0.15 0.190625
3 0.09296875 0.3890625 0.15 0.190625
1 0.86640625 0.215625 0.25625 0.43125