0 0.51796875 0.6578125 0.271875 0.2875
1 0.565625 0.12890625 0.171875 0.1734375
2 0.4421875 0.10859375 0.1015625 0.209375
3 0.8390625 0.375 0.078125 0.271875
3 0.28046875 0.5234375 0.215625 0.515625
3 0.88671875 0.15 0.1828125 0.215625
4 0.6171875 0.26640625 0.109375 0.29375
0 0.53125 0.39375 0.2203125 0.3328125
3 0.0703125 0.61015625 0.140625 0.575
3 0.89375 0.846875 0.209375 0.30625
3 0.09140625 0.278125 0.1828125 0.2421875
3 0.38359375 0.86484375 0.1734375 0.2703125
4 0.6390625 0.88125 0.1375 0.2375
4 0.93984375 0.22890625 0.115625 0.203125
3 0.90859375 0.60859375 0.15 0.184375
2 0.734375 0.09609375 0.15 0.1921875