0 0.51796875 0.65859375 0.27421875 0.28984375
1 0.565625 0.13046875 0.171875 0.175
2 0.44140625 0.109375 0.10078125 0.2109375
3 0.27734375 0.52578125 0.21328125 0.5125
3 0.8421875 0.3765625 0.0765625 0.26484375
0 0.53125 0.39375 0.2203125 0.33359375
4 0.61484375 0.26015625 0.11015625 0.2875
3 0.8875 0.15078125 0.18359375 0.21484375
3 0.89375 0.846875 0.2078125 0.30625
3 0.0703125 0.63203125 0.13984375 0.61953125
3 0.0921875 0.278125 0.18359375 0.24140625
3 0.3796875 0.8640625 0.17421875 0.271875
4 0.63984375 0.8828125 0.1375 0.234375
4 0.93984375 0.2296875 0.1171875 0.20390625
3 0.91015625 0.60234375 0.14375 0.1734375
2 0.734375 0.096875 0.15 0.19296875