0 0.51796875 0.6578125 0.275 0.2875
1 0.565625 0.1296875 0.171875 0.1765625
2 0.4421875 0.109375 0.1015625 0.209375
3 0.27734375 0.53359375 0.2125 0.534375
3 0.84609375 0.3859375 0.0765625 0.2765625
0 0.53125 0.39375 0.21875 0.334375
4 0.61796875 0.2609375 0.1109375 0.2875
3 0.06953125 0.6203125 0.1390625 0.596875
3 0.09375 0.27578125 0.1875 0.2359375
3 0.38359375 0.86171875 0.171875 0.2765625
3 0.89296875 0.8421875 0.2078125 0.315625
3 0.8890625 0.15234375 0.18125 0.2171875
4 0.640625 0.88203125 0.1375 0.234375
4 0.94140625 0.23046875 0.1140625 0.2
3 0.909375 0.6078125 0.146875 0.1859375
2 0.73515625 0.0984375 0.1484375 0.196875