0 0.6578125 0.4828125 0.2875 0.275
2 0.109375 0.5578125 0.209375 0.1
1 0.13125 0.43359375 0.175 0.1734375
3 0.53828125 0.721875 0.534375 0.2125
3 0.38359375 0.1515625 0.271875 0.0765625
0 0.39296875 0.46875 0.334375 0.2203125
4 0.2609375 0.3828125 0.2890625 0.1109375
3 0.625 0.93125 0.60625 0.1375
3 0.84375 0.10625 0.3125 0.20625
3 0.278125 0.9046875 0.240625 0.190625
3 0.86171875 0.615625 0.2765625 0.1734375
4 0.23046875 0.059375 0.203125 0.115625
4 0.88203125 0.359375 0.2359375 0.1375
3 0.15078125 0.11015625 0.21875 0.1796875
3 0.60625 0.08828125 0.1796875 0.146875
2 0.096875 0.265625 0.19375 0.15