0 0.3421875 0.51796875 0.2890625 0.275
1 0.87109375 0.565625 0.175 0.171875
3 0.459375 0.2765625 0.53125 0.215625
2 0.89140625 0.44140625 0.209375 0.1
3 0.621875 0.8546875 0.253125 0.078125
0 0.60625 0.53125 0.3375 0.221875
3 0.1578125 0.8953125 0.315625 0.2046875
4 0.73984375 0.6171875 0.2875 0.1078125
3 0.36015625 0.06875 0.634375 0.1375
3 0.7171875 0.096875 0.240625 0.19375
3 0.1375 0.3828125 0.275 0.175
4 0.76875 0.94296875 0.2015625 0.1109375
4 0.11796875 0.63984375 0.234375 0.1375
3 0.39453125 0.9125 0.178125 0.15
2 0.903125 0.7328125 0.19375 0.1453125
3 0.84921875 0.88828125 0.21875 0.18125
1 0.2140625 0.12734375 0.428125 0.24375