0 0.51640625 0.34296875 0.2734375 0.2875
1 0.56640625 0.87265625 0.171875 0.1796875
2 0.4421875 0.89140625 0.1 0.209375
3 0.27578125 0.45625 0.215625 0.5265625
0 0.53125 0.6046875 0.221875 0.3375
3 0.85625 0.61953125 0.078125 0.2484375
3 0.89609375 0.16015625 0.2015625 0.3203125
4 0.625 0.74140625 0.1 0.290625
3 0.096875 0.71953125 0.19375 0.2359375
4 0.94453125 0.76953125 0.10625 0.203125
3 0.3828125 0.1375 0.178125 0.275
3 0.06875 0.37890625 0.1375 0.5984375
4 0.63984375 0.1171875 0.1375 0.234375
3 0.90625 0.3984375 0.1484375 0.1921875
2 0.7328125 0.903125 0.1453125 0.19375
3 0.8875 0.85 0.1796875 0.215625
1 0.12734375 0.21328125 0.24375 0.4265625