0 0.48359375 0.3421875 0.275 0.2875
2 0.5578125 0.89140625 0.1 0.209375
3 0.725 0.45859375 0.215625 0.521875
1 0.434375 0.86953125 0.171875 0.175
0 0.46875 0.60390625 0.2234375 0.3375
4 0.37265625 0.740625 0.0984375 0.290625
3 0.14296875 0.61875 0.078125 0.246875
3 0.10390625 0.16015625 0.203125 0.3203125
4 0.05234375 0.76953125 0.1 0.2015625
3 0.621875 0.1359375 0.178125 0.271875
3 0.93046875 0.3515625 0.1375 0.6546875
3 0.90703125 0.71953125 0.1859375 0.2390625
4 0.36015625 0.1171875 0.1375 0.234375
2 0.26640625 0.903125 0.1453125 0.19375
3 0.09296875 0.3984375 0.15 0.19375
3 0.11328125 0.84453125 0.178125 0.203125
1 0.8734375 0.2140625 0.24375 0.428125