0 0.5171875 0.6578125 0.2734375 0.28828125
2 0.4421875 0.10859375 0.10078125 0.209375
1 0.56640625 0.1296875 0.17265625 0.175
3 0.27578125 0.540625 0.21484375 0.5171875
0 0.53125 0.3953125 0.22109375 0.334375
3 0.89453125 0.8390625 0.2046875 0.321875
3 0.8578125 0.38203125 0.08046875 0.2453125
3 0.3765625 0.8640625 0.184375 0.271875
4 0.62578125 0.265625 0.1015625 0.2921875
4 0.946875 0.23125 0.1015625 0.2015625
3 0.06953125 0.64296875 0.1390625 0.64140625
3 0.09296875 0.2828125 0.18515625 0.23203125
4 0.63984375 0.8828125 0.13671875 0.234375
2 0.73359375 0.096875 0.14453125 0.19375
3 0.9109375 0.6015625 0.146875 0.18359375
3 0.88671875 0.15625 0.17890625 0.2015625
1 0.1265625 0.7859375 0.24140625 0.428125