0 0.34140625 0.4828125 0.2875 0.271875
1 0.86875 0.43359375 0.175 0.171875
2 0.89140625 0.5578125 0.209375 0.1015625
3 0.1359375 0.62890625 0.271875 0.1984375
3 0.1703125 0.103125 0.325 0.203125
3 0.45546875 0.73203125 0.515625 0.209375
0 0.60390625 0.46875 0.3375 0.221875
4 0.734375 0.37890625 0.290625 0.10625
3 0.61875 0.13984375 0.246875 0.0828125
3 0.7171875 0.90859375 0.2328125 0.1828125
3 0.34609375 0.93125 0.6640625 0.1375
4 0.76953125 0.053125 0.203125 0.1015625
4 0.11875 0.3609375 0.2375 0.1359375
3 0.39453125 0.08828125 0.18125 0.153125
2 0.903125 0.26796875 0.19375 0.1453125
1 0.2140625 0.8734375 0.428125 0.24375
3 0.8453125 0.11484375 0.19375 0.18125