0 0.48359375 0.65859375 0.271875 0.2890625
1 0.43359375 0.12890625 0.171875 0.175
3 0.103125 0.828125 0.2 0.3296875
2 0.5578125 0.10859375 0.1 0.209375
3 0.72421875 0.54296875 0.215625 0.5125
4 0.3828125 0.2609375 0.1125 0.2875
3 0.63203125 0.86484375 0.20625 0.2703125
0 0.46875 0.39609375 0.221875 0.3359375
3 0.13984375 0.3890625 0.084375 0.253125
3 0.93046875 0.65234375 0.1390625 0.6671875
4 0.05078125 0.22890625 0.096875 0.203125
3 0.909375 0.284375 0.18125 0.23125
4 0.3609375 0.88125 0.1375 0.2375
3 0.08515625 0.60546875 0.146875 0.178125
2 0.26875 0.096875 0.146875 0.19375
1 0.87421875 0.7859375 0.2421875 0.428125