1 0.56640625 0.13046875 0.17265625 0.17421875
0 0.51796875 0.659375 0.275 0.2875
2 0.4421875 0.10859375 0.10078125 0.21015625
3 0.2765625 0.54140625 0.2140625 0.51015625
3 0.8984375 0.8203125 0.1984375 0.3484375
3 0.859375 0.37578125 0.0828125 0.2546875
4 0.61796875 0.26171875 0.1140625 0.28515625
0 0.53125 0.3953125 0.221875 0.33671875
3 0.06953125 0.615625 0.13828125 0.58984375
3 0.3625 0.87109375 0.221875 0.2578125
4 0.95078125 0.2328125 0.0953125 0.196875
3 0.08671875 0.28671875 0.1734375 0.23828125
4 0.6390625 0.8828125 0.13671875 0.234375
3 0.9140625 0.603125 0.14296875 0.1671875
2 0.73125 0.09921875 0.146875 0.1984375
1 0.1265625 0.7859375 0.24375 0.428125