0 0.48203125 0.659375 0.275 0.2875
2 0.5578125 0.109375 0.1015625 0.209375
1 0.43359375 0.1296875 0.171875 0.178125
3 0.72421875 0.53359375 0.2140625 0.49375
3 0.09921875 0.81640625 0.19375 0.35625
3 0.140625 0.375 0.084375 0.25625
4 0.38046875 0.2609375 0.1125 0.284375
0 0.46875 0.3953125 0.221875 0.3375
3 0.63984375 0.87109375 0.228125 0.2578125
4 0.05 0.2328125 0.0953125 0.1953125
3 0.93046875 0.6140625 0.1390625 0.5796875
3 0.9125 0.28828125 0.175 0.24375
4 0.36171875 0.88203125 0.1359375 0.2359375
3 0.0875 0.6046875 0.134375 0.171875
2 0.26953125 0.09921875 0.140625 0.1984375
1 0.87109375 0.7859375 0.246875 0.428125
3 0.11875 0.15 0.1734375 0.1953125