0 0.51796875 0.659375 0.27421875 0.290625
2 0.4421875 0.109375 0.1015625 0.2109375
1 0.56640625 0.13046875 0.17265625 0.17421875
3 0.2765625 0.5328125 0.21328125 0.49140625
3 0.90078125 0.81328125 0.19296875 0.36171875
3 0.85859375 0.37421875 0.084375 0.25234375
4 0.6203125 0.26171875 0.11015625 0.28515625
0 0.53125 0.39609375 0.22265625 0.3375
3 0.34765625 0.86796875 0.22578125 0.2640625
4 0.9515625 0.23125 0.09375 0.2
3 0.06875 0.6203125 0.1375 0.590625
3 0.0875 0.29140625 0.175 0.2515625
4 0.63984375 0.8828125 0.1375 0.234375
3 0.9140625 0.60546875 0.1328125 0.171875
3 0.88125 0.1515625 0.175 0.19765625
1 0.128125 0.78671875 0.2453125 0.4265625
3 0.7421875 0.10546875 0.13671875 0.2