2 0.5578125 0.890625 0.1015625 0.209375
1 0.434375 0.86953125 0.171875 0.178125
3 0.09765625 0.19140625 0.190625 0.3671875
0 0.4828125 0.340625 0.2765625 0.290625
3 0.7234375 0.46640625 0.2140625 0.49375
4 0.3796875 0.7328125 0.109375 0.2921875
3 0.14140625 0.62578125 0.0859375 0.25
0 0.46875 0.6046875 0.221875 0.3375
4 0.0484375 0.7703125 0.09375 0.203125
3 0.93203125 0.37109375 0.1359375 0.603125
3 0.63828125 0.134375 0.2171875 0.26875
4 0.3609375 0.1171875 0.1359375 0.234375
3 0.909375 0.7 0.18125 0.271875
3 0.0859375 0.3984375 0.1265625 0.1671875
3 0.11953125 0.85 0.171875 0.1953125
1 0.86875 0.2140625 0.253125 0.428125
3 0.25859375 0.89609375 0.1375 0.2046875