2 0.4421875 0.890625 0.1 0.209375
1 0.565625 0.86953125 0.171875 0.178125
3 0.90234375 0.19140625 0.190625 0.3671875
0 0.5171875 0.340625 0.275 0.290625
3 0.2765625 0.46640625 0.2140625 0.49375
4 0.6203125 0.7328125 0.109375 0.2921875
3 0.85859375 0.62578125 0.084375 0.25
0 0.53125 0.6046875 0.221875 0.3375
4 0.9515625 0.7703125 0.09375 0.203125
3 0.06796875 0.37109375 0.1359375 0.603125
3 0.36171875 0.134375 0.2171875 0.26875
4 0.6390625 0.1171875 0.1359375 0.234375
3 0.090625 0.7 0.18125 0.271875
3 0.9140625 0.3984375 0.1265625 0.165625
3 0.88046875 0.85 0.171875 0.1953125
1 0.13125 0.2140625 0.253125 0.428125
3 0.74140625 0.89609375 0.1375 0.2046875