2 0.890625 0.4421875 0.2109375 0.1
1 0.86953125 0.565625 0.1765625 0.171875
0 0.33984375 0.5171875 0.290625 0.271875
3 0.19375 0.9015625 0.371875 0.1921875
3 0.45859375 0.27109375 0.509375 0.2078125
3 0.13125 0.3359375 0.2625 0.24375
3 0.62265625 0.85625 0.2515625 0.084375
0 0.60234375 0.53125 0.340625 0.221875
4 0.7390625 0.6203125 0.2875 0.1078125
3 0.3640625 0.06875 0.603125 0.1375
3 0.70390625 0.0921875 0.2578125 0.184375
4 0.77109375 0.953125 0.20625 0.090625
4 0.11875 0.6390625 0.2375 0.1375
3 0.40546875 0.91328125 0.153125 0.125
1 0.21484375 0.1296875 0.428125 0.246875
3 0.84921875 0.8796875 0.203125 0.171875
3 0.89765625 0.73671875 0.2015625 0.140625