2 0.4421875 0.11015625 0.10078125 0.21171875
1 0.565625 0.1296875 0.17109375 0.17890625
0 0.5171875 0.6609375 0.2734375 0.28984375
3 0.9015625 0.79296875 0.1921875 0.35234375
3 0.25625 0.54921875 0.18828125 0.5234375
4 0.62109375 0.2625 0.1046875 0.290625
0 0.53125 0.39921875 0.221875 0.34296875
3 0.0703125 0.61328125 0.140625 0.5796875
3 0.8546875 0.37890625 0.0828125 0.25625
3 0.0953125 0.29765625 0.190625 0.26015625
4 0.95078125 0.2296875 0.09453125 0.20859375
3 0.88671875 0.1390625 0.16015625 0.1890625
3 0.33359375 0.86640625 0.26875 0.26640625
4 0.63984375 0.8828125 0.13671875 0.234375
3 0.74609375 0.10546875 0.14453125 0.1921875
1 0.1234375 0.78515625 0.2375 0.4296875
3 0.9140625 0.58359375 0.1265625 0.1609375