2 0.4421875 0.1109375 0.10078125 0.21328125
1 0.56484375 0.12890625 0.171875 0.175
0 0.5171875 0.6609375 0.2734375 0.29296875
3 0.90078125 0.7890625 0.19375 0.33984375
3 0.85546875 0.378125 0.08046875 0.25546875
3 0.25390625 0.54296875 0.1859375 0.52578125
4 0.62109375 0.26328125 0.10546875 0.290625
0 0.53125 0.39765625 0.2203125 0.3421875
3 0.06953125 0.65625 0.1390625 0.65625
4 0.9515625 0.228125 0.09296875 0.21015625
3 0.0984375 0.303125 0.196875 0.27421875
3 0.88046875 0.13984375 0.16171875 0.18515625
3 0.32890625 0.86875 0.2734375 0.2625
4 0.6390625 0.88203125 0.1375 0.2359375
3 0.9140625 0.58203125 0.125 0.1640625
1 0.1234375 0.78515625 0.2375 0.4296875
3 0.74375 0.10546875 0.14296875 0.19296875