2 0.88828125 0.4421875 0.215625 0.1015625
1 0.8703125 0.565625 0.178125 0.171875
0 0.340625 0.5171875 0.29375 0.271875
3 0.45 0.253125 0.5375 0.184375
3 0.2140625 0.90078125 0.3390625 0.19375
4 0.73671875 0.6203125 0.2890625 0.10625
3 0.6203125 0.8546875 0.25625 0.0828125
0 0.60234375 0.53203125 0.34375 0.221875
3 0.34296875 0.0703125 0.65 0.140625
3 0.69765625 0.1 0.26875 0.2
3 0.859375 0.87734375 0.1875 0.16875
4 0.77265625 0.95234375 0.215625 0.0921875
1 0.2140625 0.13359375 0.428125 0.259375
4 0.11796875 0.63984375 0.2359375 0.1359375
3 0.89375 0.74296875 0.1953125 0.134375
3 0.12109375 0.32265625 0.2421875 0.284375
3 0.41328125 0.9109375 0.1671875 0.125