2 0.55703125 0.109375 0.1015625 0.215625
1 0.434375 0.1296875 0.1734375 0.178125
0 0.4828125 0.659375 0.271875 0.29375
3 0.7484375 0.5546875 0.184375 0.5375
4 0.38125 0.26484375 0.109375 0.290625
3 0.09921875 0.784375 0.1921875 0.3375
0 0.4671875 0.3984375 0.21875 0.34375
3 0.14453125 0.38046875 0.08125 0.2546875
3 0.1234375 0.1390625 0.165625 0.1875
3 0.93046875 0.61640625 0.1390625 0.5671875
4 0.04765625 0.2296875 0.0921875 0.215625
3 0.8984375 0.30625 0.203125 0.2828125
1 0.87265625 0.7859375 0.24375 0.428125
4 0.36015625 0.8828125 0.1375 0.234375
3 0.25859375 0.10625 0.134375 0.1953125
3 0.678125 0.8828125 0.2875 0.234375
3 0.0859375 0.5890625 0.1265625 0.165625