2 0.1109375 0.44296875 0.2125 0.1015625
1 0.12890625 0.565625 0.178125 0.1703125
0 0.6578125 0.51796875 0.2953125 0.26875
4 0.2671875 0.61875 0.29375 0.1109375
0 0.4 0.534375 0.340625 0.2125
3 0.5484375 0.259375 0.5390625 0.1890625
3 0.784375 0.90078125 0.3375 0.19375
3 0.3875 0.8546875 0.265625 0.0828125
3 0.13671875 0.87734375 0.1875 0.165625
3 0.63359375 0.06875 0.603125 0.1375
3 0.2953125 0.0984375 0.25625 0.196875
3 0.10390625 0.74140625 0.2015625 0.140625
4 0.88203125 0.6390625 0.2359375 0.1375
1 0.78671875 0.12734375 0.4265625 0.24375
4 0.22734375 0.95078125 0.21875 0.0953125
3 0.88359375 0.32109375 0.23125 0.28125
3 0.59609375 0.91640625 0.171875 0.13125