2 0.1109375 0.55703125 0.2125 0.1015625
1 0.12890625 0.434375 0.178125 0.1703125
0 0.6578125 0.48203125 0.2953125 0.26875
4 0.2671875 0.38125 0.29375 0.1109375
0 0.4 0.465625 0.340625 0.2125
3 0.5484375 0.740625 0.5390625 0.1890625
3 0.784375 0.09921875 0.3375 0.19375
3 0.3875 0.1453125 0.265625 0.0828125
3 0.13671875 0.12265625 0.1875 0.165625
3 0.63359375 0.93125 0.603125 0.1375
3 0.2953125 0.9015625 0.25625 0.196875
3 0.10390625 0.25859375 0.2015625 0.140625
4 0.88203125 0.3609375 0.2359375 0.1375
1 0.78671875 0.87265625 0.4265625 0.24375
4 0.22734375 0.04921875 0.21875 0.09375
3 0.88359375 0.67890625 0.23125 0.28125
3 0.59609375 0.08359375 0.171875 0.13125