0 0.5078125 0.6546875 0.2703125 0.30546875
0 0.53984375 0.396875 0.23203125 0.34140625
4 0.61328125 0.271875 0.11953125 0.29375
3 0.3265625 0.865625 0.265625 0.26875
3 0.90390625 0.79140625 0.1921875 0.34921875
3 0.85703125 0.39453125 0.08046875 0.28203125
3 0.9171875 0.59140625 0.13515625 0.15859375
1 0.121875 0.7828125 0.24375 0.434375
3 0.2640625 0.54375 0.1953125 0.51953125
3 0.07109375 0.60546875 0.140625 0.56328125
3 0.1046875 0.3296875 0.20625 0.309375
1 0.565625 0.1296875 0.16953125 0.17265625
2 0.44140625 0.10390625 0.1078125 0.2078125
3 0.88203125 0.1390625 0.1671875 0.190625
3 0.7390625 0.10234375 0.13515625 0.19609375
4 0.9515625 0.22734375 0.096875 0.2140625