2 0.44296875 0.11015625 0.103125 0.21640625
0 0.52890625 0.4078125 0.228125 0.321875
0 0.515625 0.65234375 0.27109375 0.30234375
3 0.90078125 0.79609375 0.19296875 0.3609375
3 0.26640625 0.5453125 0.20234375 0.525
4 0.62109375 0.27421875 0.10546875 0.27734375
3 0.8609375 0.38515625 0.08515625 0.265625
3 0.09609375 0.309375 0.19140625 0.2859375
3 0.88046875 0.1375 0.165625 0.18671875
4 0.95234375 0.23046875 0.09140625 0.21484375
1 0.125 0.7859375 0.240625 0.428125
1 0.565625 0.13203125 0.16484375 0.171875
3 0.06875 0.66640625 0.1375 0.6421875
3 0.7421875 0.10546875 0.13828125 0.19609375
4 0.63984375 0.88203125 0.1359375 0.23515625
3 0.91640625 0.5890625 0.13125 0.1578125
3 0.3296875 0.8640625 0.246875 0.27109375