2 0.1125 0.44296875 0.21875 0.103125
0 0.40859375 0.528125 0.31875 0.23125
0 0.65234375 0.51640625 0.3078125 0.271875
4 0.27265625 0.62421875 0.2796875 0.1015625
3 0.54765625 0.26796875 0.5203125 0.203125
3 0.78984375 0.90078125 0.346875 0.19375
4 0.2296875 0.953125 0.2125 0.090625
3 0.3859375 0.8609375 0.26875 0.0859375
3 0.30546875 0.09609375 0.28125 0.1921875
1 0.13125 0.56484375 0.171875 0.1640625
3 0.64375 0.06953125 0.596875 0.1375
3 0.1375 0.88125 0.1875 0.165625
3 0.1046875 0.7421875 0.2 0.140625
3 0.5875 0.9171875 0.15625 0.13125
4 0.8828125 0.63984375 0.234375 0.1375
3 0.86328125 0.33203125 0.2734375 0.2328125
1 0.7859375 0.125 0.428125 0.240625