0 0.52734375 0.40859375 0.2296875 0.32109375
0 0.515625 0.64921875 0.27109375 0.31015625
4 0.6234375 0.2734375 0.10078125 0.27734375
2 0.44296875 0.11015625 0.1015625 0.2078125
3 0.90078125 0.790625 0.19296875 0.35078125
3 0.26796875 0.55 0.20078125 0.52421875
1 0.56484375 0.13125 0.16484375 0.1734375
3 0.8609375 0.384375 0.08515625 0.26484375
3 0.09765625 0.3109375 0.1953125 0.29765625
4 0.953125 0.22890625 0.090625 0.21328125
3 0.74296875 0.1046875 0.1390625 0.2015625
3 0.06953125 0.625 0.1390625 0.565625
3 0.8828125 0.1390625 0.1671875 0.190625
4 0.6390625 0.88203125 0.1359375 0.23515625
3 0.91640625 0.5875 0.13125 0.15703125
3 0.3359375 0.87265625 0.22890625 0.25390625
1 0.12734375 0.78671875 0.24296875 0.42578125