0 0.471875 0.41015625 0.2296875 0.3203125
4 0.3765625 0.27265625 0.1 0.278125
2 0.5578125 0.10625 0.1 0.20625
0 0.49765625 0.628125 0.275 0.265625
3 0.0984375 0.78828125 0.1921875 0.346875
3 0.73984375 0.55078125 0.19375 0.5234375
1 0.43359375 0.13203125 0.16875 0.175
3 0.903125 0.30859375 0.19375 0.290625
4 0.04609375 0.22890625 0.0890625 0.215625
3 0.1390625 0.38515625 0.084375 0.265625
3 0.93125 0.61953125 0.1375 0.5546875
4 0.36015625 0.8828125 0.1359375 0.234375
3 0.2578125 0.1046875 0.1390625 0.2015625
3 0.08203125 0.5859375 0.13125 0.159375
3 0.6671875 0.8734375 0.2375 0.253125
3 0.1171875 0.13984375 0.171875 0.1875
1 0.8734375 0.7875 0.2421875 0.425