0 0.528125 0.41171875 0.2296875 0.3234375
0 0.5140625 0.62890625 0.271875 0.26328125
3 0.9015625 0.7921875 0.19140625 0.35234375
2 0.44140625 0.11015625 0.10078125 0.20859375
3 0.26171875 0.56484375 0.19609375 0.5484375
4 0.62421875 0.271875 0.1 0.27890625
1 0.565625 0.13203125 0.16796875 0.175
3 0.8609375 0.384375 0.0828125 0.26484375
3 0.096875 0.3078125 0.19375 0.290625
4 0.95390625 0.22890625 0.08828125 0.21171875
3 0.06875 0.65390625 0.1375 0.61484375
4 0.6390625 0.8828125 0.1375 0.234375
3 0.33515625 0.8796875 0.2140625 0.240625
3 0.91796875 0.58671875 0.12890625 0.1625
3 0.7421875 0.10546875 0.13828125 0.2
1 0.12578125 0.78671875 0.2421875 0.4265625
3 0.88203125 0.1421875 0.171875 0.18671875