0 0.52890625 0.4109375 0.2296875 0.32109375
1 0.56640625 0.13203125 0.16953125 0.17421875
0 0.5140625 0.6296875 0.27109375 0.2640625
3 0.90078125 0.79609375 0.19296875 0.35859375
4 0.625 0.2703125 0.1 0.27890625
3 0.26796875 0.565625 0.196875 0.55078125
2 0.44140625 0.109375 0.1 0.20859375
3 0.86015625 0.38359375 0.0828125 0.2640625
3 0.09765625 0.30703125 0.19453125 0.2890625
4 0.95390625 0.2296875 0.08828125 0.2140625
4 0.6390625 0.8828125 0.1359375 0.234375
3 0.33828125 0.87890625 0.209375 0.24140625
3 0.74140625 0.10546875 0.13828125 0.2
3 0.06875 0.653125 0.1375 0.61796875
3 0.91484375 0.58828125 0.13046875 0.16171875
3 0.88203125 0.140625 0.17109375 0.1875
1 0.1265625 0.7859375 0.240625 0.428125