0 0.52890625 0.58828125 0.228125 0.3234375
0 0.5140625 0.36953125 0.271875 0.2625
4 0.62421875 0.72734375 0.1015625 0.28125
3 0.90078125 0.20625 0.19375 0.3515625
3 0.2609375 0.4359375 0.19375 0.54375
2 0.440625 0.890625 0.1 0.209375
1 0.56640625 0.8671875 0.16875 0.171875
3 0.859375 0.61796875 0.08125 0.2625
3 0.09609375 0.70234375 0.1921875 0.2765625
4 0.9546875 0.7703125 0.0859375 0.2171875
3 0.0671875 0.3734375 0.134375 0.559375
3 0.74140625 0.89453125 0.1375 0.2
3 0.91796875 0.415625 0.128125 0.159375
3 0.3359375 0.11953125 0.2046875 0.2390625
4 0.6390625 0.11796875 0.1375 0.2359375
3 0.8796875 0.85703125 0.175 0.1828125
1 0.1265625 0.21328125 0.240625 0.4265625