0 0.41171875 0.4703125 0.325 0.228125
3 0.7953125 0.09921875 0.359375 0.19375
2 0.1109375 0.559375 0.2125 0.1
0 0.63203125 0.48671875 0.259375 0.271875
4 0.26875 0.37578125 0.284375 0.1
3 0.5625 0.73828125 0.5390625 0.1953125
3 0.30546875 0.90390625 0.290625 0.1921875
3 0.38359375 0.1421875 0.26875 0.08125
1 0.13125 0.434375 0.171875 0.1703125
3 0.87890625 0.6609375 0.2421875 0.215625
4 0.88125 0.3609375 0.2375 0.1375
3 0.5828125 0.0859375 0.159375 0.13125
3 0.646875 0.9328125 0.609375 0.134375
4 0.2234375 0.04453125 0.2234375 0.084375
3 0.1046875 0.25859375 0.196875 0.140625
3 0.14609375 0.11953125 0.18125 0.1734375
1 0.78671875 0.87265625 0.4265625 0.2421875