0 0.52890625 0.4125 0.2265625 0.3265625
0 0.5140625 0.6328125 0.27109375 0.25703125
3 0.90078125 0.79609375 0.19375 0.35703125
2 0.440625 0.109375 0.1 0.209375
3 0.2625 0.56015625 0.196875 0.5359375
4 0.6234375 0.26796875 0.1 0.2859375
3 0.85703125 0.3828125 0.08359375 0.26953125
3 0.09453125 0.31796875 0.1890625 0.3171875
3 0.06640625 0.66796875 0.1328125 0.634375
3 0.33515625 0.87578125 0.21171875 0.24765625
1 0.5640625 0.13203125 0.1671875 0.17265625
3 0.91640625 0.58125 0.13359375 0.16171875
4 0.63984375 0.88203125 0.1359375 0.2359375
4 0.95625 0.22265625 0.08359375 0.2296875
3 0.7375 0.1046875 0.1421875 0.1984375
4 0.88515625 0.1375 0.16328125 0.1625
1 0.12734375 0.78671875 0.24296875 0.4265625