0 0.52890625 0.4109375 0.228125 0.32265625
0 0.50078125 0.6234375 0.275 0.26953125
3 0.90078125 0.796875 0.19296875 0.3609375
4 0.6234375 0.26953125 0.1015625 0.2828125
2 0.43671875 0.10703125 0.09609375 0.20859375
3 0.26953125 0.5625 0.20234375 0.540625
3 0.85859375 0.38515625 0.0828125 0.26875
1 0.5625 0.13125 0.171875 0.17109375
3 0.0859375 0.31484375 0.171875 0.3171875
4 0.95546875 0.22578125 0.0859375 0.221875
3 0.33515625 0.875 0.221875 0.25
3 0.9171875 0.58359375 0.134375 0.16171875
3 0.065625 0.67265625 0.13125 0.62578125
4 0.6390625 0.8828125 0.13671875 0.234375
3 0.740625 0.10546875 0.1375 0.19765625
1 0.12734375 0.78671875 0.240625 0.4265625
3 0.8796875 0.1375 0.1703125 0.1703125