2 0.1046875 0.5609375 0.20625 0.103125
0 0.4125 0.47109375 0.325 0.228125
0 0.62265625 0.5 0.26875 0.275
4 0.26875 0.37578125 0.284375 0.1
3 0.79609375 0.0984375 0.3609375 0.190625
1 0.13046875 0.4359375 0.171875 0.175
3 0.38515625 0.1421875 0.26875 0.08125
3 0.5609375 0.73203125 0.540625 0.2
3 0.671875 0.934375 0.63125 0.13125
3 0.31484375 0.91484375 0.315625 0.1703125
4 0.22578125 0.04453125 0.221875 0.0859375
3 0.58671875 0.08671875 0.1640625 0.1359375
4 0.8828125 0.36015625 0.234375 0.1375
3 0.87734375 0.66875 0.2453125 0.221875
3 0.10546875 0.25859375 0.2 0.1390625
1 0.78671875 0.8734375 0.4265625 0.240625