2 0.4390625 0.1046875 0.10234375 0.20625
0 0.52890625 0.4125 0.228125 0.32578125
0 0.5 0.62265625 0.275 0.26875
4 0.62421875 0.26875 0.09921875 0.28359375
3 0.9015625 0.79609375 0.19140625 0.3609375
1 0.5640625 0.13046875 0.17578125 0.17109375
3 0.8578125 0.38515625 0.08203125 0.26953125
3 0.26796875 0.5609375 0.20078125 0.54140625
3 0.065625 0.671875 0.13125 0.63203125
3 0.08515625 0.31484375 0.16953125 0.31484375
4 0.95546875 0.22578125 0.0859375 0.22109375
3 0.91328125 0.58671875 0.1359375 0.1640625
4 0.63984375 0.8828125 0.13671875 0.234375
3 0.33125 0.87734375 0.221875 0.2453125
3 0.74140625 0.10546875 0.1390625 0.2
1 0.1265625 0.78671875 0.240625 0.4265625