0 0.5875 0.47109375 0.328125 0.228125
2 0.8953125 0.56015625 0.20625 0.1046875
1 0.86875 0.4359375 0.171875 0.1765625
0 0.37421875 0.5 0.2625 0.275
4 0.73046875 0.3765625 0.2828125 0.1015625
3 0.203125 0.09921875 0.359375 0.1921875
3 0.44140625 0.7390625 0.534375 0.196875
3 0.61796875 0.14453125 0.271875 0.0890625
3 0.68671875 0.9140625 0.3140625 0.171875
4 0.7734375 0.04375 0.221875 0.084375
3 0.41328125 0.08671875 0.16875 0.1375
3 0.12265625 0.66953125 0.2453125 0.2265625
4 0.1171875 0.36015625 0.234375 0.1375
3 0.32890625 0.93125 0.615625 0.1375
3 0.896875 0.26015625 0.203125 0.146875
1 0.21328125 0.8734375 0.4265625 0.240625