0 0.528125 0.41171875 0.22890625 0.32734375
2 0.43828125 0.10546875 0.103125 0.2078125
1 0.5640625 0.12890625 0.17890625 0.17421875
3 0.9015625 0.796875 0.19296875 0.35546875
4 0.621875 0.26796875 0.1046875 0.2859375
0 0.5 0.6265625 0.27578125 0.259375
3 0.2609375 0.55546875 0.196875 0.528125
3 0.0859375 0.3109375 0.171875 0.303125
3 0.85546875 0.378125 0.0953125 0.27421875
3 0.33125 0.88203125 0.228125 0.2359375
4 0.9546875 0.22421875 0.0875 0.225
3 0.9125 0.58671875 0.1375 0.165625
3 0.06875 0.62890625 0.13671875 0.553125
4 0.63984375 0.8828125 0.13671875 0.234375
3 0.7390625 0.1046875 0.140625 0.19921875
1 0.1265625 0.78671875 0.2390625 0.42578125