0 0.528125 0.41328125 0.2296875 0.328125
2 0.43828125 0.10546875 0.103125 0.20625
1 0.5640625 0.1296875 0.1796875 0.175
3 0.9015625 0.79453125 0.1921875 0.35625
0 0.5 0.62734375 0.275 0.259375
4 0.62265625 0.2671875 0.103125 0.2859375
3 0.2609375 0.5578125 0.196875 0.5328125
3 0.0859375 0.3125 0.171875 0.3046875
3 0.85703125 0.37890625 0.096875 0.278125
3 0.3296875 0.88046875 0.228125 0.2375
3 0.91328125 0.58671875 0.1375 0.165625
4 0.95390625 0.225 0.090625 0.225
4 0.6390625 0.8828125 0.1359375 0.234375
3 0.06875 0.665625 0.1375 0.621875
1 0.1265625 0.78671875 0.2390625 0.425
3 0.73671875 0.10625 0.134375 0.1984375
4 0.8765625 0.13203125 0.1671875 0.16875