2 0.8953125 0.43828125 0.20625 0.1015625
0 0.5875 0.528125 0.328125 0.2296875
1 0.87109375 0.56328125 0.175 0.18125
3 0.20390625 0.9015625 0.359375 0.1921875
0 0.3734375 0.5 0.2578125 0.275
4 0.73828125 0.62109375 0.2828125 0.1046875
3 0.43984375 0.26171875 0.5390625 0.196875
3 0.625 0.85703125 0.28125 0.096875
4 0.7734375 0.95390625 0.221875 0.0890625
3 0.67890625 0.0859375 0.321875 0.171875
3 0.11875 0.328125 0.2375 0.2265625
3 0.4140625 0.91171875 0.165625 0.1375
4 0.1171875 0.63984375 0.234375 0.1375
3 0.3609375 0.06875 0.5609375 0.1375
3 0.8953125 0.7375 0.2 0.1390625
1 0.21328125 0.1265625 0.4265625 0.240625
4 0.86484375 0.87109375 0.159375 0.159375