2 0.4375 0.8953125 0.1 0.20625
1 0.56328125 0.871875 0.1796875 0.175
0 0.52734375 0.5921875 0.228125 0.31875
3 0.90078125 0.20390625 0.19375 0.359375
0 0.5 0.3734375 0.275 0.259375
4 0.62109375 0.7375 0.1046875 0.284375
3 0.26875 0.44140625 0.1984375 0.540625
4 0.95390625 0.77578125 0.0875 0.228125
3 0.85625 0.62734375 0.0984375 0.290625
3 0.33046875 0.12421875 0.2296875 0.2484375
3 0.08671875 0.678125 0.1734375 0.3203125
3 0.91171875 0.41640625 0.134375 0.1640625
4 0.63984375 0.1171875 0.1375 0.234375
3 0.06953125 0.34453125 0.1390625 0.590625
4 0.87421875 0.8578125 0.1640625 0.15625
1 0.1265625 0.21328125 0.240625 0.4265625
3 0.7375 0.89609375 0.140625 0.2046875