1 0.8734375 0.5640625 0.1765625 0.178125
0 0.58984375 0.528125 0.321875 0.2296875
2 0.89453125 0.4375 0.20625 0.1
3 0.2046875 0.90078125 0.359375 0.19375
0 0.3734375 0.5 0.259375 0.275
4 0.7328125 0.62421875 0.2859375 0.1
3 0.44140625 0.26875 0.540625 0.2
3 0.628125 0.8546875 0.290625 0.0953125
4 0.77734375 0.9546875 0.228125 0.0875
3 0.121875 0.33125 0.24375 0.2296875
3 0.4171875 0.91171875 0.165625 0.134375
4 0.11796875 0.63984375 0.2359375 0.1359375
3 0.678125 0.08671875 0.31875 0.1734375
3 0.371875 0.06875 0.5375 0.1375
4 0.85859375 0.8734375 0.15625 0.1671875
1 0.21328125 0.12734375 0.4265625 0.240625
3 0.89609375 0.73515625 0.203125 0.1375