1 0.12734375 0.5640625 0.1796875 0.178125
0 0.40859375 0.52734375 0.31875 0.2296875
2 0.1046875 0.4375 0.20625 0.1
0 0.6265625 0.50078125 0.259375 0.275
3 0.79375 0.90078125 0.353125 0.19375
4 0.26171875 0.621875 0.284375 0.103125
3 0.55546875 0.26875 0.5328125 0.2
3 0.37265625 0.8546875 0.290625 0.0953125
4 0.22265625 0.95546875 0.23125 0.0875
4 0.14140625 0.87265625 0.153125 0.1640625
3 0.634375 0.0703125 0.5484375 0.140625
3 0.32265625 0.08515625 0.31875 0.16875
3 0.58203125 0.91171875 0.165625 0.1328125
3 0.87578125 0.33046875 0.2484375 0.2265625
4 0.88203125 0.6390625 0.2359375 0.1375
3 0.10390625 0.73359375 0.203125 0.1359375
1 0.78671875 0.1265625 0.4265625 0.2390625