1 0.56328125 0.8734375 0.1796875 0.1796875
2 0.4375 0.89453125 0.1 0.2078125
0 0.528125 0.5890625 0.23125 0.325
0 0.5 0.3734375 0.2765625 0.2609375
4 0.8734375 0.85703125 0.1609375 0.153125
3 0.271875 0.43828125 0.2046875 0.546875
3 0.90078125 0.2046875 0.19375 0.3578125
4 0.62265625 0.7390625 0.103125 0.284375
3 0.853125 0.640625 0.1 0.303125
3 0.0859375 0.678125 0.171875 0.31875
3 0.3296875 0.1234375 0.23125 0.246875
4 0.63984375 0.11796875 0.1375 0.2359375
3 0.0703125 0.36171875 0.140625 0.5234375
3 0.9125 0.41953125 0.134375 0.175
4 0.95390625 0.778125 0.0859375 0.24375
1 0.128125 0.2125 0.2421875 0.425
3 0.7328125 0.89453125 0.13125 0.2