1 0.56328125 0.1265625 0.17890625 0.1796875
2 0.43828125 0.10546875 0.10078125 0.20703125
0 0.52890625 0.4125 0.23203125 0.328125
3 0.271875 0.5609375 0.20390625 0.54453125
3 0.90078125 0.79453125 0.19296875 0.35703125
0 0.5 0.6265625 0.2765625 0.26015625
4 0.62109375 0.2609375 0.1046875 0.2859375
4 0.871875 0.14296875 0.159375 0.15390625
3 0.08671875 0.321875 0.1734375 0.3171875
3 0.3296875 0.8765625 0.23359375 0.246875
3 0.85234375 0.3578125 0.103125 0.3046875
4 0.63984375 0.8828125 0.13671875 0.234375
4 0.95703125 0.2234375 0.08359375 0.24375
3 0.07109375 0.6390625 0.14140625 0.51796875
3 0.915625 0.57890625 0.13828125 0.16875
1 0.128125 0.7875 0.24296875 0.425
3 0.73203125 0.10546875 0.1265625 0.1984375