1 0.43671875 0.8734375 0.1796875 0.1796875
2 0.56171875 0.89453125 0.1015625 0.20625
0 0.47109375 0.5875 0.23125 0.328125
3 0.728125 0.4390625 0.203125 0.54375
3 0.09921875 0.20546875 0.19375 0.3578125
0 0.5 0.3734375 0.2765625 0.259375
4 0.37890625 0.7390625 0.1046875 0.2859375
4 0.128125 0.85703125 0.159375 0.153125
3 0.91328125 0.678125 0.1734375 0.3171875
3 0.6703125 0.1234375 0.234375 0.246875
3 0.14765625 0.6421875 0.103125 0.3046875
4 0.36015625 0.1171875 0.1375 0.234375
4 0.04296875 0.7765625 0.084375 0.24375
3 0.92890625 0.3609375 0.140625 0.51875
3 0.084375 0.42109375 0.1390625 0.16875
1 0.871875 0.2125 0.24375 0.425
3 0.26796875 0.89453125 0.1265625 0.1984375