1 0.5640625 0.12578125 0.17890625 0.18203125
2 0.43828125 0.1046875 0.1015625 0.20546875
0 0.528125 0.4109375 0.23046875 0.32421875
3 0.2734375 0.5609375 0.20703125 0.5421875
3 0.90078125 0.79453125 0.19375 0.35625
0 0.51328125 0.62734375 0.271875 0.26015625
4 0.62265625 0.2609375 0.10234375 0.2875
4 0.87109375 0.14375 0.15859375 0.15234375
4 0.953125 0.215625 0.08515625 0.259375
3 0.3296875 0.8859375 0.2328125 0.228125
4 0.63984375 0.88203125 0.1359375 0.23515625
3 0.0859375 0.3265625 0.17109375 0.31953125
3 0.8515625 0.35234375 0.1078125 0.3125
3 0.915625 0.57890625 0.140625 0.1671875
3 0.0703125 0.67578125 0.13984375 0.57890625
1 0.12890625 0.78671875 0.24296875 0.4265625
3 0.73203125 0.10625 0.1296875 0.2