1 0.5625 0.1234375 0.175 0.1828125
2 0.4375 0.10546875 0.10078125 0.20703125
0 0.528125 0.409375 0.23203125 0.3203125
3 0.2734375 0.5515625 0.20859375 0.52421875
0 0.5 0.62734375 0.27578125 0.2625
3 0.90078125 0.78984375 0.19296875 0.346875
4 0.86953125 0.15078125 0.15859375 0.15
4 0.62265625 0.259375 0.103125 0.2890625
3 0.33203125 0.88515625 0.22890625 0.22890625
4 0.6390625 0.88203125 0.13671875 0.2359375
3 0.85546875 0.35703125 0.1109375 0.31875
3 0.0859375 0.328125 0.171875 0.309375
3 0.9171875 0.58203125 0.140625 0.1671875
3 0.73984375 0.11015625 0.125 0.2109375
4 0.9546875 0.2140625 0.08203125 0.26875
1 0.128125 0.78671875 0.24140625 0.42578125
3 0.06953125 0.66796875 0.13828125 0.56171875