1 0.5625 0.12421875 0.17578125 0.1828125
2 0.43671875 0.10546875 0.09921875 0.20625
0 0.528125 0.40859375 0.23203125 0.31953125
3 0.2734375 0.553125 0.20859375 0.52890625
3 0.9015625 0.796875 0.1921875 0.359375
0 0.5 0.62578125 0.27578125 0.26171875
4 0.86875 0.14921875 0.16015625 0.15390625
4 0.62421875 0.26015625 0.0984375 0.28984375
3 0.3296875 0.88515625 0.22890625 0.2296875
3 0.8578125 0.35 0.1140625 0.33046875
3 0.73984375 0.1109375 0.12421875 0.20859375
3 0.08671875 0.328125 0.1734375 0.3078125
3 0.9171875 0.584375 0.140625 0.165625
4 0.63984375 0.88125 0.1359375 0.2375
3 0.06953125 0.66875 0.1390625 0.5671875
1 0.12890625 0.7859375 0.24453125 0.42734375
4 0.95546875 0.21328125 0.08046875 0.2734375