0 0.47265625 0.409375 0.23125 0.321875
3 0.7265625 0.55234375 0.20625 0.521875
2 0.56328125 0.10546875 0.096875 0.20625
0 0.5 0.6265625 0.275 0.2609375
4 0.12890625 0.15078125 0.1609375 0.159375
3 0.0984375 0.79453125 0.190625 0.35625
1 0.4375 0.12109375 0.175 0.19375
4 0.37734375 0.25859375 0.103125 0.29375
4 0.36015625 0.88203125 0.1359375 0.234375
3 0.9140625 0.3328125 0.171875 0.3125
3 0.1265625 0.34765625 0.14375 0.340625
3 0.08125 0.58828125 0.1421875 0.178125
3 0.93046875 0.67421875 0.1390625 0.5625
3 0.665625 0.88671875 0.21875 0.2265625
1 0.8703125 0.78671875 0.24375 0.4265625
4 0.046875 0.2078125 0.084375 0.290625