2 0.56328125 0.10546875 0.0984375 0.20625
4 0.128125 0.15 0.159375 0.159375
0 0.47265625 0.4078125 0.23125 0.31875
3 0.7265625 0.553125 0.20625 0.5234375
0 0.5 0.6265625 0.275 0.2609375
3 0.09921875 0.79453125 0.19375 0.3546875
1 0.4375 0.125 0.175 0.1953125
4 0.3765625 0.2578125 0.1 0.2921875
4 0.36015625 0.8828125 0.1375 0.234375
3 0.1265625 0.346875 0.146875 0.3421875
3 0.91484375 0.32578125 0.1703125 0.309375
3 0.08046875 0.59296875 0.1453125 0.1875
3 0.66640625 0.8875 0.2203125 0.225
3 0.93046875 0.671875 0.1390625 0.5609375
1 0.87109375 0.78671875 0.24375 0.4265625
4 0.04609375 0.2078125 0.084375 0.2875