2 0.43671875 0.10546875 0.09921875 0.20625
4 0.8734375 0.15 0.1578125 0.15703125
0 0.52734375 0.41015625 0.23203125 0.32265625
3 0.271875 0.55546875 0.2046875 0.5265625
0 0.5 0.62734375 0.27578125 0.26171875
4 0.62421875 0.259375 0.09921875 0.2921875
3 0.90078125 0.79453125 0.19375 0.3546875
1 0.56328125 0.12109375 0.17734375 0.1984375
4 0.63984375 0.8828125 0.13671875 0.234375
3 0.08515625 0.32734375 0.1703125 0.30390625
3 0.8703125 0.3453125 0.14375 0.33671875
3 0.06953125 0.6765625 0.1390625 0.559375
3 0.92109375 0.59453125 0.14609375 0.190625
3 0.3375 0.8875 0.21171875 0.225
1 0.128125 0.78671875 0.24296875 0.4265625
2 0.7328125 0.1078125 0.14296875 0.2140625
4 0.953125 0.21328125 0.084375 0.28046875