2 0.56328125 0.89453125 0.0984375 0.20625
0 0.47265625 0.59140625 0.23125 0.31875
4 0.1265625 0.853125 0.159375 0.1625
3 0.73984375 0.4328125 0.1921875 0.546875
0 0.48671875 0.371875 0.271875 0.2625
4 0.3765625 0.740625 0.1 0.29375
3 0.09921875 0.2109375 0.19375 0.3421875
1 0.43671875 0.87734375 0.175 0.196875
3 0.91484375 0.65703125 0.1703125 0.3328125
4 0.3609375 0.11796875 0.1359375 0.2359375
3 0.12421875 0.65625 0.15625 0.3421875
3 0.0796875 0.40703125 0.146875 0.1953125
3 0.66328125 0.11484375 0.2171875 0.2296875
3 0.9296875 0.31328125 0.140625 0.5359375
4 0.046875 0.7890625 0.084375 0.28125
1 0.8734375 0.21328125 0.240625 0.4265625