2 0.43671875 0.10546875 0.0984375 0.20625
0 0.52734375 0.4078125 0.23203125 0.3171875
3 0.259375 0.5671875 0.18984375 0.5453125
0 0.5 0.6265625 0.27578125 0.2609375
4 0.8734375 0.146875 0.16015625 0.1625
4 0.625 0.26015625 0.09765625 0.2921875
3 0.9 0.79140625 0.19453125 0.3484375
1 0.5640625 0.1171875 0.1765625 0.19453125
3 0.084375 0.34609375 0.16875 0.3421875
4 0.63984375 0.88203125 0.1375 0.23515625
3 0.87265625 0.34453125 0.14765625 0.34375
3 0.9203125 0.59296875 0.14609375 0.19609375
3 0.340625 0.8828125 0.209375 0.234375
1 0.1265625 0.78671875 0.240625 0.4265625
4 0.95390625 0.2109375 0.084375 0.28515625
3 0.07109375 0.70390625 0.1421875 0.5671875