2 0.89453125 0.56328125 0.20625 0.0984375
0 0.59140625 0.47265625 0.31875 0.23125
4 0.85234375 0.1265625 0.1625 0.159375
3 0.43203125 0.740625 0.5453125 0.190625
0 0.371875 0.48671875 0.2609375 0.271875
4 0.740625 0.37578125 0.290625 0.0984375
3 0.20859375 0.09921875 0.35 0.19375
1 0.8828125 0.4359375 0.196875 0.178125
3 0.6515625 0.9140625 0.346875 0.171875
3 0.65546875 0.12578125 0.3421875 0.15
4 0.11796875 0.3609375 0.2359375 0.1375
3 0.1171875 0.65859375 0.234375 0.209375
3 0.40859375 0.07890625 0.19375 0.1453125
1 0.21328125 0.87109375 0.4265625 0.2421875
4 0.7890625 0.04609375 0.284375 0.084375
2 0.8890625 0.26953125 0.2078125 0.1421875
3 0.3109375 0.928125 0.534375 0.14375