2 0.43671875 0.10625 0.0984375 0.20703125
0 0.52734375 0.4125 0.23203125 0.328125
3 0.2578125 0.56640625 0.1859375 0.5453125
0 0.49921875 0.6265625 0.2765625 0.259375
4 0.62265625 0.259375 0.10078125 0.29140625
3 0.90078125 0.7921875 0.19296875 0.35
4 0.87109375 0.146875 0.1609375 0.16796875
3 0.084375 0.36328125 0.16875 0.3609375
4 0.63984375 0.88203125 0.1359375 0.2359375
1 0.56796875 0.12109375 0.17578125 0.203125
3 0.87734375 0.3359375 0.15703125 0.3390625
3 0.9203125 0.5921875 0.14921875 0.19765625
4 0.9546875 0.21953125 0.0828125 0.265625
3 0.34140625 0.884375 0.2078125 0.23046875
1 0.1265625 0.78671875 0.240625 0.4265625
2 0.73203125 0.11484375 0.14609375 0.20703125
3 0.07265625 0.6546875 0.1453125 0.48203125