2 0.10546875 0.56328125 0.20625 0.0984375
0 0.4140625 0.471875 0.328125 0.2328125
3 0.56640625 0.74296875 0.546875 0.1859375
0 0.62890625 0.4875 0.2609375 0.271875
4 0.14765625 0.12890625 0.16875 0.1625
3 0.79765625 0.09921875 0.3625 0.19375
4 0.259375 0.37578125 0.2921875 0.1
3 0.3640625 0.915625 0.35625 0.16875
4 0.8828125 0.36015625 0.234375 0.1375
3 0.33515625 0.12109375 0.3390625 0.1578125
3 0.59140625 0.0796875 0.196875 0.146875
1 0.12109375 0.43203125 0.20625 0.178125
3 0.88515625 0.659375 0.2296875 0.2046875
4 0.22109375 0.04609375 0.2671875 0.084375
1 0.78671875 0.8734375 0.4265625 0.2390625
3 0.65390625 0.92734375 0.4796875 0.1453125