2 0.56328125 0.10546875 0.0984375 0.20625
0 0.471875 0.4140625 0.2328125 0.328125
3 0.74453125 0.56484375 0.184375 0.5453125
0 0.50078125 0.62734375 0.275 0.2609375
4 0.12890625 0.14765625 0.1609375 0.16875
3 0.09921875 0.790625 0.19375 0.3484375
4 0.3765625 0.259375 0.1 0.2921875
3 0.91640625 0.36484375 0.1671875 0.3546875
4 0.36015625 0.8828125 0.1375 0.234375
1 0.4328125 0.121875 0.178125 0.203125
3 0.121875 0.3359375 0.15625 0.340625
3 0.08046875 0.590625 0.1484375 0.1953125
4 0.04609375 0.2203125 0.084375 0.2671875
3 0.65703125 0.88515625 0.20625 0.2296875
3 0.92734375 0.646875 0.1453125 0.4671875
1 0.8734375 0.78671875 0.2375 0.4265625
2 0.26953125 0.115625 0.14375 0.209375