2 0.43671875 0.10546875 0.0984375 0.20625
0 0.528125 0.4140625 0.23203125 0.32890625
3 0.25546875 0.56484375 0.184375 0.5453125
0 0.49921875 0.62734375 0.27578125 0.2609375
4 0.87109375 0.14765625 0.1609375 0.16796875
3 0.90078125 0.790625 0.19375 0.3484375
4 0.6234375 0.259375 0.09921875 0.2921875
3 0.08359375 0.36484375 0.1671875 0.35390625
4 0.63984375 0.8828125 0.13671875 0.234375
1 0.5671875 0.121875 0.17734375 0.20390625
3 0.878125 0.3359375 0.15546875 0.33984375
3 0.91953125 0.590625 0.14765625 0.1953125
4 0.95390625 0.2203125 0.08359375 0.2671875
3 0.34296875 0.88515625 0.20625 0.2296875
3 0.07265625 0.646875 0.1453125 0.4671875
1 0.1265625 0.78671875 0.23828125 0.4265625
2 0.73046875 0.115625 0.14375 0.20859375