2 0.10625 0.43671875 0.2078125 0.0984375
0 0.41171875 0.52734375 0.325 0.23125
3 0.565625 0.2546875 0.546875 0.18125
0 0.62734375 0.49921875 0.259375 0.275
4 0.259375 0.6234375 0.290625 0.1
3 0.79140625 0.90078125 0.353125 0.19375
4 0.146875 0.871875 0.171875 0.1640625
3 0.36875 0.08359375 0.35625 0.165625
3 0.33515625 0.87890625 0.340625 0.159375
4 0.8828125 0.6390625 0.234375 0.1359375
1 0.12109375 0.5671875 0.203125 0.1765625
3 0.59140625 0.9203125 0.1984375 0.15
3 0.88359375 0.34140625 0.2328125 0.2046875
4 0.22109375 0.95390625 0.2671875 0.0828125
1 0.78671875 0.128125 0.4265625 0.2421875
3 0.64296875 0.071875 0.4828125 0.14375
2 0.1125 0.73515625 0.2078125 0.140625