2 0.89453125 0.43671875 0.20625 0.0984375
0 0.5890625 0.52734375 0.321875 0.23125
3 0.43359375 0.25390625 0.5453125 0.18125
0 0.37265625 0.49921875 0.2609375 0.275
3 0.20703125 0.90078125 0.35625 0.19375
4 0.740625 0.6234375 0.290625 0.1
4 0.853125 0.87265625 0.1734375 0.165625
3 0.62734375 0.08359375 0.35625 0.165625
4 0.11796875 0.6390625 0.2359375 0.1359375
1 0.87890625 0.56796875 0.1984375 0.178125
3 0.665625 0.871875 0.3375 0.14375
3 0.1171875 0.3390625 0.234375 0.2125
3 0.41328125 0.91953125 0.1875 0.15
1 0.21328125 0.12890625 0.4265625 0.24375
2 0.88828125 0.73359375 0.209375 0.1390625
4 0.7796875 0.9546875 0.26875 0.0828125
3 0.3640625 0.071875 0.484375 0.14375