2 0.5625 0.89375 0.0984375 0.2078125
0 0.471875 0.5859375 0.2328125 0.328125
3 0.746875 0.43359375 0.18125 0.546875
3 0.09921875 0.2046875 0.19375 0.35625
0 0.48671875 0.371875 0.271875 0.259375
4 0.3765625 0.7421875 0.1 0.290625
4 0.12734375 0.85234375 0.165625 0.175
3 0.9171875 0.62734375 0.165625 0.3515625
3 0.121875 0.66640625 0.1625 0.3390625
1 0.434375 0.884375 0.1796875 0.1921875
4 0.3609375 0.1171875 0.1359375 0.234375
2 0.26484375 0.88984375 0.140625 0.20625
3 0.66015625 0.115625 0.2140625 0.23125
3 0.0796875 0.41328125 0.15 0.184375
1 0.8703125 0.2140625 0.246875 0.428125
4 0.0453125 0.78046875 0.08125 0.271875