2 0.10546875 0.4375 0.20625 0.0984375
0 0.41171875 0.52734375 0.321875 0.23125
3 0.565625 0.253125 0.540625 0.1796875
0 0.62734375 0.51328125 0.259375 0.271875
4 0.2578125 0.6234375 0.2921875 0.1015625
3 0.7890625 0.90078125 0.35 0.19375
3 0.37578125 0.0859375 0.34375 0.171875
1 0.11796875 0.565625 0.196875 0.1796875
4 0.1484375 0.87109375 0.175 0.171875
3 0.33046875 0.8921875 0.328125 0.1921875
4 0.88203125 0.6390625 0.2359375 0.1375
1 0.78671875 0.13515625 0.4265625 0.2578125
3 0.88671875 0.3296875 0.2265625 0.228125
3 0.58828125 0.9203125 0.1796875 0.15
2 0.1078125 0.734375 0.203125 0.1390625
4 0.21875 0.95703125 0.2875 0.0765625