2 0.10546875 0.56328125 0.20625 0.0984375
0 0.409375 0.47265625 0.31875 0.23125
3 0.56484375 0.746875 0.54375 0.1796875
0 0.628125 0.48671875 0.259375 0.271875
3 0.796875 0.0984375 0.365625 0.1921875
4 0.25625 0.3765625 0.2921875 0.1
3 0.378125 0.9140625 0.340625 0.171875
1 0.1203125 0.43359375 0.2 0.18125
4 0.15 0.12890625 0.175 0.1703125
1 0.78671875 0.8671875 0.4265625 0.2546875
4 0.8828125 0.3609375 0.234375 0.1359375
3 0.33203125 0.10625 0.3421875 0.2
2 0.10703125 0.265625 0.203125 0.140625
3 0.88984375 0.67109375 0.2203125 0.2234375
3 0.59296875 0.078125 0.19375 0.1484375