2 0.89453125 0.5625 0.20625 0.096875
0 0.59140625 0.4734375 0.3171875 0.23125
3 0.20234375 0.09921875 0.3640625 0.19375
0 0.37265625 0.48671875 0.259375 0.271875
3 0.43671875 0.7453125 0.5390625 0.1828125
1 0.87734375 0.434375 0.2 0.1796875
4 0.74375 0.37734375 0.290625 0.1
3 0.621875 0.915625 0.3375 0.16875
4 0.85078125 0.1296875 0.175 0.1703125
1 0.2125 0.86953125 0.425 0.2515625
4 0.11640625 0.36015625 0.2328125 0.1359375
3 0.66953125 0.10625 0.353125 0.2
3 0.11015625 0.67109375 0.2203125 0.2234375
3 0.40859375 0.08359375 0.178125 0.1546875
2 0.89140625 0.26484375 0.20625 0.1375
3 0.78203125 0.03515625 0.2890625 0.0703125