2 0.4375 0.10546875 0.09765625 0.20625
0 0.52734375 0.409375 0.23125 0.31875
3 0.9015625 0.79375 0.19296875 0.3578125
0 0.51328125 0.62734375 0.271875 0.25859375
3 0.2546875 0.56484375 0.18125 0.53828125
4 0.6234375 0.25625 0.10078125 0.29296875
1 0.565625 0.121875 0.17890625 0.19609375
3 0.0859375 0.378125 0.171875 0.33671875
1 0.13046875 0.7875 0.2515625 0.425
4 0.8703125 0.146875 0.16953125 0.17421875
4 0.6390625 0.8828125 0.1359375 0.234375
3 0.89296875 0.33046875 0.1984375 0.35
3 0.921875 0.59296875 0.1484375 0.1890625
3 0.33046875 0.8890625 0.2265625 0.22109375
2 0.73515625 0.10703125 0.1359375 0.20703125