2 0.5625 0.89453125 0.0984375 0.20625
0 0.4734375 0.590625 0.23125 0.31875
3 0.0984375 0.20625 0.19375 0.3625
0 0.48671875 0.371875 0.271875 0.259375
3 0.7453125 0.43671875 0.18125 0.54375
1 0.43359375 0.8765625 0.18125 0.1953125
4 0.3765625 0.74296875 0.1015625 0.290625
4 0.1296875 0.853125 0.16875 0.1734375
1 0.8703125 0.2125 0.25 0.425
3 0.915625 0.61953125 0.16875 0.3390625
4 0.36171875 0.1171875 0.1359375 0.234375
3 0.10859375 0.671875 0.196875 0.346875
3 0.66953125 0.1109375 0.2265625 0.221875
2 0.26484375 0.89296875 0.1390625 0.20625
3 0.08203125 0.40703125 0.1515625 0.178125