2 0.89453125 0.5625 0.20625 0.0984375
0 0.590625 0.47265625 0.31875 0.23125
3 0.20546875 0.1015625 0.36875 0.196875
0 0.371875 0.48671875 0.2609375 0.271875
1 0.878125 0.434375 0.19375 0.1796875
3 0.4375 0.7453125 0.5375 0.1828125
4 0.74375 0.3765625 0.29375 0.1
4 0.853125 0.13046875 0.175 0.171875
1 0.21328125 0.86953125 0.425 0.2484375
3 0.61484375 0.91484375 0.3390625 0.1703125
4 0.11640625 0.36015625 0.2328125 0.1375
2 0.896875 0.265625 0.20625 0.140625
3 0.1125 0.6703125 0.225 0.225
3 0.6625 0.11640625 0.334375 0.190625
3 0.40625 0.07890625 0.1859375 0.146875
3 0.7875 0.03359375 0.284375 0.0671875