2 0.4375 0.10546875 0.09765625 0.20625
0 0.52734375 0.409375 0.23046875 0.31796875
3 0.8984375 0.79453125 0.19765625 0.36796875
0 0.51328125 0.628125 0.271875 0.2609375
1 0.565625 0.121875 0.1796875 0.19453125
3 0.2546875 0.5625 0.18203125 0.53828125
4 0.6234375 0.25625 0.09921875 0.29296875
4 0.86953125 0.146875 0.17109375 0.17421875
1 0.13046875 0.78671875 0.2484375 0.42578125
3 0.08515625 0.38515625 0.1703125 0.3390625
4 0.63984375 0.88359375 0.13671875 0.2328125
2 0.734375 0.103125 0.13984375 0.20546875
3 0.3296875 0.8875 0.22421875 0.225
3 0.88359375 0.3375 0.19140625 0.33515625
3 0.92109375 0.59375 0.14765625 0.1859375
3 0.96640625 0.2125 0.0671875 0.284375