2 0.89453125 0.4375 0.20625 0.096875
0 0.590625 0.52734375 0.31875 0.23125
3 0.20546875 0.8984375 0.36875 0.1984375
0 0.371875 0.51328125 0.2609375 0.271875
1 0.878125 0.565625 0.19375 0.1796875
3 0.4375 0.2546875 0.5375 0.18125
4 0.74375 0.6234375 0.29375 0.1
4 0.853125 0.86953125 0.175 0.171875
1 0.21328125 0.13046875 0.425 0.2484375
3 0.61484375 0.08515625 0.3390625 0.1703125
4 0.11640625 0.63984375 0.2328125 0.1375
2 0.896875 0.734375 0.20625 0.140625
3 0.1125 0.3296875 0.225 0.225
3 0.6625 0.88359375 0.334375 0.1921875
3 0.40625 0.92109375 0.1859375 0.1484375
3 0.7875 0.96640625 0.284375 0.0671875