0 0.40859375 0.52734375 0.315625 0.23125
2 0.10546875 0.4375 0.20625 0.0984375
0 0.628125 0.51328125 0.259375 0.271875
3 0.5640625 0.25703125 0.54375 0.175
4 0.253125 0.62421875 0.3 0.103125
3 0.7890625 0.8984375 0.346875 0.1984375
4 0.1453125 0.87109375 0.175 0.1625
1 0.12578125 0.56640625 0.1921875 0.1796875
4 0.88359375 0.63984375 0.2328125 0.1375
2 0.103125 0.73515625 0.20625 0.140625
1 0.78828125 0.128125 0.4234375 0.24375
3 0.5984375 0.921875 0.1875 0.1484375
3 0.328125 0.88671875 0.334375 0.1875
3 0.39375 0.078125 0.3015625 0.15625
3 0.87421875 0.33515625 0.2515625 0.2078125