0 0.52734375 0.4109375 0.23046875 0.321875
2 0.4375 0.10546875 0.09765625 0.20625
0 0.51328125 0.628125 0.2734375 0.26015625
4 0.62265625 0.25078125 0.10859375 0.30390625
3 0.896875 0.79296875 0.20078125 0.35390625
3 0.2578125 0.565625 0.1671875 0.56171875
4 0.8703125 0.1453125 0.16328125 0.1765625
1 0.56640625 0.125 0.17890625 0.1921875
4 0.63984375 0.88203125 0.1359375 0.2359375
1 0.12734375 0.7875 0.24375 0.425
3 0.88984375 0.3296875 0.19140625 0.34921875
3 0.3375 0.86796875 0.209375 0.2640625
2 0.734375 0.103125 0.13984375 0.20625
3 0.92109375 0.59765625 0.14921875 0.1875
3 0.078125 0.39375 0.15625 0.303125