0 0.58671875 0.528125 0.325 0.23125
2 0.89453125 0.4390625 0.20625 0.1
4 0.7453125 0.61640625 0.3 0.125
0 0.37265625 0.5125 0.259375 0.271875
3 0.4203125 0.26015625 0.615625 0.165625
3 0.209375 0.896875 0.353125 0.2015625
1 0.87421875 0.5671875 0.184375 0.178125
4 0.853125 0.87109375 0.18125 0.171875
4 0.1171875 0.63984375 0.234375 0.1375
3 0.134375 0.340625 0.26875 0.2
1 0.2125 0.1265625 0.425 0.240625
3 0.6578125 0.8875 0.340625 0.2
3 0.40234375 0.921875 0.184375 0.146875
3 0.60625 0.078125 0.296875 0.15625
2 0.896875 0.73515625 0.20625 0.14375