0 0.52734375 0.4109375 0.23125 0.32265625
4 0.6171875 0.25625 0.1203125 0.29765625
2 0.4390625 0.10546875 0.10234375 0.20625
3 0.2609375 0.57578125 0.159375 0.6078125
0 0.49921875 0.6265625 0.27734375 0.25859375
3 0.896875 0.79609375 0.20078125 0.36328125
1 0.5671875 0.12578125 0.178125 0.18671875
4 0.87265625 0.14765625 0.16875 0.18046875
4 0.6390625 0.8828125 0.13671875 0.234375
3 0.8921875 0.328125 0.1984375 0.34296875
2 0.734375 0.10546875 0.14140625 0.2109375
1 0.1296875 0.7875 0.246875 0.42421875
3 0.07734375 0.39453125 0.1546875 0.29609375
3 0.921875 0.5984375 0.1484375 0.1859375
3 0.34609375 0.86015625 0.1875 0.27890625