0 0.52734375 0.4109375 0.23125 0.3203125
3 0.26328125 0.56953125 0.1578125 0.5953125
0 0.49921875 0.6265625 0.2765625 0.25859375
4 0.61640625 0.25546875 0.11953125 0.2984375
2 0.43828125 0.10546875 0.1 0.20859375
1 0.5671875 0.12578125 0.17890625 0.18515625
3 0.896875 0.79296875 0.20078125 0.3578125
4 0.871875 0.14609375 0.1625 0.1734375
2 0.73359375 0.103125 0.1421875 0.20625
4 0.63984375 0.88203125 0.13671875 0.2359375
3 0.89140625 0.34140625 0.20625 0.34140625
1 0.12734375 0.78671875 0.2421875 0.4265625
3 0.078125 0.39375 0.15625 0.296875
3 0.92265625 0.5984375 0.14609375 0.18515625
3 0.34296875 0.859375 0.18515625 0.28125