0 0.47265625 0.5890625 0.23125 0.3203125
3 0.73671875 0.43046875 0.1578125 0.5953125
0 0.50078125 0.3734375 0.2765625 0.259375
4 0.38359375 0.74453125 0.1203125 0.2984375
2 0.56171875 0.89453125 0.1 0.209375
1 0.4328125 0.87421875 0.1796875 0.184375
3 0.103125 0.20703125 0.2015625 0.3578125
4 0.128125 0.85390625 0.1625 0.1734375
2 0.26640625 0.896875 0.1421875 0.20625
4 0.36015625 0.11796875 0.1375 0.2359375
3 0.10859375 0.65859375 0.20625 0.340625
1 0.87265625 0.21328125 0.2421875 0.4265625
3 0.921875 0.60625 0.15625 0.296875
3 0.07734375 0.4015625 0.146875 0.1859375
3 0.65703125 0.140625 0.1859375 0.28125