0 0.5875 0.528125 0.325 0.23125
4 0.746875 0.61640625 0.3 0.1203125
2 0.89453125 0.4375 0.20625 0.0984375
3 0.43203125 0.26484375 0.590625 0.15625
1 0.87421875 0.5671875 0.184375 0.178125
0 0.37265625 0.49921875 0.2609375 0.2765625
3 0.20625 0.89609375 0.3578125 0.203125
4 0.853125 0.87109375 0.1765625 0.1640625
4 0.11796875 0.63984375 0.234375 0.1375
2 0.89453125 0.7359375 0.209375 0.1453125
1 0.2125 0.12578125 0.425 0.2390625
3 0.66171875 0.88828125 0.3375 0.2
3 0.6078125 0.0796875 0.29375 0.159375
3 0.140625 0.34375 0.28125 0.1875
3 0.403125 0.92109375 0.175 0.15
1 0.3453125 0.0796875 0.509375 0.159375