0 0.528125 0.4140625 0.23203125 0.32734375
3 0.265625 0.55859375 0.1578125 0.58046875
2 0.43828125 0.10546875 0.09765625 0.20703125
1 0.56640625 0.1265625 0.175 0.18359375
0 0.49921875 0.6265625 0.27734375 0.259375
4 0.61484375 0.2546875 0.121875 0.29765625
3 0.89609375 0.78984375 0.20234375 0.346875
4 0.87109375 0.146875 0.16484375 0.17734375
4 0.63984375 0.88203125 0.13671875 0.23515625
2 0.7359375 0.10703125 0.14453125 0.20703125
3 0.890625 0.33984375 0.2046875 0.3390625
3 0.921875 0.59609375 0.1453125 0.18046875
3 0.07734375 0.39375 0.1546875 0.2984375
1 0.115625 0.7875 0.23125 0.425
3 0.34765625 0.85859375 0.1890625 0.2828125
3 0.96796875 0.2078125 0.0640625 0.290625