0 0.52734375 0.4125 0.23125 0.3234375
3 0.2671875 0.5515625 0.15390625 0.571875
2 0.4390625 0.10546875 0.09765625 0.20546875
0 0.49921875 0.62734375 0.27734375 0.259375
4 0.615625 0.25546875 0.12109375 0.2953125
1 0.56640625 0.128125 0.17421875 0.18203125
3 0.8953125 0.7890625 0.20390625 0.34609375
4 0.6390625 0.8828125 0.1375 0.234375
4 0.87109375 0.146875 0.165625 0.1765625
3 0.88984375 0.334375 0.2046875 0.325
1 0.1171875 0.7875 0.234375 0.425
3 0.9203125 0.5984375 0.15 0.175
3 0.07734375 0.39375 0.1546875 0.2984375
2 0.734375 0.10859375 0.1453125 0.20390625
3 0.35 0.85859375 0.18046875 0.2828125
1 0.07890625 0.6484375 0.1578125 0.50625