0 0.4140625 0.528125 0.328125 0.23125
2 0.10546875 0.43828125 0.20625 0.096875
0 0.62734375 0.4984375 0.25625 0.278125
1 0.128125 0.56640625 0.18125 0.175
4 0.25625 0.615625 0.29375 0.121875
3 0.53984375 0.26796875 0.5625 0.15625
3 0.78671875 0.8953125 0.340625 0.2046875
4 0.14765625 0.87109375 0.175 0.1671875
4 0.8828125 0.6390625 0.234375 0.1359375
3 0.39296875 0.07734375 0.29375 0.1546875
3 0.334375 0.890625 0.328125 0.20625
2 0.1078125 0.73515625 0.20625 0.146875
3 0.596875 0.9203125 0.171875 0.15
1 0.7875 0.1171875 0.425 0.234375
3 0.86640625 0.34765625 0.2671875 0.1640625
1 0.66015625 0.07890625 0.5234375 0.1578125