0 0.528125 0.4140625 0.23203125 0.32734375
2 0.43828125 0.10546875 0.09765625 0.20625
0 0.4984375 0.62734375 0.27890625 0.25703125
1 0.56640625 0.128125 0.175 0.18046875
4 0.615625 0.25625 0.121875 0.29453125
3 0.26796875 0.53984375 0.15546875 0.56171875
3 0.8953125 0.78671875 0.20390625 0.34140625
4 0.87109375 0.14765625 0.16640625 0.17578125
4 0.6390625 0.8828125 0.1359375 0.23359375
3 0.07734375 0.39296875 0.1546875 0.29296875
3 0.890625 0.334375 0.20546875 0.32890625
2 0.73515625 0.1078125 0.14609375 0.20625
3 0.9203125 0.596875 0.14921875 0.171875
1 0.1171875 0.7875 0.234375 0.42421875
3 0.34765625 0.86640625 0.1640625 0.2671875
1 0.07890625 0.66015625 0.1578125 0.5234375