0 0.471875 0.41484375 0.23125 0.328125
2 0.56171875 0.10546875 0.0984375 0.20625
0 0.5015625 0.628125 0.2796875 0.2578125
3 0.72890625 0.53203125 0.153125 0.5671875
4 0.38515625 0.2578125 0.121875 0.2953125
1 0.43359375 0.128125 0.1765625 0.18125
3 0.10234375 0.78828125 0.2 0.34375
4 0.1296875 0.14765625 0.165625 0.175
4 0.36015625 0.8828125 0.1375 0.234375
3 0.92265625 0.3953125 0.153125 0.290625
3 0.11015625 0.33515625 0.203125 0.328125
1 0.88125 0.7875 0.2375 0.425
2 0.2640625 0.11015625 0.1453125 0.209375
3 0.64140625 0.86640625 0.1640625 0.2671875
3 0.0796875 0.5984375 0.1515625 0.1734375
1 0.92109375 0.66875 0.1578125 0.5359375