0 0.528125 0.41484375 0.23203125 0.3296875
1 0.56640625 0.128125 0.175 0.18203125
2 0.43828125 0.10546875 0.09765625 0.20546875
0 0.4984375 0.628125 0.28046875 0.25703125
4 0.615625 0.259375 0.1203125 0.28984375
3 0.27265625 0.528125 0.15234375 0.56171875
3 0.89609375 0.78828125 0.203125 0.3453125
4 0.86875 0.14765625 0.16796875 0.17578125
4 0.6390625 0.8828125 0.13671875 0.234375
3 0.88984375 0.33359375 0.203125 0.32578125
3 0.07734375 0.3984375 0.1546875 0.2953125
3 0.921875 0.5984375 0.146875 0.178125
1 0.11875 0.7875 0.2375 0.425
3 0.3578125 0.86953125 0.16015625 0.2609375
2 0.73203125 0.10703125 0.1390625 0.20546875
1 0.0796875 0.66328125 0.15859375 0.52265625