0 0.58515625 0.471875 0.3296875 0.23125
1 0.871875 0.43359375 0.18125 0.175
2 0.89453125 0.56171875 0.20625 0.096875
0 0.371875 0.5015625 0.25625 0.28125
4 0.740625 0.384375 0.290625 0.1203125
3 0.471875 0.72734375 0.5625 0.153125
3 0.21171875 0.10390625 0.3453125 0.203125
4 0.85234375 0.13125 0.175 0.16875
4 0.1171875 0.3609375 0.234375 0.1375
3 0.66640625 0.11015625 0.325 0.203125
3 0.6015625 0.92265625 0.2953125 0.1546875
3 0.4015625 0.078125 0.178125 0.146875
1 0.2125 0.88125 0.425 0.2375
3 0.13046875 0.6421875 0.2609375 0.1609375
2 0.89296875 0.26796875 0.20625 0.1390625
1 0.33671875 0.9203125 0.521875 0.159375