0 0.528125 0.41484375 0.23125 0.328125
3 0.2734375 0.51875 0.15 0.553125
0 0.4984375 0.628125 0.28125 0.25625
2 0.43828125 0.1046875 0.0984375 0.2046875
4 0.61640625 0.2578125 0.1203125 0.29375
1 0.56796875 0.12734375 0.178125 0.18125
3 0.896875 0.78671875 0.203125 0.340625
4 0.8703125 0.14609375 0.165625 0.178125
4 0.6390625 0.8828125 0.1359375 0.234375
3 0.88828125 0.33203125 0.2 0.321875
3 0.07578125 0.396875 0.1515625 0.284375
3 0.3515625 0.86796875 0.153125 0.2640625
1 0.1171875 0.7875 0.234375 0.425
3 0.921875 0.5984375 0.146875 0.1796875
1 0.0796875 0.65625 0.159375 0.515625
2 0.73515625 0.109375 0.14375 0.2015625