0 0.528125 0.4140625 0.23125 0.328125
2 0.43828125 0.10546875 0.0984375 0.20625
1 0.5671875 0.128125 0.178125 0.18125
3 0.27421875 0.5109375 0.1421875 0.540625
0 0.49765625 0.62890625 0.28125 0.253125
3 0.89609375 0.7890625 0.203125 0.3484375
4 0.61484375 0.2578125 0.1234375 0.29375
4 0.6390625 0.88203125 0.1359375 0.2359375
4 0.87109375 0.14453125 0.1625 0.1796875
3 0.884375 0.33046875 0.1984375 0.315625
3 0.0734375 0.39765625 0.146875 0.290625
1 0.13046875 0.7875 0.2484375 0.425
3 0.921875 0.60078125 0.146875 0.1828125
3 0.340625 0.8703125 0.140625 0.259375
4 0.734375 0.115625 0.14375 0.184375
1 0.08046875 0.671875 0.1609375 0.540625