0 0.5875 0.471875 0.325 0.23125
3 0.4953125 0.72578125 0.528125 0.1421875
1 0.871875 0.43203125 0.18125 0.178125
2 0.89453125 0.56171875 0.20625 0.0984375
0 0.3703125 0.5015625 0.253125 0.284375
3 0.2109375 0.1046875 0.35 0.203125
4 0.740625 0.38359375 0.290625 0.1203125
4 0.11796875 0.36015625 0.2359375 0.134375
4 0.85546875 0.128125 0.178125 0.1625
3 0.13203125 0.6546875 0.2640625 0.14375
3 0.6703125 0.1171875 0.31875 0.196875
3 0.60078125 0.9265625 0.290625 0.146875
3 0.4 0.07890625 0.18125 0.146875
1 0.21328125 0.86875 0.4265625 0.25
4 0.88359375 0.26484375 0.1828125 0.140625
1 0.3328125 0.9203125 0.5359375 0.159375