2 0.43828125 0.10546875 0.09765625 0.20625
0 0.528125 0.41328125 0.23125 0.325
1 0.56796875 0.128125 0.17890625 0.18203125
3 0.27578125 0.4984375 0.1421875 0.51640625
0 0.4984375 0.6296875 0.2828125 0.253125
4 0.615625 0.2609375 0.1203125 0.2875
3 0.896875 0.7890625 0.2015625 0.35
3 0.34921875 0.86484375 0.1453125 0.2703125
4 0.63984375 0.8828125 0.1359375 0.234375
4 0.8703125 0.14375 0.16328125 0.17890625
3 0.91953125 0.59140625 0.14921875 0.153125
3 0.88359375 0.3296875 0.1984375 0.3171875
3 0.07265625 0.39609375 0.1453125 0.2859375
4 0.734375 0.11796875 0.14375 0.1796875
1 0.13203125 0.7859375 0.2515625 0.428125
1 0.0796875 0.66015625 0.15859375 0.51796875