2 0.10546875 0.43828125 0.20625 0.096875
3 0.79765625 0.8984375 0.3828125 0.196875
0 0.4078125 0.528125 0.315625 0.23125
1 0.128125 0.5671875 0.1828125 0.1765625
3 0.4671875 0.26796875 0.478125 0.1625
0 0.63125 0.51328125 0.25 0.278125
4 0.2609375 0.61484375 0.2875 0.125
3 0.84296875 0.34765625 0.3140625 0.2
3 0.3375 0.884375 0.353125 0.18125
4 0.1484375 0.8734375 0.1796875 0.1671875
4 0.8828125 0.6390625 0.234375 0.1359375
3 0.39453125 0.0734375 0.296875 0.146875
3 0.57578125 0.91953125 0.1390625 0.1578125
4 0.11953125 0.734375 0.175 0.14375
1 0.78828125 0.128125 0.4234375 0.2421875
1 0.665625 0.07890625 0.5328125 0.1578125