3 0.10234375 0.79921875 0.2 0.378125
2 0.56171875 0.10546875 0.0984375 0.20625
1 0.43359375 0.128125 0.1765625 0.18125
0 0.47109375 0.4078125 0.23125 0.315625
0 0.48671875 0.6328125 0.2765625 0.25
4 0.38515625 0.2609375 0.1234375 0.2875
3 0.7328125 0.46875 0.1640625 0.48125
3 0.6671875 0.84375 0.2203125 0.3125
3 0.11484375 0.3375 0.184375 0.3515625
4 0.36171875 0.8828125 0.1359375 0.234375
4 0.12734375 0.14765625 0.1671875 0.18125
3 0.08046875 0.57421875 0.159375 0.1375
3 0.9265625 0.39375 0.146875 0.2953125
4 0.26484375 0.1203125 0.1453125 0.1765625
1 0.871875 0.77890625 0.24375 0.4296875
1 0.9203125 0.66875 0.159375 0.534375