2 0.89375 0.43828125 0.20625 0.096875
3 0.18828125 0.896875 0.35625 0.2015625
0 0.5921875 0.528125 0.3125 0.23125
1 0.87265625 0.56796875 0.1828125 0.1796875
4 0.73984375 0.615625 0.290625 0.121875
3 0.53359375 0.26171875 0.475 0.16875
0 0.36796875 0.51328125 0.2484375 0.278125
3 0.6671875 0.884375 0.34375 0.178125
3 0.15703125 0.32109375 0.3140625 0.253125
4 0.1171875 0.63984375 0.234375 0.1375
3 0.60859375 0.0734375 0.29375 0.146875
4 0.8640625 0.87109375 0.178125 0.165625
1 0.22265625 0.13125 0.434375 0.253125
4 0.87578125 0.73515625 0.16875 0.1421875