2 0.56171875 0.10546875 0.096875 0.20625
3 0.7609375 0.48515625 0.2125 0.5125
0 0.471875 0.40703125 0.2296875 0.3125
3 0.10390625 0.85625 0.203125 0.2875
4 0.38359375 0.25703125 0.11875 0.29375
0 0.48671875 0.63125 0.278125 0.2484375
1 0.43125 0.1234375 0.18125 0.1859375
3 0.9265625 0.3921875 0.146875 0.3
4 0.36171875 0.8828125 0.1359375 0.234375
3 0.11796875 0.3265625 0.178125 0.33125
3 0.684375 0.8921875 0.28125 0.215625
4 0.128125 0.14921875 0.16875 0.1796875
3 0.071875 0.50859375 0.14375 0.11875
4 0.26640625 0.12578125 0.146875 0.16875
3 0.0828125 0.59609375 0.15625 0.171875
1 0.86953125 0.78515625 0.25 0.428125
3 0.1171875 0.95390625 0.15625 0.090625