2 0.89453125 0.56171875 0.20625 0.096875
0 0.5921875 0.47109375 0.315625 0.2296875
4 0.74296875 0.384375 0.29375 0.121875
0 0.36875 0.4875 0.25 0.278125
1 0.8734375 0.43046875 0.184375 0.18125
3 0.5125 0.765625 0.5171875 0.2140625
3 0.60625 0.9265625 0.3015625 0.146875
3 0.1296875 0.1046875 0.259375 0.203125
4 0.11640625 0.3609375 0.2328125 0.1359375
3 0.675 0.1171875 0.33125 0.175
3 0.4890625 0.07734375 0.125 0.1546875
4 0.85234375 0.1265625 0.178125 0.165625
3 0.39296875 0.084375 0.1796875 0.165625
4 0.8703125 0.265625 0.165625 0.14375
3 0.1015625 0.665625 0.2 0.25625
3 0.046875 0.10546875 0.09375 0.1859375