2 0.89453125 0.43828125 0.20625 0.096875
0 0.59296875 0.528125 0.3125 0.228125
4 0.74375 0.61640625 0.2953125 0.1203125
0 0.36796875 0.51328125 0.25 0.278125
1 0.87421875 0.5703125 0.184375 0.1828125
3 0.53046875 0.2296875 0.4828125 0.2078125
3 0.1265625 0.8953125 0.253125 0.2046875
3 0.6046875 0.0734375 0.303125 0.146875
3 0.6734375 0.884375 0.33125 0.1796875
4 0.1171875 0.63984375 0.234375 0.1375
3 0.38828125 0.915625 0.1875 0.165625
4 0.85234375 0.8734375 0.1796875 0.165625
4 0.8703125 0.734375 0.165625 0.1453125
3 0.1 0.34375 0.196875 0.24375
3 0.48984375 0.92265625 0.1234375 0.1546875
3 0.04453125 0.8828125 0.0875 0.159375
4 0.2140625 0.11875 0.409375 0.2375