2 0.43828125 0.10625 0.096875 0.20625
0 0.52890625 0.4078125 0.2296875 0.315625
4 0.61640625 0.25625 0.11875 0.296875
0 0.51328125 0.63203125 0.278125 0.25
3 0.2234375 0.48828125 0.2171875 0.5
1 0.5703125 0.12578125 0.184375 0.1875
3 0.89453125 0.87578125 0.20625 0.246875
4 0.8734375 0.15 0.1640625 0.178125
3 0.88515625 0.32265625 0.178125 0.3265625
3 0.0734375 0.3921875 0.146875 0.30625
4 0.73671875 0.128125 0.140625 0.159375
4 0.63984375 0.8828125 0.1375 0.234375
3 0.91484375 0.61171875 0.165625 0.184375
3 0.91953125 0.50859375 0.1609375 0.121875
3 0.3296875 0.9046875 0.25625 0.1875
1 0.12734375 0.7953125 0.2421875 0.409375
3 0.8953125 0.95546875 0.1859375 0.0890625