2 0.56171875 0.89375 0.096875 0.2078125
0 0.471875 0.59375 0.2296875 0.3125
4 0.38359375 0.74375 0.1203125 0.296875
0 0.50078125 0.36953125 0.2828125 0.25
1 0.43125 0.87421875 0.18125 0.1859375
3 0.7875 0.52109375 0.23125 0.5
3 0.10625 0.12578125 0.20625 0.2515625
4 0.1296875 0.85078125 0.16875 0.178125
3 0.1140625 0.67734375 0.1828125 0.3265625
3 0.9265625 0.60703125 0.146875 0.309375
4 0.3609375 0.11796875 0.1375 0.2359375
3 0.0859375 0.3875 0.16875 0.1828125
4 0.26328125 0.8734375 0.1375 0.1625
3 0.0828125 0.4921875 0.165625 0.1203125