0 0.52890625 0.59140625 0.23125 0.315625
2 0.43828125 0.89375 0.096875 0.2078125
4 0.61640625 0.7453125 0.1203125 0.296875
0 0.49921875 0.36875 0.2828125 0.253125
3 0.20859375 0.51640625 0.240625 0.50625
1 0.56875 0.875 0.18125 0.1890625
3 0.0734375 0.60703125 0.146875 0.3015625
3 0.88984375 0.6796875 0.190625 0.31875
4 0.87109375 0.85078125 0.16875 0.178125
4 0.6390625 0.1171875 0.1375 0.234375
3 0.89296875 0.1359375 0.2046875 0.271875
3 0.915625 0.49453125 0.16875 0.1296875
3 0.91484375 0.38515625 0.16875 0.18125
4 0.73359375 0.87265625 0.14375 0.165625
4 0.12265625 0.21015625 0.2453125 0.4203125