2 0.10625 0.56171875 0.20625 0.096875
0 0.40625 0.471875 0.3140625 0.228125
4 0.25703125 0.38203125 0.296875 0.1171875
0 0.63203125 0.48671875 0.2515625 0.278125
3 0.48515625 0.790625 0.5046875 0.2375
1 0.12421875 0.43046875 0.1890625 0.18125
3 0.8640625 0.10078125 0.271875 0.196875
4 0.15078125 0.1265625 0.175 0.1640625
3 0.31796875 0.10859375 0.315625 0.19375
3 0.39453125 0.9265625 0.3109375 0.146875
4 0.12890625 0.26171875 0.159375 0.14375
4 0.88203125 0.3609375 0.2359375 0.1375
3 0.49921875 0.08671875 0.13125 0.171875
3 0.6203125 0.0875 0.1921875 0.171875
4 0.7875 0.87890625 0.425 0.2421875