2 0.43828125 0.10625 0.096875 0.20625
0 0.528125 0.40703125 0.228125 0.315625
3 0.21171875 0.503125 0.2375 0.51875
4 0.61875 0.25703125 0.1171875 0.29375
0 0.51328125 0.63203125 0.278125 0.253125
1 0.57109375 0.12109375 0.1859375 0.1953125
3 0.909375 0.62109375 0.1734375 0.2015625
3 0.8984375 0.8515625 0.1984375 0.296875
3 0.0734375 0.39296875 0.146875 0.3109375
3 0.88984375 0.315625 0.190625 0.309375
4 0.73671875 0.12890625 0.1453125 0.159375
4 0.87109375 0.15 0.1703125 0.178125
4 0.6390625 0.88203125 0.1375 0.2359375
3 0.91015625 0.50078125 0.1765625 0.13125
4 0.115625 0.78671875 0.23125 0.409375
3 0.8796875 0.946875 0.14375 0.10625