2 0.56171875 0.89296875 0.096875 0.209375
0 0.471875 0.59296875 0.2296875 0.315625
3 0.78671875 0.4953125 0.234375 0.51875
3 0.09765625 0.146875 0.1890625 0.29375
4 0.3828125 0.74453125 0.1171875 0.296875
0 0.50078125 0.36875 0.2828125 0.25
1 0.4296875 0.878125 0.184375 0.196875
3 0.08828125 0.38125 0.175 0.196875
3 0.10625 0.68515625 0.196875 0.3109375
4 0.128125 0.85 0.16875 0.178125
4 0.26640625 0.8703125 0.146875 0.15625
3 0.9265625 0.60859375 0.146875 0.3125
4 0.3609375 0.11796875 0.1359375 0.234375
4 0.8875 0.20625 0.225 0.4125
3 0.0890625 0.5 0.175 0.134375
3 0.05703125 0.29765625 0.1140625 0.2046875