2 0.43828125 0.89375 0.096875 0.2078125
0 0.528125 0.59296875 0.2296875 0.315625
3 0.2140625 0.4953125 0.2328125 0.51875
4 0.61953125 0.7453125 0.115625 0.3
3 0.90859375 0.14375 0.1765625 0.2875
0 0.49921875 0.36875 0.284375 0.253125
1 0.57109375 0.87578125 0.1875 0.196875
3 0.9046875 0.37265625 0.184375 0.225
4 0.87109375 0.8515625 0.16875 0.178125
3 0.0734375 0.6078125 0.146875 0.309375
4 0.73515625 0.86953125 0.1375 0.15
4 0.6390625 0.11796875 0.1375 0.2359375
3 0.8921875 0.68515625 0.196875 0.3078125
4 0.11484375 0.20859375 0.2296875 0.4171875
3 0.91171875 0.49609375 0.175 0.1375
3 0.9359375 0.29765625 0.11875 0.2