2 0.43828125 0.10625 0.096875 0.20859375
0 0.528125 0.4078125 0.2296875 0.315625
3 0.2140625 0.5046875 0.2328125 0.5203125
4 0.61953125 0.2546875 0.1140625 0.29921875
3 0.9078125 0.859375 0.17734375 0.28046875
1 0.57109375 0.121875 0.18515625 0.19765625
0 0.51328125 0.63203125 0.278125 0.2515625
3 0.90390625 0.62890625 0.184375 0.22421875
3 0.0734375 0.39140625 0.146875 0.30859375
4 0.73671875 0.13125 0.15 0.15625
4 0.875 0.1515625 0.1625 0.1734375
3 0.89296875 0.315625 0.1953125 0.309375
4 0.6390625 0.8828125 0.13671875 0.23359375
3 0.9109375 0.49609375 0.17265625 0.140625
3 0.93828125 0.71796875 0.1234375 0.2015625
4 0.11875 0.7921875 0.23671875 0.41484375