2 0.10625 0.43828125 0.20625 0.096875
0 0.4078125 0.52890625 0.315625 0.228125
3 0.5046875 0.2140625 0.51875 0.234375
4 0.2546875 0.61953125 0.3 0.1140625
3 0.85859375 0.9078125 0.2828125 0.1796875
0 0.63203125 0.51328125 0.253125 0.278125
1 0.121875 0.57109375 0.196875 0.1859375
3 0.49375 0.9125 0.1375 0.16875
3 0.3921875 0.0734375 0.3125 0.146875
4 0.13125 0.7359375 0.153125 0.146875
3 0.6296875 0.903125 0.225 0.1859375
4 0.7953125 0.11875 0.409375 0.2375
4 0.8828125 0.6390625 0.234375 0.1375
4 0.1515625 0.8734375 0.1765625 0.165625
3 0.3140625 0.8921875 0.3078125 0.196875
3 0.71484375 0.93828125 0.203125 0.1234375