2 0.43828125 0.10234375 0.1 0.2046875
1 0.57109375 0.12421875 0.18125 0.209375
4 0.61015625 0.25078125 0.125 0.303125
3 0.89453125 0.3046875 0.20625 0.3078125
3 0.2140625 0.4953125 0.234375 0.509375
3 0.909375 0.8390625 0.18125 0.240625
3 0.90625 0.63828125 0.1875 0.2453125
3 0.93515625 0.70078125 0.1296875 0.190625
3 0.90390625 0.4890625 0.1921875 0.1328125
3 0.965625 0.20859375 0.06875 0.2578125
4 0.7375 0.13203125 0.15 0.153125
4 0.86640625 0.146875 0.171875 0.178125
0 0.50078125 0.63359375 0.278125 0.26875
0 0.5359375 0.40390625 0.228125 0.3234375
3 0.075 0.384375 0.15 0.328125
4 0.121875 0.79140625 0.24375 0.415625
4 0.64140625 0.88203125 0.1375 0.2359375