2 0.10625 0.56171875 0.2078125 0.096875
0 0.4078125 0.471875 0.315625 0.2296875
3 0.50625 0.7921875 0.5203125 0.246875
3 0.8625 0.09296875 0.275 0.18125
4 0.25625 0.3796875 0.296875 0.1125
0 0.63125 0.50234375 0.253125 0.284375
1 0.1234375 0.42890625 0.196875 0.184375
3 0.6390625 0.0953125 0.23125 0.184375
4 0.15234375 0.12578125 0.178125 0.165625
3 0.72421875 0.06953125 0.196875 0.1390625
4 0.13203125 0.265625 0.1546875 0.14375
4 0.8828125 0.3609375 0.234375 0.1359375
3 0.39296875 0.9265625 0.3140625 0.146875
3 0.48515625 0.08984375 0.128125 0.165625
3 0.3171875 0.10703125 0.303125 0.2
4 0.78671875 0.884375 0.409375 0.23125
3 0.96875 0.09921875 0.0625 0.19375