2 0.43828125 0.89296875 0.096875 0.209375
0 0.52890625 0.59140625 0.23125 0.31875
3 0.2078125 0.49375 0.24375 0.5203125
4 0.62109375 0.74453125 0.1125 0.296875
3 0.9078125 0.1328125 0.178125 0.265625
0 0.5125 0.3671875 0.278125 0.253125
1 0.57109375 0.8765625 0.184375 0.196875
4 0.87421875 0.84765625 0.165625 0.1765625
3 0.90390625 0.37421875 0.184375 0.2125
3 0.0734375 0.61171875 0.146875 0.309375
4 0.6390625 0.11796875 0.1375 0.2359375
3 0.92578125 0.26484375 0.1484375 0.21875
4 0.7359375 0.86875 0.1453125 0.15625
3 0.91015625 0.51484375 0.1625 0.128125
3 0.890625 0.678125 0.203125 0.296875
4 0.11640625 0.21640625 0.2328125 0.4140625
3 0.89921875 0.02734375 0.1953125 0.0546875