2 0.43828125 0.10625 0.096875 0.2078125
0 0.52890625 0.40859375 0.23046875 0.31796875
3 0.20703125 0.50390625 0.24453125 0.5171875
4 0.62109375 0.25546875 0.11015625 0.29765625
3 0.9078125 0.8671875 0.178125 0.265625
0 0.4984375 0.63125 0.28203125 0.2515625
1 0.5703125 0.12265625 0.1828125 0.196875
4 0.87421875 0.1515625 0.16484375 0.17734375
3 0.92421875 0.72734375 0.1515625 0.1984375
3 0.90234375 0.634375 0.1859375 0.2203125
3 0.0734375 0.38984375 0.146875 0.3078125
4 0.6390625 0.8828125 0.13671875 0.234375
4 0.734375 0.1328125 0.14609375 0.15703125
3 0.909375 0.48515625 0.16171875 0.12890625
3 0.8921875 0.32265625 0.203125 0.2953125
4 0.11796875 0.80234375 0.2359375 0.3953125