2 0.43828125 0.89375 0.096875 0.20625
0 0.52890625 0.58984375 0.23125 0.3203125
3 0.2078125 0.49375 0.24375 0.521875
4 0.62109375 0.74375 0.1125 0.296875
0 0.51171875 0.3671875 0.275 0.253125
1 0.57109375 0.8765625 0.184375 0.196875
3 0.90859375 0.1296875 0.1765625 0.259375
4 0.875 0.8484375 0.1625 0.175
3 0.91953125 0.2671875 0.1609375 0.21875
3 0.0734375 0.609375 0.146875 0.303125
4 0.6390625 0.1171875 0.1375 0.234375
4 0.7359375 0.86796875 0.1453125 0.1578125
3 0.90703125 0.37109375 0.178125 0.209375
3 0.90859375 0.5171875 0.1609375 0.1265625
3 0.89140625 0.6734375 0.2046875 0.29375
4 0.11875 0.2046875 0.2375 0.3921875