2 0.89375 0.56171875 0.2078125 0.096875
0 0.58984375 0.47109375 0.31875 0.23125
3 0.49296875 0.78984375 0.5203125 0.2375
0 0.3671875 0.4875 0.2515625 0.275
4 0.74296875 0.3796875 0.296875 0.1125
1 0.8765625 0.4296875 0.196875 0.1828125
3 0.1265625 0.09375 0.253125 0.18125
4 0.85078125 0.12421875 0.16875 0.1625
3 0.27265625 0.09375 0.203125 0.1796875
4 0.1171875 0.3609375 0.234375 0.1375
3 0.51484375 0.08828125 0.128125 0.165625
4 0.8671875 0.26171875 0.15625 0.1484375
3 0.61015625 0.92578125 0.3046875 0.1484375
3 0.3984375 0.078125 0.1625 0.1453125
3 0.66875 0.1015625 0.296875 0.2015625