2 0.43828125 0.10625 0.096875 0.20859375
0 0.52890625 0.41015625 0.23046875 0.3203125
3 0.20859375 0.51015625 0.2390625 0.52734375
4 0.6203125 0.25703125 0.11328125 0.296875
0 0.5125 0.6328125 0.2765625 0.253125
1 0.5703125 0.1234375 0.18359375 0.19765625
4 0.875 0.14921875 0.16328125 0.17109375
3 0.90625 0.8734375 0.18125 0.253125
3 0.9046875 0.73828125 0.18203125 0.20078125
3 0.075 0.390625 0.15 0.3046875
4 0.6390625 0.8828125 0.13671875 0.234375
4 0.73828125 0.13359375 0.14765625 0.15703125
3 0.91171875 0.4859375 0.1640625 0.1296875
3 0.91875 0.60234375 0.15 0.1640625
3 0.89765625 0.32890625 0.20234375 0.290625
4 0.11796875 0.79609375 0.2359375 0.3921875