2 0.43828125 0.10625 0.09765625 0.20859375
0 0.528125 0.41015625 0.23046875 0.31953125
3 0.21484375 0.50390625 0.23046875 0.5234375
4 0.87421875 0.14765625 0.1625 0.17265625
4 0.62109375 0.25703125 0.109375 0.2953125
0 0.51328125 0.63203125 0.2765625 0.2515625
3 0.9234375 0.90546875 0.14453125 0.184375
3 0.89921875 0.76015625 0.19453125 0.171875
1 0.5703125 0.12265625 0.18359375 0.196875
3 0.07578125 0.39453125 0.1515625 0.30625
3 0.91171875 0.61796875 0.16640625 0.1921875
4 0.63984375 0.8828125 0.1375 0.234375
4 0.11640625 0.78359375 0.2328125 0.415625
3 0.909375 0.48515625 0.159375 0.12734375
4 0.7390625 0.134375 0.1515625 0.1578125
3 0.8984375 0.3453125 0.19609375 0.2578125