0 0.503125 0.63125 0.28046875 0.265625
0 0.53671875 0.41953125 0.234375 0.35546875
3 0.215625 0.49609375 0.23359375 0.51953125
3 0.934375 0.91171875 0.13046875 0.1765625
3 0.90234375 0.75859375 0.1953125 0.17265625
3 0.91328125 0.61875 0.1734375 0.190625
3 0.90078125 0.475 0.18984375 0.125
3 0.96875 0.21796875 0.0625 0.2734375
3 0.0765625 0.39296875 0.153125 0.3296875
4 0.11953125 0.7828125 0.2390625 0.434375
4 0.6421875 0.88046875 0.14609375 0.2390625
4 0.6140625 0.26484375 0.11796875 0.29140625
2 0.43828125 0.10234375 0.09453125 0.2046875
1 0.57109375 0.1203125 0.184375 0.19609375
4 0.73984375 0.14609375 0.16328125 0.184375
4 0.8671875 0.14453125 0.171875 0.16640625