2 0.89375 0.43828125 0.2078125 0.096875
0 0.5890625 0.52890625 0.3203125 0.23125
3 0.49765625 0.21640625 0.51875 0.228125
4 0.853125 0.875 0.171875 0.1625
4 0.74375 0.62109375 0.29375 0.1109375
0 0.3671875 0.5125 0.253125 0.278125
3 0.225 0.9 0.16875 0.19375
1 0.8765625 0.5703125 0.196875 0.184375
3 0.09375 0.93515625 0.18125 0.121875
3 0.37734375 0.90859375 0.2 0.171875
3 0.6078125 0.0765625 0.303125 0.153125
4 0.11796875 0.6390625 0.2359375 0.1375
3 0.515625 0.90859375 0.125 0.159375
4 0.215625 0.115625 0.4140625 0.23125
3 0.64921875 0.90546875 0.2578125 0.184375
4 0.8671875 0.7390625 0.15625 0.15625