2 0.10625 0.43828125 0.2078125 0.096875
0 0.4109375 0.528125 0.31875 0.23125
3 0.50234375 0.215625 0.5171875 0.2296875
4 0.1484375 0.87578125 0.16875 0.1609375
4 0.25703125 0.62265625 0.2953125 0.1078125
0 0.63125 0.4984375 0.253125 0.28125
3 0.77421875 0.9015625 0.175 0.1921875
1 0.12265625 0.571875 0.196875 0.1875
3 0.90859375 0.93828125 0.1765625 0.115625
3 0.62421875 0.90625 0.2046875 0.178125
3 0.39296875 0.07734375 0.303125 0.1546875
4 0.8828125 0.63984375 0.234375 0.1375
4 0.7828125 0.11640625 0.415625 0.2328125
3 0.4859375 0.90859375 0.1265625 0.1578125
4 0.13203125 0.7390625 0.15625 0.153125
3 0.3546875 0.90703125 0.2625 0.18125