2 0.43828125 0.10625 0.096875 0.2078125
0 0.52890625 0.4125 0.23125 0.325
4 0.875 0.14609375 0.1609375 0.171875
3 0.21171875 0.50234375 0.2375 0.5125
0 0.49765625 0.63046875 0.28125 0.2515625
4 0.62109375 0.25859375 0.1109375 0.2921875
1 0.5703125 0.12265625 0.184375 0.196875
3 0.90625 0.6328125 0.171875 0.2125
3 0.9390625 0.9125 0.1125 0.16875
3 0.89921875 0.7796875 0.190625 0.190625
4 0.63828125 0.88203125 0.1359375 0.2359375
3 0.90859375 0.4875 0.15625 0.1265625
3 0.0765625 0.3953125 0.153125 0.30625
4 0.11796875 0.78125 0.2359375 0.4203125
3 0.909375 0.36640625 0.171875 0.271875
4 0.7390625 0.1359375 0.15625 0.1578125