2 0.43828125 0.10625 0.096875 0.2078125
4 0.87578125 0.1484375 0.1609375 0.16953125
0 0.52890625 0.41328125 0.23046875 0.32578125
3 0.20859375 0.49921875 0.24140625 0.509375
4 0.621875 0.25703125 0.109375 0.29453125
0 0.49765625 0.63125 0.28203125 0.253125
1 0.57109375 0.12265625 0.18515625 0.1984375
3 0.9015625 0.78671875 0.1890625 0.203125
3 0.90546875 0.63125 0.17578125 0.21015625
4 0.6390625 0.88203125 0.13671875 0.2359375
3 0.0765625 0.3921875 0.153125 0.2984375
3 0.9078125 0.4921875 0.1546875 0.12890625
3 0.9390625 0.91640625 0.11328125 0.1609375
4 0.73828125 0.1328125 0.15234375 0.15703125
3 0.91328125 0.3828125 0.1640625 0.29609375
4 0.11875 0.78046875 0.2375 0.42265625