2 0.5609375 0.89375 0.096875 0.20625
0 0.47109375 0.5890625 0.2296875 0.3203125
3 0.79296875 0.49921875 0.25 0.509375
4 0.12421875 0.85078125 0.1609375 0.16875
0 0.503125 0.3703125 0.2828125 0.253125
4 0.37890625 0.74140625 0.1125 0.29375
1 0.4296875 0.878125 0.184375 0.196875
3 0.09609375 0.3609375 0.1828125 0.228125
4 0.3609375 0.11796875 0.1375 0.2359375
3 0.921875 0.60703125 0.15625 0.3015625
3 0.09453125 0.196875 0.1765625 0.2421875
3 0.0921875 0.50390625 0.153125 0.1296875
4 0.88203125 0.22265625 0.2359375 0.4296875
4 0.2578125 0.8640625 0.159375 0.159375
3 0.07265625 0.5734375 0.1453125 0.3453125