2 0.43828125 0.10625 0.096875 0.2078125
4 0.87734375 0.14921875 0.15859375 0.16640625
0 0.52890625 0.4109375 0.23046875 0.3203125
3 0.2125 0.5046875 0.234375 0.515625
4 0.6234375 0.259375 0.10546875 0.2953125
0 0.496875 0.63046875 0.284375 0.25546875
1 0.57109375 0.12265625 0.184375 0.19765625
3 0.90078125 0.65 0.190625 0.24765625
3 0.90703125 0.49375 0.15078125 0.1328125
3 0.0796875 0.3953125 0.159375 0.30234375
3 0.91328125 0.82109375 0.1609375 0.22421875
4 0.1171875 0.78125 0.234375 0.4203125
4 0.6390625 0.88203125 0.13671875 0.23515625
4 0.74296875 0.1359375 0.1609375 0.15546875
3 0.94140625 0.4171875 0.1171875 0.24375