2 0.43828125 0.10625 0.09609375 0.2078125
0 0.52890625 0.4109375 0.2296875 0.3203125
4 0.87734375 0.14921875 0.15703125 0.16796875
3 0.209375 0.5046875 0.24140625 0.51640625
0 0.49609375 0.62890625 0.284375 0.253125
4 0.6234375 0.25859375 0.10625 0.2953125
3 0.896875 0.6546875 0.2 0.25703125
1 0.5703125 0.12265625 0.18359375 0.196875
3 0.90703125 0.49375 0.1515625 0.1328125
4 0.6390625 0.88203125 0.1375 0.2359375
3 0.9140625 0.840625 0.1609375 0.26171875
3 0.08203125 0.39453125 0.1640625 0.30078125
4 0.74140625 0.13515625 0.1625 0.1578125
4 0.11640625 0.78125 0.2328125 0.421875
4 0.95625 0.2171875 0.078125 0.3203125
3 0.9421875 0.41796875 0.115625 0.23359375
1 0.078125 0.659375 0.15625 0.528125