2 0.43828125 0.10625 0.096875 0.2078125
4 0.87734375 0.14921875 0.15859375 0.16796875
0 0.52890625 0.41015625 0.2296875 0.31875
3 0.20859375 0.5046875 0.24375 0.5171875
4 0.62265625 0.2578125 0.1078125 0.29609375
0 0.496875 0.6296875 0.284375 0.25390625
1 0.5703125 0.12265625 0.18359375 0.19921875
3 0.89921875 0.65 0.19375 0.246875
3 0.90703125 0.840625 0.17578125 0.25234375
3 0.90703125 0.49453125 0.15234375 0.13359375
4 0.6390625 0.88203125 0.13671875 0.2359375
3 0.07890625 0.3890625 0.1578125 0.29609375
4 0.74296875 0.13515625 0.16328125 0.15703125
4 0.11640625 0.78828125 0.2328125 0.40625
4 0.95703125 0.215625 0.0765625 0.31953125
3 0.94296875 0.4203125 0.1140625 0.22890625