2 0.89375 0.56171875 0.2078125 0.096875
4 0.85078125 0.12265625 0.16875 0.159375
0 0.58984375 0.47109375 0.31875 0.2296875
3 0.4953125 0.79140625 0.5171875 0.24375
4 0.7421875 0.37734375 0.296875 0.1078125
0 0.3703125 0.503125 0.253125 0.284375
1 0.87734375 0.4296875 0.2 0.184375
3 0.35 0.10078125 0.246875 0.19375
3 0.159375 0.09296875 0.253125 0.175
3 0.50546875 0.09296875 0.134375 0.153125
4 0.11796875 0.3609375 0.2359375 0.1375
3 0.6109375 0.92109375 0.296875 0.1578125
4 0.86484375 0.25703125 0.15625 0.1625
4 0.21171875 0.88359375 0.40625 0.2328125
4 0.784375 0.04296875 0.31875 0.0765625
3 0.5796875 0.05703125 0.228125 0.1140625