2 0.89375 0.56171875 0.20625 0.096875
4 0.85 0.121875 0.16875 0.1578125
0 0.59375 0.471875 0.309375 0.2296875
4 0.7421875 0.37578125 0.29375 0.10625
0 0.37109375 0.5015625 0.25625 0.2890625
3 0.34375 0.10234375 0.25625 0.1984375
1 0.8765625 0.42890625 0.196875 0.184375
3 0.50625 0.76015625 0.509375 0.175
3 0.18046875 0.0875 0.2421875 0.165625
3 0.62421875 0.90078125 0.325 0.1984375
4 0.11796875 0.3609375 0.234375 0.1359375
3 0.50546875 0.09296875 0.134375 0.15
4 0.79609375 0.0453125 0.2875 0.08125
4 0.86328125 0.25625 0.15625 0.1640625
4 0.21171875 0.89140625 0.4234375 0.2171875