2 0.43828125 0.10625 0.09609375 0.20703125
4 0.878125 0.15 0.1578125 0.1671875
0 0.528125 0.40703125 0.23125 0.3125
0 0.49765625 0.6296875 0.2890625 0.2578125
4 0.62421875 0.2578125 0.10546875 0.29453125
1 0.5703125 0.12265625 0.1828125 0.19765625
3 0.89609375 0.6578125 0.20078125 0.2578125
3 0.2453125 0.475 0.16640625 0.4984375
3 0.09921875 0.37265625 0.1984375 0.3234375
3 0.90625 0.82109375 0.1796875 0.24453125
4 0.63828125 0.8828125 0.1359375 0.234375
3 0.90703125 0.49453125 0.1515625 0.13359375
4 0.95546875 0.203125 0.08046875 0.2890625
4 0.7453125 0.1359375 0.16484375 0.1578125
4 0.0984375 0.78671875 0.196875 0.4265625