2 0.43828125 0.10625 0.096875 0.2078125
0 0.528125 0.40625 0.23046875 0.3109375
4 0.878125 0.14921875 0.15703125 0.16796875
4 0.62421875 0.2578125 0.103125 0.2953125
0 0.49921875 0.6296875 0.2890625 0.25859375
3 0.896875 0.65859375 0.19921875 0.26015625
3 0.26015625 0.49453125 0.14296875 0.5234375
1 0.5703125 0.1234375 0.18359375 0.19765625
3 0.0953125 0.37578125 0.190625 0.31484375
3 0.90859375 0.84765625 0.1734375 0.2625
4 0.6390625 0.88203125 0.13671875 0.2359375
3 0.90703125 0.49375 0.1515625 0.13359375
4 0.9546875 0.203125 0.08203125 0.2875
4 0.74453125 0.13671875 0.1640625 0.15703125
1 0.10546875 0.78671875 0.2109375 0.4265625