2 0.43828125 0.10625 0.09609375 0.20703125
0 0.528125 0.40703125 0.23046875 0.31171875
4 0.87734375 0.15078125 0.16015625 0.16953125
4 0.6234375 0.25703125 0.10546875 0.2953125
3 0.2609375 0.52109375 0.140625 0.575
0 0.4984375 0.62890625 0.2890625 0.2578125
3 0.89765625 0.65625 0.1984375 0.2578125
1 0.57109375 0.121875 0.18515625 0.19765625
3 0.1 0.375 0.19921875 0.31875
3 0.9078125 0.8484375 0.17578125 0.2640625
4 0.6390625 0.8828125 0.13671875 0.234375
3 0.90703125 0.49375 0.15 0.134375
4 0.9546875 0.2046875 0.0828125 0.2859375
4 0.74296875 0.13671875 0.1625 0.15625