2 0.89375 0.56171875 0.2078125 0.096875
0 0.59453125 0.47265625 0.309375 0.2296875
4 0.85 0.12265625 0.1671875 0.1578125
3 0.3421875 0.1046875 0.2625 0.203125
0 0.37265625 0.5015625 0.259375 0.290625
4 0.74140625 0.37578125 0.29375 0.1046875
3 0.465625 0.7375 0.59375 0.1375
1 0.878125 0.42890625 0.1984375 0.184375
3 0.62421875 0.91484375 0.3109375 0.1703125
4 0.11796875 0.3609375 0.234375 0.1375
3 0.14921875 0.0890625 0.271875 0.16875
3 0.50625 0.09375 0.134375 0.1484375
4 0.8015625 0.0453125 0.296875 0.08125
4 0.8640625 0.25625 0.1578125 0.1625
4 0.2125 0.8875 0.425 0.225