2 0.10625 0.5609375 0.2078125 0.096875
0 0.4046875 0.47265625 0.30625 0.23125
4 0.15 0.1234375 0.16875 0.159375
3 0.659375 0.1046875 0.265625 0.2015625
3 0.54609375 0.74140625 0.571875 0.140625
0 0.62265625 0.503125 0.26875 0.290625
4 0.25859375 0.37578125 0.2921875 0.103125
1 0.12265625 0.4296875 0.1984375 0.18125
3 0.853125 0.0875 0.278125 0.165625
3 0.3765625 0.91953125 0.309375 0.1609375
4 0.88203125 0.3609375 0.2359375 0.1375
3 0.4953125 0.09375 0.1390625 0.15
4 0.2 0.0453125 0.2953125 0.08125
4 0.1359375 0.259375 0.15625 0.1546875
4 0.7859375 0.8828125 0.428125 0.225