2 0.4390625 0.10625 0.09609375 0.2078125
0 0.52734375 0.4046875 0.2328125 0.30859375
4 0.8765625 0.15234375 0.15859375 0.1625
0 0.49609375 0.62578125 0.29140625 0.2671875
3 0.89609375 0.659375 0.2015625 0.2640625
4 0.625 0.25859375 0.1015625 0.29140625
3 0.2546875 0.53359375 0.1515625 0.5203125
1 0.56953125 0.1234375 0.18203125 0.1953125
3 0.09609375 0.375 0.19140625 0.3203125
4 0.6390625 0.87890625 0.1359375 0.2421875
3 0.909375 0.85546875 0.171875 0.2828125
3 0.91015625 0.49453125 0.16328125 0.14296875
4 0.73984375 0.1328125 0.1546875 0.1546875
4 0.9546875 0.2015625 0.0828125 0.2921875