2 0.4390625 0.89375 0.096875 0.2078125
0 0.52734375 0.5953125 0.2328125 0.309375
4 0.8765625 0.84765625 0.159375 0.1625
0 0.49609375 0.37421875 0.290625 0.2671875
3 0.89609375 0.340625 0.2015625 0.2640625
4 0.625 0.74140625 0.1015625 0.290625
3 0.2546875 0.46640625 0.1515625 0.5203125
1 0.56953125 0.8765625 0.18125 0.1953125
3 0.09609375 0.625 0.190625 0.3203125
4 0.6390625 0.12109375 0.1359375 0.2421875
3 0.909375 0.14453125 0.171875 0.2828125
3 0.91015625 0.50546875 0.1625 0.14375
4 0.73984375 0.8671875 0.1546875 0.1546875
4 0.9546875 0.7984375 0.0828125 0.2921875