2 0.43828125 0.10625 0.096875 0.2078125
0 0.52734375 0.4046875 0.2328125 0.3078125
4 0.8765625 0.15234375 0.16015625 0.1625
0 0.4953125 0.6234375 0.2953125 0.26171875
3 0.896875 0.65703125 0.19921875 0.259375
4 0.62109375 0.26015625 0.10390625 0.2921875
1 0.5703125 0.12421875 0.18203125 0.19453125
3 0.25859375 0.54296875 0.140625 0.5296875
3 0.0984375 0.3703125 0.196875 0.334375
3 0.91328125 0.853125 0.1625 0.28046875
4 0.63828125 0.87734375 0.1359375 0.2453125
4 0.74140625 0.1359375 0.1546875 0.1546875
4 0.9546875 0.1984375 0.08203125 0.29765625
3 0.91171875 0.49453125 0.1640625 0.140625