2 0.4390625 0.89453125 0.096875 0.20625
0 0.52734375 0.59140625 0.2328125 0.315625
4 0.8765625 0.846875 0.159375 0.1609375
3 0.253125 0.44375 0.128125 0.5375
0 0.490625 0.37734375 0.3 0.2609375
3 0.89765625 0.34296875 0.2 0.2609375
4 0.621875 0.740625 0.1046875 0.290625
3 0.1015625 0.63828125 0.203125 0.3421875
3 0.91796875 0.159375 0.1578125 0.26875
1 0.5703125 0.87734375 0.18125 0.1953125
4 0.63828125 0.12265625 0.1328125 0.2453125
1 0.1078125 0.21328125 0.215625 0.4265625
4 0.7421875 0.865625 0.15625 0.153125
4 0.95390625 0.79609375 0.084375 0.290625
3 0.9140625 0.50390625 0.1703125 0.1546875
3 0.23203125 0.1484375 0.1453125 0.296875