2 0.4390625 0.10625 0.096875 0.2078125
0 0.528125 0.4265625 0.2328125 0.35078125
4 0.87578125 0.15546875 0.1609375 0.15625
4 0.62265625 0.259375 0.10234375 0.2921875
1 0.56953125 0.1234375 0.18046875 0.19609375
0 0.4765625 0.61484375 0.31640625 0.265625
4 0.63359375 0.878125 0.13359375 0.24375
3 0.91015625 0.6375 0.17421875 0.2328125
3 0.24453125 0.66171875 0.1328125 0.65390625
3 0.91328125 0.84765625 0.16640625 0.234375
3 0.09921875 0.37265625 0.1984375 0.33984375
1 0.09765625 0.7859375 0.1953125 0.428125
3 0.909375 0.4875 0.171875 0.15078125
4 0.740625 0.1328125 0.1546875 0.1546875
4 0.9546875 0.203125 0.08203125 0.30078125