2 0.4390625 0.10625 0.096875 0.2078125
4 0.8765625 0.15703125 0.159375 0.15625
0 0.52734375 0.4296875 0.23203125 0.3546875
1 0.56953125 0.1234375 0.18046875 0.19609375
4 0.62265625 0.259375 0.103125 0.2921875
3 0.2359375 0.66875 0.14921875 0.64140625
4 0.63359375 0.878125 0.13359375 0.24296875
3 0.9140625 0.625 0.165625 0.2140625
3 0.10078125 0.38046875 0.2015625 0.3390625
3 0.9078125 0.8390625 0.17421875 0.24453125
0 0.475 0.61328125 0.31015625 0.27109375
4 0.740625 0.13359375 0.1546875 0.15546875
3 0.909375 0.48359375 0.17109375 0.14609375
4 0.9546875 0.2078125 0.08203125 0.3046875
1 0.078125 0.671875 0.15625 0.5265625