2 0.10625 0.5609375 0.209375 0.096875
4 0.15703125 0.12421875 0.15625 0.159375
0 0.43046875 0.4734375 0.3546875 0.23125
1 0.125 0.43125 0.190625 0.1796875
4 0.259375 0.37734375 0.290625 0.1015625
3 0.66796875 0.76796875 0.634375 0.159375
0 0.61171875 0.52265625 0.278125 0.3109375
4 0.87890625 0.36640625 0.240625 0.134375
3 0.3578125 0.9015625 0.36875 0.196875
3 0.62421875 0.0859375 0.209375 0.165625
3 0.84140625 0.08828125 0.240625 0.171875
4 0.134375 0.259375 0.153125 0.153125
3 0.48671875 0.09140625 0.153125 0.1734375
4 0.20859375 0.0453125 0.3015625 0.0828125
1 0.78671875 0.9 0.4265625 0.2
1 0.6671875 0.921875 0.528125 0.15625