2 0.10625 0.4390625 0.20625 0.096875
4 0.1578125 0.87578125 0.1546875 0.1609375
0 0.43203125 0.52734375 0.359375 0.23125
1 0.125 0.56875 0.19375 0.1796875
3 0.66875 0.23359375 0.634375 0.1546875
4 0.26015625 0.62265625 0.2890625 0.1015625
0 0.6125 0.475 0.28125 0.3125
3 0.3515625 0.09765625 0.378125 0.1953125
4 0.87890625 0.634375 0.240625 0.134375
3 0.62421875 0.91328125 0.20625 0.1671875
3 0.84140625 0.90625 0.2484375 0.178125
3 0.48671875 0.90859375 0.1515625 0.171875
4 0.13359375 0.740625 0.153125 0.1546875
4 0.2109375 0.9546875 0.3 0.0828125
1 0.7875 0.10078125 0.425 0.2
1 0.66953125 0.078125 0.525 0.15625