2 0.4390625 0.10625 0.096875 0.20703125
4 0.87578125 0.1578125 0.16015625 0.1546875
0 0.52734375 0.43203125 0.23203125 0.35859375
1 0.56875 0.125 0.1796875 0.19296875
3 0.23359375 0.66875 0.1546875 0.634375
4 0.62265625 0.26015625 0.1015625 0.2890625
0 0.475 0.6125 0.31328125 0.28046875
3 0.09765625 0.3515625 0.1953125 0.37890625
4 0.634375 0.87890625 0.134375 0.24140625
3 0.91328125 0.62421875 0.1671875 0.20703125
3 0.90625 0.84140625 0.17890625 0.2484375
3 0.90859375 0.48671875 0.171875 0.1515625
4 0.740625 0.13359375 0.15390625 0.15390625
4 0.9546875 0.2109375 0.08203125 0.29921875
1 0.10078125 0.7875 0.20078125 0.425
1 0.078125 0.66953125 0.15625 0.52578125