2 0.4390625 0.10625 0.096875 0.2078125
4 0.875 0.15625 0.16015625 0.15703125
1 0.56953125 0.12578125 0.18046875 0.18984375
0 0.52734375 0.44140625 0.23125 0.3765625
3 0.23984375 0.6703125 0.14609375 0.63203125
4 0.62265625 0.26015625 0.1 0.28984375
3 0.09765625 0.34921875 0.19453125 0.384375
4 0.634375 0.88046875 0.13359375 0.2390625
0 0.4703125 0.6140625 0.3109375 0.29296875
3 0.90625 0.84453125 0.17734375 0.2421875
3 0.91015625 0.62109375 0.1703125 0.21328125
4 0.73984375 0.13359375 0.15234375 0.1546875
3 0.90859375 0.48515625 0.17265625 0.146875
4 0.95390625 0.21015625 0.08359375 0.29609375
1 0.07734375 0.67578125 0.15390625 0.52890625