2 0.4390625 0.10625 0.096875 0.2078125
4 0.87578125 0.15625 0.16015625 0.15625
3 0.23203125 0.67265625 0.16015625 0.62421875
0 0.52734375 0.4421875 0.2296875 0.378125
1 0.56953125 0.1265625 0.18046875 0.18984375
4 0.62265625 0.259375 0.10078125 0.28984375
3 0.09609375 0.346875 0.1921875 0.3875
4 0.63359375 0.878125 0.1359375 0.24375
0 0.46328125 0.62578125 0.30234375 0.32578125
3 0.90546875 0.846875 0.18046875 0.2390625
3 0.91171875 0.61953125 0.16875 0.21015625
4 0.740625 0.13359375 0.15234375 0.153125
3 0.9078125 0.4921875 0.17578125 0.1578125
4 0.9546875 0.2125 0.0828125 0.3109375
1 0.078125 0.67421875 0.15625 0.53046875