2 0.4390625 0.10625 0.096875 0.2078125
4 0.87578125 0.15625 0.159375 0.15625
3 0.23203125 0.67265625 0.159375 0.625
0 0.52734375 0.4421875 0.2296875 0.378125
1 0.56953125 0.1265625 0.18125 0.190625
4 0.62265625 0.259375 0.1 0.290625
3 0.09609375 0.346875 0.1921875 0.3875
4 0.63359375 0.878125 0.1359375 0.24375
0 0.46328125 0.62578125 0.303125 0.325
3 0.90546875 0.846875 0.18125 0.2390625
3 0.91171875 0.61953125 0.16875 0.209375
4 0.740625 0.13359375 0.153125 0.153125
3 0.9078125 0.4921875 0.175 0.1578125
4 0.9546875 0.2125 0.0828125 0.3109375
1 0.078125 0.67421875 0.15625 0.53125