2 0.89375 0.5609375 0.2078125 0.096875
4 0.84296875 0.12421875 0.1546875 0.159375
3 0.3234375 0.77578125 0.621875 0.1734375
1 0.8734375 0.43125 0.190625 0.18125
4 0.73984375 0.3765625 0.2890625 0.1
0 0.55703125 0.47265625 0.3796875 0.2296875
3 0.65234375 0.90546875 0.390625 0.1890625
4 0.1203125 0.365625 0.240625 0.140625
3 0.38125 0.0890625 0.2078125 0.16875
3 0.15625 0.09140625 0.2328125 0.175
0 0.3625 0.53515625 0.35 0.3125
3 0.5078125 0.0921875 0.1546875 0.175
4 0.86640625 0.259375 0.1546875 0.1546875
1 0.21328125 0.9015625 0.4265625 0.196875
4 0.78828125 0.0453125 0.303125 0.0828125