2 0.43984375 0.10625 0.096875 0.20859375
4 0.875 0.15546875 0.159375 0.1546875
0 0.54140625 0.44140625 0.2328125 0.378125
3 0.22734375 0.6796875 0.16875 0.61640625
1 0.56953125 0.12578125 0.18125 0.1890625
4 0.62265625 0.259375 0.10078125 0.28984375
3 0.09453125 0.3453125 0.1890625 0.39296875
4 0.63359375 0.88046875 0.13515625 0.23828125
3 0.91015625 0.84453125 0.171875 0.23828125
3 0.9125 0.6234375 0.16796875 0.21328125
4 0.74140625 0.13359375 0.153125 0.153125
4 0.95390625 0.2125 0.0828125 0.3109375
0 0.45078125 0.65078125 0.29140625 0.37734375
3 0.90703125 0.4953125 0.17734375 0.15390625
1 0.07734375 0.68203125 0.1546875 0.546875