2 0.4390625 0.10625 0.09765625 0.2078125
3 0.21875 0.6890625 0.18203125 0.61484375
0 0.540625 0.4421875 0.23203125 0.3796875
4 0.875 0.15625 0.16015625 0.15390625
4 0.63671875 0.88359375 0.1296875 0.2328125
4 0.62265625 0.2609375 0.1 0.28828125
1 0.56875 0.12578125 0.18046875 0.190625
3 0.09453125 0.34609375 0.1890625 0.39375
3 0.9078125 0.846875 0.17890625 0.26015625
3 0.91171875 0.6203125 0.16640625 0.215625
4 0.740625 0.13359375 0.153125 0.15390625
3 0.9078125 0.49765625 0.17578125 0.1578125
4 0.95390625 0.20703125 0.08359375 0.30703125
0 0.45234375 0.66484375 0.3 0.396875
1 0.07734375 0.68046875 0.15390625 0.53828125