2 0.43984375 0.10625 0.0984375 0.20703125
3 0.21640625 0.69140625 0.18671875 0.615625
4 0.87578125 0.15625 0.159375 0.15390625
0 0.52734375 0.4390625 0.2296875 0.3734375
1 0.56953125 0.12578125 0.18046875 0.1890625
4 0.62265625 0.259375 0.1 0.290625
4 0.63515625 0.8828125 0.1328125 0.234375
3 0.09375 0.34375 0.1875 0.38984375
3 0.91015625 0.61640625 0.15625 0.2171875
3 0.90703125 0.85 0.17890625 0.24921875
4 0.740625 0.13359375 0.153125 0.1546875
3 0.44765625 0.70234375 0.29609375 0.45390625
4 0.9546875 0.20859375 0.08203125 0.3046875
3 0.90546875 0.5 0.18046875 0.15859375
1 0.07890625 0.67890625 0.15703125 0.5375