2 0.10546875 0.559375 0.20625 0.1
3 0.6953125 0.78984375 0.60625 0.1984375
4 0.15703125 0.12421875 0.1546875 0.159375
0 0.44296875 0.47265625 0.38125 0.228125
3 0.3359375 0.9265625 0.38125 0.146875
4 0.88359375 0.36328125 0.2328125 0.1296875
4 0.2609375 0.3765625 0.2875 0.1
3 0.6296875 0.0921875 0.221875 0.165625
3 0.85 0.09375 0.25625 0.178125
4 0.13359375 0.259375 0.153125 0.153125
3 0.740625 0.56328125 0.515625 0.2359375
1 0.128125 0.4296875 0.1859375 0.178125
3 0.4921875 0.0953125 0.18125 0.18125
4 0.2015625 0.0453125 0.29375 0.0828125
1 0.7875 0.9078125 0.425 0.184375