2 0.440625 0.10546875 0.09921875 0.20703125
3 0.21015625 0.6953125 0.19765625 0.60625
4 0.87578125 0.15703125 0.159375 0.1546875
0 0.52734375 0.44296875 0.22890625 0.38046875
3 0.0734375 0.3359375 0.14609375 0.38046875
4 0.63671875 0.88359375 0.1296875 0.2328125
4 0.6234375 0.2609375 0.09921875 0.2875
3 0.9078125 0.6296875 0.16484375 0.22265625
3 0.90625 0.85 0.17890625 0.25703125
4 0.740625 0.13359375 0.153125 0.15234375
3 0.43671875 0.740625 0.2359375 0.51484375
1 0.5703125 0.128125 0.17890625 0.1859375
3 0.9046875 0.4921875 0.18046875 0.18125
4 0.9546875 0.2015625 0.0828125 0.29375
1 0.0921875 0.7875 0.18359375 0.425