2 0.559375 0.89375 0.1 0.2078125
4 0.125 0.84296875 0.159375 0.153125
3 0.790625 0.30234375 0.2 0.603125
0 0.47265625 0.55546875 0.228125 0.384375
3 0.9296875 0.66484375 0.140625 0.3796875
4 0.37578125 0.73984375 0.0984375 0.284375
4 0.3625 0.11640625 0.13125 0.2328125
3 0.09296875 0.15234375 0.178125 0.253125
3 0.090625 0.3609375 0.16875 0.2265625
4 0.2609375 0.86640625 0.15 0.153125
3 0.09453125 0.50625 0.1796875 0.18125
3 0.5703125 0.25625 0.215625 0.5109375
4 0.0453125 0.80078125 0.08125 0.3
1 0.90859375 0.2125 0.1828125 0.425
4 0.42421875 0.875 0.175 0.175