2 0.559375 0.89375 0.0984375 0.20625
3 0.78828125 0.30234375 0.20625 0.603125
4 0.12421875 0.84296875 0.159375 0.153125
0 0.45859375 0.5546875 0.23125 0.3890625
3 0.9296875 0.66328125 0.140625 0.3828125
4 0.3625 0.1171875 0.13125 0.234375
4 0.3765625 0.740625 0.0984375 0.2875
3 0.0921875 0.153125 0.1765625 0.246875
3 0.08984375 0.36953125 0.16875 0.221875
4 0.259375 0.86640625 0.153125 0.153125
3 0.09453125 0.5078125 0.1796875 0.178125
3 0.571875 0.25546875 0.2109375 0.509375
4 0.0453125 0.8 0.0828125 0.3
1 0.90859375 0.21328125 0.1828125 0.4234375
4 0.4234375 0.875 0.171875 0.171875