2 0.440625 0.89375 0.0984375 0.20625
3 0.21171875 0.30234375 0.20625 0.603125
4 0.87578125 0.84296875 0.159375 0.153125
0 0.54140625 0.5546875 0.23125 0.3890625
3 0.0703125 0.66328125 0.140625 0.3828125
4 0.6375 0.1171875 0.13125 0.234375
4 0.6234375 0.740625 0.0984375 0.2875
3 0.9078125 0.153125 0.1765625 0.246875
3 0.91015625 0.36953125 0.16875 0.221875
4 0.740625 0.86640625 0.153125 0.153125
3 0.90546875 0.5078125 0.1796875 0.178125
3 0.428125 0.25546875 0.2109375 0.509375
4 0.9546875 0.8 0.0828125 0.3
1 0.09140625 0.21328125 0.1828125 0.4234375
4 0.5765625 0.875 0.171875 0.171875