2 0.56015625 0.89296875 0.096875 0.2078125
4 0.125 0.84375 0.159375 0.1546875
0 0.471875 0.55859375 0.228125 0.3765625
3 0.778125 0.30546875 0.19375 0.596875
3 0.92890625 0.67109375 0.1421875 0.384375
4 0.375 0.73515625 0.0953125 0.290625
3 0.0953125 0.15234375 0.184375 0.246875
4 0.3625 0.11640625 0.13125 0.2328125
3 0.09140625 0.3609375 0.16875 0.225
4 0.425 0.8734375 0.16875 0.1625
3 0.0953125 0.5109375 0.18125 0.1765625
4 0.259375 0.86640625 0.15 0.153125
3 0.5734375 0.253125 0.184375 0.503125
4 0.04609375 0.79765625 0.0828125 0.2921875
1 0.92109375 0.31640625 0.1578125 0.553125