2 0.43984375 0.10625 0.09609375 0.20859375
4 0.87578125 0.15625 0.15859375 0.15390625
0 0.528125 0.440625 0.228125 0.3765625
4 0.62578125 0.265625 0.09609375 0.2890625
3 0.21796875 0.6984375 0.19765625 0.59296875
3 0.90390625 0.84453125 0.18515625 0.2421875
3 0.07109375 0.3296875 0.1421875 0.38203125
4 0.63828125 0.8828125 0.13046875 0.23359375
4 0.575 0.12578125 0.16875 0.1609375
3 0.909375 0.640625 0.16796875 0.22578125
3 0.4265625 0.74765625 0.17890625 0.50078125
3 0.90546875 0.48984375 0.18046875 0.178125
4 0.74140625 0.13359375 0.15234375 0.15390625
4 0.95390625 0.2015625 0.08359375 0.29453125
1 0.07890625 0.678125 0.1578125 0.54765625