2 0.4390625 0.10625 0.09609375 0.20703125
4 0.875 0.15625 0.159375 0.15390625
0 0.528125 0.43984375 0.22890625 0.375
3 0.221875 0.696875 0.19609375 0.59375
4 0.625 0.265625 0.09609375 0.29140625
3 0.90390625 0.84453125 0.184375 0.234375
3 0.07109375 0.33125 0.14140625 0.38125
4 0.57421875 0.12578125 0.16875 0.16171875
4 0.6375 0.88359375 0.1296875 0.2328125
3 0.4265625 0.74765625 0.17421875 0.5
3 0.90859375 0.63984375 0.16875 0.225
4 0.740625 0.13359375 0.1515625 0.153125
3 0.90625 0.49296875 0.178125 0.17734375
1 0.0953125 0.78828125 0.190625 0.4234375
4 0.95390625 0.2015625 0.0828125 0.29453125