2 0.4390625 0.10703125 0.096875 0.209375
4 0.875 0.15625 0.159375 0.153125
4 0.62578125 0.265625 0.0953125 0.2875
3 0.2234375 0.69765625 0.1953125 0.590625
0 0.528125 0.43671875 0.228125 0.36875
3 0.903125 0.84921875 0.1859375 0.2484375
4 0.63671875 0.8828125 0.1296875 0.234375
3 0.0703125 0.3328125 0.140625 0.3765625
3 0.421875 0.74140625 0.159375 0.503125
4 0.57109375 0.12734375 0.1671875 0.159375
3 0.909375 0.63984375 0.16875 0.2234375
4 0.740625 0.13359375 0.15 0.153125
3 0.9046875 0.490625 0.18125 0.178125
1 0.09609375 0.78828125 0.1921875 0.4234375
4 0.95390625 0.20234375 0.084375 0.29375