2 0.56171875 0.89375 0.096875 0.209375
4 0.12421875 0.84296875 0.159375 0.153125
4 0.37421875 0.73046875 0.0953125 0.28125
0 0.47265625 0.5671875 0.228125 0.3625
3 0.7796875 0.3 0.2046875 0.5890625
3 0.9296875 0.6671875 0.140625 0.38125
3 0.09609375 0.15 0.1859375 0.246875
4 0.3625 0.1171875 0.1296875 0.234375
4 0.4296875 0.8734375 0.1671875 0.1546875
1 0.9 0.21171875 0.2 0.4234375
3 0.57890625 0.24921875 0.1296875 0.4984375
3 0.0953125 0.51328125 0.1828125 0.1734375
3 0.08671875 0.36640625 0.1671875 0.2203125
4 0.25859375 0.865625 0.1515625 0.153125
4 0.04609375 0.796875 0.0828125 0.2921875
1 0.9203125 0.33046875 0.159375 0.528125