4 0.37421875 0.7296875 0.0953125 0.2796875
2 0.56171875 0.89375 0.0953125 0.2078125
4 0.125 0.84375 0.159375 0.153125
0 0.471875 0.5671875 0.228125 0.3625
3 0.7765625 0.29921875 0.1984375 0.584375
3 0.92890625 0.6671875 0.1421875 0.3765625
3 0.09609375 0.153125 0.1859375 0.2453125
4 0.36171875 0.1171875 0.13125 0.234375
4 0.43125 0.87265625 0.1640625 0.15625
1 0.89921875 0.2109375 0.2015625 0.421875
3 0.08984375 0.36015625 0.165625 0.225
3 0.0953125 0.51328125 0.1828125 0.1734375
4 0.259375 0.865625 0.1515625 0.153125
3 0.5796875 0.246875 0.1359375 0.49375
4 0.04609375 0.796875 0.0828125 0.290625
1 0.9203125 0.33828125 0.159375 0.509375