4 0.62578125 0.2703125 0.0953125 0.2796875
2 0.43828125 0.10625 0.0953125 0.2078125
4 0.875 0.15625 0.159375 0.153125
0 0.528125 0.4328125 0.228125 0.3625
3 0.2234375 0.70078125 0.1984375 0.584375
3 0.07109375 0.3328125 0.1421875 0.3765625
3 0.90390625 0.846875 0.18515625 0.24453125
4 0.63828125 0.8828125 0.13046875 0.234375
4 0.56875 0.12734375 0.1640625 0.15546875
1 0.10078125 0.7890625 0.2015625 0.421875
3 0.91015625 0.63984375 0.165625 0.22421875
3 0.9046875 0.48671875 0.18203125 0.17265625
4 0.740625 0.134375 0.1515625 0.15390625
3 0.4203125 0.753125 0.13515625 0.49296875
4 0.95390625 0.203125 0.0828125 0.29140625
1 0.0796875 0.66171875 0.15859375 0.50859375