2 0.43828125 0.89296875 0.096875 0.209375
4 0.62578125 0.728125 0.0953125 0.278125
4 0.87578125 0.84375 0.159375 0.153125
3 0.21484375 0.29296875 0.209375 0.5765625
0 0.528125 0.56953125 0.228125 0.3578125
3 0.07109375 0.665625 0.1421875 0.378125
1 0.10390625 0.2109375 0.2078125 0.421875
4 0.565625 0.87265625 0.1671875 0.153125
4 0.63828125 0.1171875 0.13125 0.234375
3 0.90078125 0.15234375 0.190625 0.2375
3 0.9125 0.3671875 0.165625 0.2203125
3 0.9046875 0.5140625 0.18125 0.171875
4 0.74140625 0.86640625 0.15 0.153125
3 0.41640625 0.24921875 0.134375 0.484375
1 0.0796875 0.33125 0.159375 0.525
4 0.95390625 0.7984375 0.084375 0.2953125
3 0.8671875 0.02265625 0.15 0.0453125