2 0.43828125 0.89296875 0.096875 0.209375
4 0.625 0.72734375 0.0953125 0.2765625
4 0.875 0.84375 0.159375 0.153125
3 0.21328125 0.2921875 0.2125 0.575
0 0.528125 0.56796875 0.228125 0.359375
1 0.10390625 0.2109375 0.2078125 0.421875
3 0.07109375 0.66875 0.1421875 0.3734375
4 0.63828125 0.1171875 0.13125 0.234375
3 0.89921875 0.15390625 0.19375 0.2390625
4 0.565625 0.871875 0.16875 0.153125
3 0.9125 0.36640625 0.165625 0.2203125
3 0.90546875 0.5125 0.18125 0.1734375
3 0.41484375 0.24453125 0.134375 0.4765625
4 0.73984375 0.8671875 0.15 0.1546875
1 0.0796875 0.3375 0.159375 0.515625
4 0.95390625 0.796875 0.0828125 0.29375