2 0.43828125 0.10703125 0.09609375 0.20859375
4 0.625 0.27265625 0.09453125 0.2765625
4 0.875 0.15625 0.15859375 0.153125
3 0.21328125 0.7078125 0.2125 0.57421875
0 0.528125 0.43203125 0.22734375 0.36015625
1 0.10390625 0.7890625 0.2078125 0.421875
3 0.07109375 0.33125 0.14140625 0.3734375
4 0.63828125 0.8828125 0.13125 0.23359375
3 0.89921875 0.84609375 0.19296875 0.23828125
4 0.565625 0.128125 0.16796875 0.153125
3 0.9125 0.63359375 0.16640625 0.2203125
3 0.90546875 0.4875 0.18125 0.1734375
3 0.41484375 0.75546875 0.134375 0.4765625
4 0.73984375 0.1328125 0.15 0.1546875
1 0.0796875 0.6625 0.159375 0.515625
4 0.95390625 0.203125 0.0828125 0.29375