2 0.43828125 0.10703125 0.09609375 0.209375
4 0.62578125 0.27109375 0.09453125 0.27734375
3 0.21328125 0.70703125 0.2125 0.575
4 0.875 0.15625 0.1609375 0.1546875
0 0.528125 0.434375 0.228125 0.36640625
1 0.1046875 0.78984375 0.20859375 0.4203125
3 0.07109375 0.33359375 0.1421875 0.3734375
4 0.6375 0.88203125 0.13125 0.2359375
4 0.56875 0.12734375 0.16640625 0.1515625
3 0.89921875 0.8390625 0.19609375 0.23984375
3 0.909375 0.63984375 0.16953125 0.22109375
3 0.4109375 0.76796875 0.13984375 0.4640625
3 0.9046875 0.4875 0.1828125 0.1734375
3 0.87109375 0.9765625 0.146875 0.046875
4 0.73984375 0.13359375 0.15078125 0.1546875
1 0.0796875 0.6734375 0.159375 0.53125
4 0.95390625 0.20234375 0.08359375 0.296875