2 0.10703125 0.4359375 0.20625 0.09375
0 0.43359375 0.53828125 0.375 0.2453125
3 0.71171875 0.2125 0.5765625 0.2125
3 0.77890625 0.3953125 0.4421875 0.1375
1 0.7828125 0.1015625 0.434375 0.203125
1 0.6640625 0.08203125 0.521875 0.1640625
3 0.32421875 0.07421875 0.371875 0.14375
4 0.88359375 0.63515625 0.23125 0.1328125
3 0.83515625 0.8984375 0.2171875 0.203125
3 0.63359375 0.91875 0.215625 0.14375
3 0.4859375 0.90859375 0.16875 0.1828125
2 0.209375 0.95859375 0.25 0.0828125
4 0.13359375 0.740625 0.153125 0.1578125
4 0.15390625 0.8765625 0.153125 0.15
4 0.1296875 0.5734375 0.1484375 0.1875
4 0.26171875 0.61953125 0.278125 0.103125