2 0.10703125 0.43828125 0.20625 0.096875
4 0.26953125 0.62578125 0.284375 0.0953125
4 0.15703125 0.87578125 0.153125 0.1578125
0 0.43984375 0.52734375 0.375 0.228125
3 0.71171875 0.21484375 0.565625 0.234375
3 0.33203125 0.0703125 0.3734375 0.140625
3 0.7859375 0.390625 0.428125 0.146875
3 0.83515625 0.8984375 0.2125 0.1953125
4 0.12734375 0.571875 0.153125 0.171875
4 0.88203125 0.63828125 0.2359375 0.13125
1 0.7890625 0.1 0.421875 0.2
3 0.63203125 0.9125 0.215625 0.1671875
4 0.13359375 0.7421875 0.153125 0.153125
3 0.4875 0.9046875 0.175 0.18125
3 0.97578125 0.87421875 0.0484375 0.14375
4 0.19921875 0.95390625 0.29375 0.084375