2 0.89296875 0.56171875 0.20625 0.096875
4 0.73046875 0.37421875 0.284375 0.0953125
4 0.84296875 0.12421875 0.153125 0.15625
0 0.56015625 0.47265625 0.375 0.228125
3 0.28828125 0.78515625 0.565625 0.2359375
3 0.66796875 0.9296875 0.3734375 0.140625
3 0.2140625 0.609375 0.428125 0.146875
3 0.16484375 0.1015625 0.2125 0.1953125
4 0.87265625 0.428125 0.153125 0.171875
4 0.11796875 0.36171875 0.2359375 0.13125
1 0.2109375 0.9 0.421875 0.2
3 0.36796875 0.0875 0.215625 0.165625
4 0.86640625 0.2578125 0.153125 0.153125
3 0.5125 0.0953125 0.175 0.18125
3 0.02421875 0.12578125 0.0484375 0.14375
4 0.80078125 0.04609375 0.29375 0.084375