2 0.10703125 0.43828125 0.2078125 0.096875
4 0.26953125 0.62578125 0.2828125 0.0953125
4 0.15703125 0.8765625 0.153125 0.15625
0 0.43984375 0.52734375 0.3734375 0.228125
3 0.7125 0.20703125 0.565625 0.240625
3 0.83515625 0.89765625 0.215625 0.196875
3 0.7875 0.38828125 0.425 0.15
3 0.33203125 0.0703125 0.371875 0.140625
4 0.88203125 0.63828125 0.234375 0.13125
4 0.128125 0.57265625 0.1546875 0.171875
4 0.13359375 0.74140625 0.153125 0.1546875
3 0.63984375 0.909375 0.2203125 0.16875
1 0.7890625 0.1046875 0.421875 0.209375
3 0.48984375 0.9046875 0.178125 0.18125
3 0.97578125 0.8765625 0.046875 0.15
4 0.203125 0.9546875 0.2875 0.0828125