2 0.10703125 0.43828125 0.20625 0.096875
4 0.15703125 0.87578125 0.153125 0.1578125
4 0.26796875 0.62578125 0.2859375 0.0953125
0 0.4390625 0.528125 0.3734375 0.228125
3 0.7125 0.20703125 0.565625 0.24375
3 0.834375 0.89765625 0.209375 0.1953125
3 0.78671875 0.3875 0.4265625 0.146875
4 0.12734375 0.57265625 0.15625 0.171875
3 0.3359375 0.0703125 0.36875 0.140625
4 0.88203125 0.63828125 0.2359375 0.13125
3 0.63203125 0.91328125 0.215625 0.165625
1 0.78828125 0.10625 0.4234375 0.2125
4 0.1328125 0.74140625 0.153125 0.153125
3 0.48828125 0.9046875 0.175 0.18125
3 0.97578125 0.87421875 0.046875 0.14375
4 0.20234375 0.95390625 0.2859375 0.0828125
1 0.66640625 0.07890625 0.528125 0.1578125