2 0.89296875 0.56171875 0.20625 0.096875
4 0.84296875 0.12421875 0.153125 0.1578125
4 0.73203125 0.37421875 0.2859375 0.0953125
0 0.5609375 0.471875 0.3734375 0.228125
3 0.2875 0.79296875 0.565625 0.24375
3 0.165625 0.10234375 0.209375 0.1953125
3 0.21328125 0.6125 0.4265625 0.1484375
4 0.87265625 0.42734375 0.15625 0.171875
3 0.6640625 0.9296875 0.36875 0.140625
4 0.11796875 0.36171875 0.2359375 0.13125
3 0.36796875 0.08671875 0.215625 0.165625
1 0.21171875 0.89375 0.4234375 0.2125
4 0.8671875 0.25859375 0.153125 0.153125
3 0.51171875 0.0953125 0.175 0.18125
3 0.02421875 0.12578125 0.046875 0.14375
4 0.79765625 0.04609375 0.2859375 0.0828125
1 0.33359375 0.92109375 0.528125 0.1578125