2 0.10703125 0.5609375 0.20625 0.096875
4 0.26953125 0.37421875 0.28125 0.0953125
4 0.15703125 0.1234375 0.153125 0.15625
3 0.715625 0.79765625 0.5625 0.2546875
0 0.44375 0.47265625 0.38125 0.228125
3 0.33671875 0.92890625 0.3609375 0.1421875
3 0.834375 0.10234375 0.2125 0.1953125
3 0.78671875 0.6109375 0.4265625 0.1453125
4 0.8796875 0.36171875 0.240625 0.13125
4 0.12734375 0.428125 0.15625 0.171875
4 0.1328125 0.25859375 0.153125 0.1546875
3 0.63125 0.08828125 0.2140625 0.165625
1 0.7890625 0.8890625 0.421875 0.221875
3 0.4875 0.0953125 0.1734375 0.18125
3 0.97578125 0.1234375 0.0484375 0.146875
4 0.2 0.04609375 0.2953125 0.0828125
1 0.69140625 0.921875 0.553125 0.15625