4 0.2671875 0.62578125 0.2859375 0.096875
4 0.15703125 0.8765625 0.153125 0.1578125
3 0.715625 0.19921875 0.559375 0.2625
2 0.109375 0.43828125 0.2078125 0.096875
0 0.44296875 0.52734375 0.38125 0.228125
4 0.12734375 0.571875 0.15625 0.171875
3 0.7890625 0.38984375 0.421875 0.1390625
4 0.8796875 0.63828125 0.240625 0.13125
3 0.834375 0.89765625 0.2109375 0.196875
3 0.3484375 0.07421875 0.346875 0.146875
4 0.1359375 0.7421875 0.15625 0.1546875
3 0.63046875 0.9109375 0.2125 0.16875
3 0.97578125 0.871875 0.046875 0.140625
1 0.7890625 0.1109375 0.421875 0.221875
3 0.48828125 0.90546875 0.171875 0.18125
1 0.690625 0.078125 0.553125 0.15625
4 0.20390625 0.95390625 0.2875 0.084375