4 0.37421875 0.26953125 0.096875 0.2828125
4 0.12421875 0.15625 0.15625 0.153125
3 0.80234375 0.7171875 0.2671875 0.559375
2 0.56171875 0.11015625 0.096875 0.209375
0 0.47265625 0.44453125 0.228125 0.384375
3 0.60859375 0.7890625 0.1359375 0.421875
3 0.1015625 0.834375 0.19375 0.2125
4 0.42734375 0.12734375 0.171875 0.15625
4 0.36171875 0.8796875 0.13125 0.240625
3 0.92890625 0.35078125 0.140625 0.3453125
4 0.25859375 0.1328125 0.1546875 0.15625
3 0.090625 0.63984375 0.165625 0.2171875
3 0.0953125 0.4875 0.18125 0.1734375
1 0.8890625 0.7890625 0.221875 0.421875
3 0.1265625 0.9765625 0.14375 0.046875
4 0.04609375 0.203125 0.084375 0.2875
1 0.92109375 0.6671875 0.1578125 0.5234375