4 0.1234375 0.15703125 0.15625 0.1515625
4 0.37421875 0.26796875 0.0953125 0.2875
3 0.8015625 0.71875 0.2671875 0.5546875
2 0.5609375 0.11015625 0.0984375 0.2078125
0 0.47265625 0.44453125 0.228125 0.3828125
3 0.61015625 0.7875 0.1421875 0.425
3 0.10078125 0.83984375 0.19375 0.221875
4 0.36171875 0.8796875 0.13125 0.240625
3 0.9296875 0.353125 0.140625 0.3953125
4 0.425 0.12421875 0.1796875 0.165625
3 0.09140625 0.6390625 0.1703125 0.2171875
4 0.259375 0.134375 0.1546875 0.153125
3 0.0953125 0.4890625 0.1828125 0.175
1 0.91953125 0.690625 0.1609375 0.559375
3 0.12578125 0.9765625 0.1453125 0.046875
4 0.04609375 0.20390625 0.084375 0.290625