4 0.8765625 0.84296875 0.15625 0.1515625
4 0.62578125 0.734375 0.096875 0.2890625
2 0.43984375 0.88984375 0.1 0.209375
0 0.52734375 0.5546875 0.228125 0.384375
3 0.2 0.28046875 0.2671875 0.5546875
3 0.89921875 0.159375 0.1921875 0.2203125
3 0.3890625 0.2125 0.14375 0.425
4 0.63828125 0.12109375 0.13125 0.2421875
3 0.06796875 0.659375 0.1359375 0.378125
4 0.575 0.87578125 0.1796875 0.165625
3 0.9109375 0.3703125 0.1671875 0.2125
4 0.74140625 0.8671875 0.1546875 0.15625
3 0.9046875 0.5109375 0.1828125 0.175
1 0.08046875 0.303125 0.1609375 0.56875
3 0.875 0.0234375 0.146875 0.046875
4 0.95390625 0.796875 0.084375 0.2890625