2 0.5578125 0.89296875 0.103125 0.20625
4 0.12421875 0.84375 0.15625 0.153125
4 0.37421875 0.7359375 0.0953125 0.2875
3 0.79765625 0.278125 0.2734375 0.5484375
0 0.471875 0.553125 0.225 0.3875
4 0.36171875 0.121875 0.13125 0.24375
3 0.61015625 0.21171875 0.14375 0.421875
4 0.42421875 0.878125 0.1734375 0.16875
3 0.09921875 0.16328125 0.1921875 0.225
3 0.9296875 0.63515625 0.140625 0.36875
3 0.0875 0.36953125 0.1640625 0.2140625
1 0.8875 0.2109375 0.225 0.421875
3 0.0953125 0.51171875 0.1828125 0.1765625
4 0.259375 0.8640625 0.153125 0.15625
1 0.92109375 0.309375 0.15625 0.5546875
4 0.04609375 0.79765625 0.084375 0.2890625