2 0.4421875 0.10703125 0.103125 0.20546875
4 0.87578125 0.15625 0.15703125 0.153125
4 0.62578125 0.2640625 0.0953125 0.2875
3 0.20234375 0.721875 0.2734375 0.54765625
0 0.528125 0.446875 0.225 0.38671875
4 0.63828125 0.878125 0.13046875 0.24375
3 0.38984375 0.78828125 0.14375 0.42265625
4 0.57578125 0.121875 0.1734375 0.16875
3 0.90078125 0.83671875 0.19140625 0.22421875
3 0.0703125 0.36484375 0.13984375 0.36875
3 0.9125 0.63046875 0.1640625 0.2140625
1 0.1125 0.7890625 0.225 0.421875
3 0.9046875 0.48828125 0.1828125 0.1765625
4 0.740625 0.1359375 0.15390625 0.15546875
1 0.07890625 0.690625 0.15703125 0.55390625
4 0.95390625 0.20234375 0.08359375 0.28984375