2 0.55703125 0.89296875 0.10625 0.2046875
4 0.125 0.84375 0.15625 0.153125
4 0.37421875 0.73671875 0.0953125 0.2890625
3 0.796875 0.2796875 0.275 0.55
0 0.471875 0.553125 0.225 0.3875
3 0.0984375 0.1640625 0.190625 0.215625
4 0.425 0.87890625 0.171875 0.171875
4 0.3625 0.121875 0.13125 0.24375
3 0.6109375 0.21171875 0.146875 0.4234375
3 0.9234375 0.64140625 0.153125 0.3640625
3 0.0875 0.36875 0.165625 0.2140625
4 0.25859375 0.86640625 0.153125 0.153125
3 0.0953125 0.51171875 0.1828125 0.178125
1 0.9203125 0.29921875 0.159375 0.5921875
3 0.85234375 0.2171875 0.1890625 0.434375
4 0.046875 0.79765625 0.084375 0.290625