2 0.44375 0.10703125 0.1078125 0.20625
4 0.87578125 0.15703125 0.1578125 0.153125
4 0.62578125 0.26484375 0.0953125 0.2875
3 0.2046875 0.721875 0.278125 0.54765625
0 0.528125 0.446875 0.22578125 0.38828125
4 0.57578125 0.11953125 0.171875 0.17421875
3 0.390625 0.78828125 0.14375 0.4234375
3 0.903125 0.83671875 0.18828125 0.21875
4 0.63828125 0.87890625 0.13046875 0.24140625
3 0.07109375 0.3625 0.1421875 0.365625
4 0.7421875 0.13359375 0.1546875 0.15546875
3 0.9046875 0.48828125 0.18125 0.17578125
3 0.9140625 0.63125 0.1640625 0.21484375
1 0.1125 0.7890625 0.225 0.42109375
1 0.07890625 0.68984375 0.1578125 0.56328125
4 0.95390625 0.20234375 0.084375 0.2921875