2 0.44296875 0.10703125 0.1078125 0.20703125
4 0.87578125 0.15625 0.15703125 0.15390625
4 0.62578125 0.2640625 0.0953125 0.28671875
4 0.575 0.1171875 0.1703125 0.17578125
0 0.52734375 0.446875 0.225 0.38671875
3 0.20625 0.7296875 0.28515625 0.540625
3 0.90390625 0.8375 0.18671875 0.22578125
3 0.3921875 0.7890625 0.13984375 0.42109375
4 0.63828125 0.878125 0.1296875 0.24375
3 0.06484375 0.35859375 0.1296875 0.3765625
3 0.91328125 0.6328125 0.16328125 0.21875
4 0.74140625 0.13359375 0.15234375 0.1546875
3 0.90390625 0.48828125 0.1828125 0.1796875
1 0.0796875 0.6953125 0.159375 0.6
4 0.95390625 0.20390625 0.08359375 0.2890625