2 0.89296875 0.55703125 0.20625 0.1078125
4 0.84375 0.12421875 0.1546875 0.159375
3 0.2734375 0.778125 0.5375 0.3296875
3 0.16171875 0.09140625 0.228125 0.175
4 0.884375 0.425 0.18125 0.171875
4 0.73515625 0.37421875 0.2875 0.0953125
0 0.55546875 0.471875 0.384375 0.2265625
4 0.12421875 0.36328125 0.2484375 0.1265625
3 0.20703125 0.60390625 0.4140625 0.1265625
3 0.62265625 0.940625 0.3625 0.11875
1 0.32578125 0.9203125 0.5515625 0.159375
3 0.3625 0.0921875 0.221875 0.171875
1 0.2109375 0.884375 0.421875 0.23125
3 0.51015625 0.09453125 0.18125 0.18125
4 0.86640625 0.259375 0.153125 0.153125
4 0.796875 0.04609375 0.29375 0.084375