2 0.44296875 0.10703125 0.10703125 0.20703125
4 0.87578125 0.15625 0.159375 0.1546875
3 0.221875 0.7265625 0.3296875 0.5375
3 0.90859375 0.83828125 0.17421875 0.228125
4 0.575 0.115625 0.17109375 0.18125
4 0.62578125 0.26484375 0.0953125 0.2875
0 0.528125 0.44453125 0.2265625 0.384375
4 0.63671875 0.87578125 0.1265625 0.2484375
3 0.39609375 0.79296875 0.1265625 0.4140625
3 0.059375 0.37734375 0.11875 0.3625
1 0.0796875 0.67421875 0.159375 0.5515625
3 0.9078125 0.6375 0.171875 0.22109375
1 0.115625 0.7890625 0.23046875 0.42109375
3 0.90546875 0.48984375 0.18125 0.18046875
4 0.740625 0.13359375 0.153125 0.15390625
4 0.95390625 0.203125 0.08359375 0.29296875