2 0.11015625 0.44375 0.2078125 0.109375
4 0.15625 0.875 0.153125 0.1578125
3 0.7296875 0.22578125 0.5296875 0.34375
3 0.83671875 0.90859375 0.221875 0.175
0 0.44375 0.52734375 0.38125 0.225
4 0.2625 0.625 0.2875 0.0953125
4 0.87265625 0.62421875 0.2546875 0.14375
3 0.7953125 0.3984375 0.409375 0.121875
3 0.3796875 0.0625 0.365625 0.125
4 0.1140625 0.578125 0.19375 0.178125
1 0.678125 0.08125 0.565625 0.1625
3 0.634375 0.90859375 0.221875 0.1734375
4 0.13359375 0.740625 0.1546875 0.1515625
3 0.4875 0.9046875 0.175 0.18125
1 0.77890625 0.12109375 0.4234375 0.2421875
4 0.20078125 0.95390625 0.2953125 0.084375