2 0.8921875 0.44296875 0.2078125 0.10625
4 0.84296875 0.87578125 0.153125 0.1578125
3 0.1609375 0.90625 0.228125 0.1796875
3 0.2671875 0.2234375 0.525 0.378125
0 0.55625 0.52734375 0.3828125 0.225
4 0.74375 0.62421875 0.2859375 0.096875
3 0.203125 0.3984375 0.40625 0.121875
3 0.36640625 0.91015625 0.225 0.1671875
3 0.61484375 0.05546875 0.3671875 0.1109375
1 0.3203125 0.08046875 0.55 0.159375
4 0.8859375 0.57734375 0.196875 0.1796875
4 0.86640625 0.73984375 0.15625 0.153125
4 0.115625 0.6125 0.23125 0.1421875
3 0.5125 0.903125 0.175 0.184375
1 0.21171875 0.12265625 0.4234375 0.2453125
4 0.79609375 0.95390625 0.290625 0.084375