2 0.55703125 0.890625 0.1078125 0.209375
4 0.125 0.84296875 0.159375 0.153125
3 0.76875 0.26875 0.36875 0.521875
3 0.09453125 0.1609375 0.18125 0.228125
0 0.47265625 0.55703125 0.225 0.38125
4 0.375 0.74296875 0.0953125 0.284375
3 0.60078125 0.20078125 0.121875 0.4015625
4 0.38828125 0.11484375 0.1453125 0.2296875
3 0.08828125 0.36875 0.1609375 0.225
1 0.91953125 0.31484375 0.1609375 0.565625
3 0.95 0.603125 0.1 0.346875
4 0.259375 0.865625 0.153125 0.153125
4 0.4234375 0.88671875 0.175 0.196875
3 0.09609375 0.50859375 0.184375 0.18125
1 0.8765625 0.2109375 0.246875 0.421875
4 0.0453125 0.796875 0.08125 0.2921875