2 0.44296875 0.109375 0.1078125 0.209375
4 0.875 0.15703125 0.15859375 0.153125
3 0.23125 0.73125 0.36953125 0.521875
3 0.90546875 0.8390625 0.18046875 0.228125
0 0.52734375 0.44296875 0.22421875 0.38125
4 0.625 0.25703125 0.0953125 0.28515625
3 0.39921875 0.79921875 0.12265625 0.4015625
4 0.61171875 0.88515625 0.1453125 0.2296875
3 0.91171875 0.63125 0.1609375 0.225
1 0.08046875 0.68515625 0.1609375 0.56640625
3 0.05 0.396875 0.1 0.34609375
4 0.740625 0.134375 0.15234375 0.15390625
4 0.5765625 0.11328125 0.175 0.196875
3 0.90390625 0.49140625 0.184375 0.18125
1 0.1234375 0.7890625 0.246875 0.421875
4 0.9546875 0.203125 0.08203125 0.2921875