2 0.553125 0.109375 0.11875 0.209375
4 0.125 0.15625 0.159375 0.1546875
0 0.459375 0.4453125 0.23125 0.3875
4 0.37578125 0.2625 0.0984375 0.290625
3 0.09921875 0.84296875 0.1890625 0.23125
4 0.3984375 0.89375 0.165625 0.2125
3 0.7125 0.72578125 0.321875 0.5359375
3 0.08671875 0.609375 0.15625 0.2421875
3 0.5890625 0.809375 0.146875 0.38125
4 0.42109375 0.1125 0.175 0.1921875
4 0.2609375 0.13359375 0.15 0.153125
4 0.046875 0.2078125 0.084375 0.2890625
3 0.09609375 0.4984375 0.184375 0.175
1 0.9203125 0.66015625 0.159375 0.515625
3 0.9515625 0.17734375 0.096875 0.2359375
3 0.13046875 0.9765625 0.1421875 0.046875
4 0.896875 0.78203125 0.20625 0.4359375