2 0.10625 0.5515625 0.209375 0.121875
4 0.15625 0.12578125 0.15625 0.159375
0 0.44609375 0.459375 0.3890625 0.23125
4 0.2640625 0.375 0.2859375 0.096875
3 0.84140625 0.10078125 0.221875 0.1921875
4 0.89453125 0.40078125 0.2109375 0.1625
3 0.60859375 0.08671875 0.240625 0.1578125
3 0.8078125 0.58671875 0.384375 0.1515625
3 0.71875 0.7171875 0.5234375 0.3328125
4 0.1140625 0.42109375 0.1890625 0.1734375
4 0.1328125 0.2625 0.153125 0.146875
3 0.9765625 0.1265625 0.046875 0.14375
4 0.2078125 0.04609375 0.290625 0.084375
4 0.659375 0.92109375 0.528125 0.1578125
3 0.503125 0.0953125 0.1703125 0.1828125
3 0.203125 0.94921875 0.228125 0.1015625