2 0.446875 0.10703125 0.11875 0.20859375
4 0.875 0.15625 0.15859375 0.1546875
0 0.540625 0.44609375 0.23125 0.38984375
3 0.8984375 0.8328125 0.19453125 0.22578125
4 0.625 0.26328125 0.09765625 0.28671875
4 0.59921875 0.8984375 0.16171875 0.203125
3 0.41640625 0.80546875 0.15703125 0.3890625
3 0.91328125 0.61171875 0.15703125 0.24609375
4 0.57890625 0.11484375 0.1734375 0.19296875
4 0.7390625 0.13359375 0.15234375 0.15546875
3 0.31171875 0.71015625 0.29375 0.465625
3 0.871875 0.97265625 0.14375 0.05390625
4 0.95390625 0.20859375 0.08359375 0.29609375
4 0.078125 0.66015625 0.15625 0.5296875
3 0.9078125 0.49453125 0.1765625 0.1515625