2 0.44765625 0.10625 0.1203125 0.209375
4 0.875 0.15625 0.15625 0.153125
0 0.540625 0.446875 0.23125 0.390625
4 0.62421875 0.259375 0.096875 0.2828125
4 0.6 0.89765625 0.159375 0.2046875
3 0.89765625 0.8359375 0.1953125 0.2171875
3 0.91171875 0.61015625 0.153125 0.24375
3 0.2765625 0.65390625 0.346875 0.33125
3 0.4171875 0.8046875 0.1625 0.390625
3 0.9078125 0.4890625 0.178125 0.1453125
4 0.090625 0.8015625 0.18125 0.396875
4 0.73984375 0.13359375 0.15 0.153125
4 0.95390625 0.20703125 0.084375 0.3
4 0.5796875 0.1140625 0.1703125 0.2
4 0.078125 0.65859375 0.15625 0.528125