2 0.5546875 0.109375 0.115625 0.209375
4 0.125 0.15625 0.15625 0.1515625
0 0.459375 0.44609375 0.23125 0.390625
4 0.37578125 0.26640625 0.096875 0.28125
4 0.39765625 0.8921875 0.15625 0.215625
3 0.1046875 0.83125 0.2 0.2140625
3 0.5859375 0.80546875 0.175 0.3875
3 0.09140625 0.60859375 0.153125 0.25
3 0.72109375 0.63359375 0.353125 0.340625
4 0.26015625 0.1328125 0.1515625 0.1546875
3 0.0921875 0.4890625 0.1765625 0.1453125
4 0.421875 0.11484375 0.171875 0.196875
4 0.04609375 0.20859375 0.084375 0.303125