2 0.55625 0.109375 0.1140625 0.2109375
4 0.125 0.15703125 0.159375 0.1515625
0 0.459375 0.446875 0.23125 0.390625
4 0.37578125 0.26875 0.096875 0.2765625
4 0.40234375 0.88984375 0.15625 0.21875
3 0.71953125 0.6171875 0.35 0.30625
3 0.10625 0.83671875 0.203125 0.21875
3 0.58671875 0.8046875 0.1765625 0.390625
3 0.09140625 0.6078125 0.15 0.253125
3 0.09375 0.48515625 0.178125 0.140625
4 0.421875 0.11640625 0.171875 0.19375
4 0.2609375 0.1328125 0.15 0.1546875
4 0.04609375 0.20625 0.084375 0.2984375
4 0.89609375 0.80234375 0.2078125 0.3953125
4 0.92421875 0.653125 0.1515625 0.51875