2 0.8921875 0.44296875 0.2109375 0.1125
4 0.84375 0.875 0.153125 0.159375
0 0.55390625 0.540625 0.3890625 0.23125
3 0.39609375 0.28046875 0.3171875 0.346875
4 0.73828125 0.6234375 0.278125 0.0984375
3 0.39375 0.90625 0.2578125 0.146875
4 0.1109375 0.5984375 0.221875 0.15625
3 0.196875 0.4078125 0.39375 0.190625
3 0.16015625 0.89375 0.221875 0.203125
4 0.88203125 0.578125 0.1984375 0.1703125
3 0.51953125 0.90390625 0.13125 0.178125
4 0.865625 0.73828125 0.153125 0.15
4 0.79453125 0.95390625 0.29375 0.084375
3 0.03125 0.86796875 0.0625 0.1390625
1 0.34375 0.075 0.5078125 0.15