2 0.44296875 0.89140625 0.109375 0.2125
4 0.87421875 0.84375 0.159375 0.153125
0 0.540625 0.553125 0.23125 0.390625
3 0.27734375 0.42421875 0.35 0.3640625
4 0.6234375 0.73515625 0.096875 0.284375
4 0.59765625 0.109375 0.15625 0.21875
3 0.896875 0.15859375 0.203125 0.2375
3 0.90703125 0.39296875 0.14375 0.253125
4 0.57578125 0.87734375 0.16875 0.1875
4 0.73828125 0.865625 0.1484375 0.1515625
3 0.3984375 0.19296875 0.2046875 0.38125
3 0.86875 0.0359375 0.1375 0.071875
3 0.90859375 0.51484375 0.171875 0.134375
4 0.953125 0.7921875 0.084375 0.2953125
4 0.11640625 0.17734375 0.221875 0.3453125