2 0.4421875 0.10625 0.10859375 0.209375
4 0.875 0.15625 0.15625 0.1515625
0 0.540625 0.44765625 0.2296875 0.39140625
4 0.62265625 0.26171875 0.09921875 0.2796875
3 0.296875 0.57421875 0.30703125 0.3671875
3 0.90703125 0.60390625 0.146875 0.253125
4 0.6015625 0.890625 0.15390625 0.21796875
3 0.89453125 0.8359375 0.20078125 0.2328125
3 0.39375 0.82265625 0.21875 0.3546875
4 0.575 0.121875 0.16640625 0.19296875
4 0.73984375 0.13359375 0.15234375 0.1546875
3 0.871875 0.9578125 0.13671875 0.08359375
4 0.95390625 0.2125 0.08359375 0.30234375
3 0.90546875 0.48515625 0.1765625 0.134375