2 0.89296875 0.55703125 0.209375 0.109375
4 0.84375 0.12578125 0.153125 0.15625
0 0.553125 0.459375 0.3890625 0.23125
3 0.45078125 0.71875 0.38125 0.30625
4 0.7359375 0.37734375 0.271875 0.1
4 0.109375 0.40390625 0.21875 0.1515625
3 0.39921875 0.08984375 0.2484375 0.1453125
3 0.1734375 0.61171875 0.346875 0.225
3 0.1765625 0.10625 0.265625 0.209375
4 0.86640625 0.2609375 0.153125 0.15
3 0.51875 0.09453125 0.15 0.18125
4 0.88125 0.4234375 0.196875 0.16875
1 0.2046875 0.8640625 0.409375 0.271875
4 0.7859375 0.04609375 0.3 0.084375
3 0.053125 0.12578125 0.1 0.140625