2 0.10703125 0.44375 0.209375 0.109375
4 0.15625 0.87421875 0.153125 0.1578125
0 0.4453125 0.54140625 0.3859375 0.23125
3 0.528125 0.28359375 0.40625 0.303125
4 0.26484375 0.62265625 0.271875 0.1
3 0.5984375 0.9109375 0.24375 0.153125
3 0.828125 0.3859375 0.34375 0.228125
3 0.8203125 0.89453125 0.26875 0.2078125
4 0.890625 0.59453125 0.21875 0.1515625
4 0.13359375 0.73984375 0.1546875 0.1515625
3 0.946875 0.87578125 0.096875 0.140625
1 0.78828125 0.13671875 0.4234375 0.2734375
3 0.484375 0.90625 0.146875 0.178125
4 0.11953125 0.584375 0.203125 0.178125
4 0.2125 0.953125 0.296875 0.084375
1 0.65 0.07734375 0.5 0.153125