2 0.44375 0.10703125 0.1109375 0.209375
4 0.87421875 0.15625 0.1578125 0.1546875
0 0.54140625 0.4453125 0.23125 0.3859375
3 0.28359375 0.528125 0.303125 0.40625
4 0.62265625 0.26484375 0.1 0.271875
3 0.9109375 0.5984375 0.153125 0.2453125
3 0.3859375 0.828125 0.2296875 0.34375
3 0.89453125 0.8203125 0.20625 0.2703125
4 0.59453125 0.890625 0.1515625 0.21875
4 0.73984375 0.13359375 0.1515625 0.1546875
3 0.87578125 0.946875 0.140625 0.096875
1 0.13671875 0.78828125 0.2734375 0.4234375
3 0.90625 0.484375 0.178125 0.146875
4 0.584375 0.11953125 0.178125 0.203125
4 0.953125 0.2125 0.084375 0.296875
1 0.07734375 0.65 0.1546875 0.5