4 0.875 0.15625 0.159375 0.153125
2 0.44375 0.10625 0.109375 0.209375
3 0.28984375 0.5265625 0.2625 0.4265625
0 0.54140625 0.4421875 0.23125 0.3765625
3 0.9 0.7953125 0.196875 0.26875
4 0.62265625 0.26484375 0.1 0.275
4 0.590625 0.890625 0.159375 0.21875
3 0.38671875 0.82734375 0.2140625 0.3453125
3 0.91171875 0.590625 0.146875 0.228125
1 0.1390625 0.7875 0.278125 0.425
4 0.578125 0.1171875 0.175 0.203125
1 0.078125 0.65234375 0.15625 0.509375
4 0.73984375 0.13359375 0.15 0.153125
3 0.90625 0.48203125 0.178125 0.175
4 0.953125 0.21015625 0.084375 0.2953125
3 0.871875 0.95234375 0.134375 0.0953125