2 0.44375 0.89140625 0.1109375 0.2109375
4 0.87421875 0.84375 0.15625 0.1515625
3 0.2875 0.475 0.21875 0.440625
0 0.54140625 0.559375 0.23125 0.371875
4 0.621875 0.7359375 0.1 0.278125
3 0.90390625 0.22265625 0.1875 0.2578125
4 0.59375 0.10703125 0.1625 0.2140625
3 0.3609375 0.1671875 0.2625 0.334375
3 0.9171875 0.41171875 0.1453125 0.21875
1 0.1453125 0.2140625 0.28125 0.428125
4 0.7375 0.8671875 0.146875 0.153125
1 0.0796875 0.353125 0.159375 0.509375
4 0.57890625 0.8828125 0.178125 0.203125
3 0.90234375 0.51640625 0.1875 0.215625
4 0.95390625 0.78984375 0.084375 0.296875