2 0.44375 0.10859375 0.11015625 0.2109375
4 0.87421875 0.15625 0.1578125 0.15234375
3 0.28984375 0.52265625 0.2078125 0.4390625
0 0.54140625 0.44140625 0.2328125 0.37109375
4 0.62109375 0.2625 0.10234375 0.2828125
3 0.90390625 0.77578125 0.1859375 0.2578125
4 0.59296875 0.89296875 0.1640625 0.2140625
3 0.35234375 0.82734375 0.265625 0.33984375
3 0.915625 0.5890625 0.14375 0.21484375
1 0.146875 0.78671875 0.284375 0.4265625
4 0.73828125 0.13359375 0.146875 0.1515625
4 0.578125 0.11875 0.17578125 0.20234375
1 0.0796875 0.65390625 0.159375 0.51484375
3 0.90234375 0.48203125 0.18671875 0.21484375
4 0.95390625 0.209375 0.084375 0.2921875