2 0.44375 0.10859375 0.11015625 0.21015625
4 0.87421875 0.15625 0.1578125 0.15234375
0 0.5421875 0.44140625 0.2328125 0.36875
3 0.28984375 0.50859375 0.190625 0.41953125
4 0.621875 0.2625 0.10234375 0.2796875
3 0.90390625 0.7640625 0.1859375 0.25625
4 0.59375 0.8921875 0.1625 0.215625
3 0.353125 0.8328125 0.27109375 0.334375
1 0.1375 0.7875 0.275 0.425
3 0.9171875 0.58671875 0.14609375 0.2
4 0.73828125 0.13359375 0.146875 0.15234375
4 0.5765625 0.12109375 0.17109375 0.196875
1 0.0796875 0.6546875 0.159375 0.51328125
3 0.90234375 0.47890625 0.18671875 0.20703125
4 0.953125 0.209375 0.08515625 0.29453125