2 0.44375 0.89140625 0.109375 0.2109375
3 0.29140625 0.50390625 0.171875 0.4421875
4 0.875 0.84375 0.15625 0.15
0 0.54140625 0.553125 0.23125 0.378125
4 0.62109375 0.7359375 0.103125 0.2765625
4 0.59453125 0.1078125 0.1609375 0.215625
1 0.1453125 0.21328125 0.284375 0.4265625
3 0.90234375 0.2328125 0.190625 0.290625
3 0.3515625 0.1703125 0.265625 0.3359375
4 0.5765625 0.87890625 0.16875 0.1953125
1 0.0796875 0.34453125 0.159375 0.5171875
3 0.91796875 0.41484375 0.1515625 0.190625
4 0.73828125 0.86640625 0.146875 0.153125
3 0.90234375 0.521875 0.1875 0.20625
4 0.95390625 0.790625 0.084375 0.290625