2 0.10859375 0.55625 0.2109375 0.1109375
3 0.48828125 0.70859375 0.4578125 0.159375
4 0.15546875 0.12578125 0.15 0.15625
3 0.77109375 0.1 0.309375 0.1953125
0 0.4421875 0.45859375 0.36875 0.23125
4 0.26328125 0.37734375 0.2796875 0.1
1 0.78671875 0.85546875 0.4265625 0.2828125
4 0.89140625 0.4046875 0.215625 0.159375
3 0.8296875 0.65 0.3359375 0.265625
4 0.134375 0.26171875 0.153125 0.146875
1 0.66328125 0.9203125 0.5265625 0.159375
4 0.1203125 0.42265625 0.196875 0.171875
3 0.58359375 0.08046875 0.1828125 0.153125
3 0.47734375 0.09765625 0.2 0.1859375
4 0.209375 0.04609375 0.2921875 0.084375