2 0.44375 0.1078125 0.1109375 0.209375
4 0.8734375 0.15625 0.15625 0.1515625
3 0.296875 0.48125 0.153125 0.48125
0 0.54140625 0.43984375 0.23125 0.3640625
4 0.62265625 0.26328125 0.1 0.28125
1 0.1453125 0.78671875 0.284375 0.425
4 0.59765625 0.89296875 0.159375 0.2140625
3 0.3484375 0.83125 0.26875 0.33125
3 0.89921875 0.74453125 0.196875 0.278125
4 0.73828125 0.13359375 0.146875 0.153125
1 0.0796875 0.65546875 0.159375 0.5078125
3 0.91953125 0.57890625 0.153125 0.175
3 0.903125 0.48046875 0.184375 0.2015625
4 0.578125 0.11875 0.171875 0.2
4 0.95390625 0.21171875 0.084375 0.290625
3 0.96171875 0.75546875 0.0765625 0.275