2 0.1078125 0.55625 0.2109375 0.1109375
4 0.15625 0.12578125 0.15 0.15625
0 0.440625 0.4578125 0.36875 0.23125
1 0.78671875 0.85390625 0.425 0.2859375
3 0.4703125 0.7 0.50625 0.140625
4 0.26328125 0.3765625 0.28125 0.096875
3 0.7265625 0.103125 0.253125 0.203125
4 0.8921875 0.403125 0.215625 0.159375
3 0.83046875 0.65234375 0.3328125 0.271875
4 0.13359375 0.26171875 0.1546875 0.1515625
4 0.11875 0.42265625 0.1953125 0.1703125
1 0.65390625 0.91953125 0.5078125 0.1609375
3 0.575 0.08359375 0.159375 0.159375
3 0.4734375 0.09453125 0.1796875 0.18125
4 0.21171875 0.04609375 0.290625 0.084375