2 0.44375 0.1078125 0.1109375 0.209375
4 0.87421875 0.15625 0.15859375 0.1515625
0 0.5421875 0.44140625 0.23125 0.36875
4 0.62265625 0.2625 0.09921875 0.28515625
3 0.3 0.4703125 0.13828125 0.51015625
1 0.14375 0.78671875 0.28125 0.4265625
3 0.89765625 0.7296875 0.2 0.25859375
3 0.35234375 0.83125 0.2625 0.33203125
4 0.59765625 0.89296875 0.1578125 0.2140625
4 0.5765625 0.11953125 0.175 0.1921875
4 0.7375 0.13359375 0.14609375 0.15078125
1 0.08046875 0.6515625 0.1609375 0.5015625
3 0.915625 0.578125 0.16171875 0.16484375
3 0.903125 0.475 0.18515625 0.19296875
4 0.95390625 0.2109375 0.08359375 0.2890625