2 0.89140625 0.44375 0.2109375 0.109375
4 0.84296875 0.875 0.15 0.15625
0 0.559375 0.5421875 0.36875 0.23125
3 0.5328125 0.296875 0.515625 0.1375
4 0.73125 0.6234375 0.284375 0.096875
1 0.2125 0.14609375 0.425 0.284375
4 0.1046875 0.5984375 0.209375 0.15625
3 0.271875 0.8984375 0.25625 0.2
3 0.16875 0.35078125 0.33125 0.2671875
4 0.88046875 0.57578125 0.1875 0.171875
4 0.86640625 0.7390625 0.153125 0.1484375
3 0.421875 0.915625 0.165625 0.1609375
1 0.3296875 0.0796875 0.5375 0.159375
3 0.52265625 0.90234375 0.1953125 0.1875
4 0.78515625 0.95390625 0.2953125 0.084375