2 0.55546875 0.10859375 0.1125 0.2109375
4 0.125 0.15625 0.1578125 0.1515625
0 0.4578125 0.43984375 0.23125 0.36875
3 0.70390625 0.46796875 0.1375 0.515625
4 0.37578125 0.2703125 0.096875 0.28125
1 0.85390625 0.7875 0.284375 0.425
3 0.1015625 0.72734375 0.2 0.2546875
3 0.64921875 0.83125 0.2625 0.33125
4 0.40078125 0.89453125 0.1578125 0.2109375
4 0.4234375 0.11953125 0.171875 0.184375
4 0.2609375 0.134375 0.1484375 0.153125
3 0.08203125 0.5765625 0.15625 0.1609375
1 0.91953125 0.6578125 0.159375 0.5140625
3 0.09765625 0.47421875 0.1859375 0.1921875
4 0.04609375 0.2109375 0.084375 0.2875