2 0.44375 0.89140625 0.109375 0.209375
4 0.87421875 0.84375 0.15625 0.15
3 0.29453125 0.5390625 0.1390625 0.5203125
0 0.5421875 0.5625 0.23125 0.365625
4 0.62421875 0.7328125 0.096875 0.2875
3 0.8984375 0.26953125 0.2 0.2625
3 0.35859375 0.1640625 0.2625 0.328125
1 0.14453125 0.21328125 0.2828125 0.4265625
4 0.5984375 0.1109375 0.15 0.221875
4 0.7375 0.865625 0.1484375 0.153125
4 0.57734375 0.87890625 0.171875 0.178125
1 0.0796875 0.33359375 0.159375 0.5296875
3 0.915625 0.421875 0.159375 0.1625
3 0.90234375 0.52578125 0.1859375 0.19375
4 0.95390625 0.7859375 0.084375 0.2828125
3 0.8671875 0.05234375 0.125 0.096875