2 0.89140625 0.44375 0.2109375 0.109375
4 0.84453125 0.87421875 0.15 0.15625
4 0.73046875 0.62265625 0.2875 0.0984375
0 0.56171875 0.5421875 0.3578125 0.23125
1 0.2203125 0.15 0.4265625 0.2875
3 0.56640625 0.29921875 0.503125 0.134375
3 0.275 0.89921875 0.2484375 0.196875
4 0.11796875 0.6078125 0.2359375 0.1359375
3 0.18828125 0.353125 0.375 0.290625
4 0.86640625 0.73828125 0.153125 0.1484375
1 0.33828125 0.08046875 0.521875 0.1609375
4 0.87578125 0.57734375 0.171875 0.1734375
3 0.42421875 0.9171875 0.1609375 0.15625
3 0.52421875 0.90625 0.184375 0.178125
4 0.78984375 0.95390625 0.2875 0.084375