2 0.44375 0.89140625 0.1109375 0.209375
4 0.87421875 0.84375 0.15625 0.153125
4 0.62265625 0.73125 0.0984375 0.2875
0 0.5421875 0.56171875 0.23125 0.359375
3 0.29921875 0.5765625 0.134375 0.4875
1 0.14921875 0.2203125 0.2875 0.4265625
4 0.60859375 0.1203125 0.134375 0.240625
3 0.9 0.275 0.196875 0.25
3 0.35234375 0.18671875 0.2921875 0.3734375
4 0.7390625 0.86640625 0.146875 0.1515625
1 0.08046875 0.3390625 0.1609375 0.521875
3 0.91640625 0.425 0.159375 0.1609375
4 0.57734375 0.8765625 0.1765625 0.178125
3 0.9046875 0.521875 0.1828125 0.1890625
4 0.95390625 0.78984375 0.084375 0.2859375