2 0.44375 0.89140625 0.109375 0.2109375
4 0.87421875 0.84453125 0.159375 0.153125
4 0.621875 0.73125 0.1 0.290625
0 0.5421875 0.5640625 0.23125 0.35625
3 0.3015625 0.5953125 0.125 0.446875
1 0.1484375 0.2203125 0.2875 0.4265625
3 0.35625 0.1875 0.296875 0.375
3 0.9 0.2734375 0.196875 0.253125
4 0.61015625 0.11953125 0.13125 0.2390625
4 0.5765625 0.87734375 0.171875 0.171875
1 0.08046875 0.3484375 0.1609375 0.496875
4 0.7390625 0.86640625 0.15 0.153125
3 0.915625 0.42578125 0.1625 0.1640625
4 0.95390625 0.7890625 0.084375 0.2859375
3 0.909375 0.528125 0.1734375 0.16875