2 0.44375 0.1078125 0.1109375 0.209375
4 0.8734375 0.15625 0.159375 0.153125
4 0.621875 0.2671875 0.1015625 0.2875
3 0.3 0.38828125 0.121875 0.465625
1 0.14921875 0.78046875 0.2875 0.4265625
0 0.52890625 0.43203125 0.228125 0.35
3 0.35078125 0.80703125 0.3140625 0.3859375
4 0.6109375 0.88125 0.13125 0.2375
3 0.90078125 0.746875 0.1953125 0.2953125
1 0.08046875 0.65078125 0.1609375 0.5
4 0.7390625 0.13359375 0.15 0.1515625
4 0.57734375 0.12421875 0.1734375 0.1703125
4 0.95390625 0.21015625 0.084375 0.2875
3 0.91171875 0.47421875 0.16875 0.1625
3 0.915625 0.57109375 0.1609375 0.1609375