2 0.44375 0.10859375 0.11015625 0.2109375
4 0.87421875 0.15625 0.159375 0.1546875
4 0.621875 0.26953125 0.1 0.28828125
3 0.3546875 0.80546875 0.315625 0.3890625
3 0.3 0.38671875 0.11953125 0.47578125
1 0.14921875 0.78046875 0.28828125 0.42734375
0 0.54140625 0.43125 0.22890625 0.34609375
4 0.61171875 0.8796875 0.128125 0.23984375
3 0.9 0.73515625 0.1953125 0.2703125
4 0.73984375 0.13359375 0.15234375 0.1546875
1 0.08046875 0.653125 0.1609375 0.50625
4 0.57578125 0.125 0.17109375 0.16875
3 0.91171875 0.4703125 0.1703125 0.1578125
4 0.95390625 0.21015625 0.08359375 0.28984375
3 0.915625 0.57421875 0.16171875 0.1625
3 0.93203125 0.884375 0.13515625 0.23046875