2 0.44375 0.1078125 0.11015625 0.209375
4 0.8765625 0.15703125 0.15625 0.15234375
4 0.62265625 0.26953125 0.10078125 0.284375
3 0.3 0.3828125 0.11640625 0.4796875
3 0.36484375 0.79921875 0.29296875 0.4015625
1 0.14921875 0.7796875 0.28828125 0.42578125
0 0.5421875 0.43359375 0.23125 0.35
4 0.61328125 0.8765625 0.1265625 0.246875
3 0.90078125 0.7359375 0.19296875 0.271875
4 0.57578125 0.1265625 0.17109375 0.17109375
4 0.7421875 0.1328125 0.15546875 0.1546875
1 0.08046875 0.66953125 0.1609375 0.5359375
3 0.9234375 0.87421875 0.14375 0.25
4 0.95390625 0.2140625 0.08359375 0.296875
3 0.915625 0.571875 0.1625 0.1734375
3 0.90546875 0.4671875 0.1796875 0.15390625