2 0.1078125 0.44375 0.209375 0.109375
4 0.15703125 0.87578125 0.15 0.1546875
4 0.27109375 0.621875 0.284375 0.1015625
3 0.38203125 0.3 0.4796875 0.11875
1 0.7796875 0.14921875 0.425 0.2890625
0 0.434375 0.5421875 0.353125 0.23125
4 0.878125 0.6109375 0.24375 0.125
3 0.73203125 0.90078125 0.2625 0.19375
3 0.79765625 0.365625 0.403125 0.290625
4 0.1265625 0.57578125 0.171875 0.171875
4 0.1328125 0.74140625 0.1546875 0.1546875
3 0.87734375 0.92109375 0.24375 0.1484375
1 0.67421875 0.0796875 0.54375 0.159375
4 0.21484375 0.95390625 0.3 0.084375
3 0.571875 0.915625 0.165625 0.165625
3 0.4703125 0.90625 0.159375 0.178125