2 0.1078125 0.44375 0.209375 0.109375
4 0.15703125 0.87578125 0.15 0.15625
4 0.26953125 0.621875 0.284375 0.1015625
3 0.7859375 0.37265625 0.4125 0.2828125
3 0.375 0.29765625 0.49375 0.1203125
1 0.77890625 0.14921875 0.425 0.2875
4 0.8765625 0.61171875 0.246875 0.1296875
3 0.74453125 0.9015625 0.2875 0.1921875
0 0.43359375 0.54140625 0.35 0.23125
3 0.878125 0.91484375 0.240625 0.1609375
4 0.1265625 0.5765625 0.1734375 0.171875
4 0.134375 0.74296875 0.153125 0.15625
1 0.68046875 0.0796875 0.5609375 0.159375
4 0.21640625 0.95390625 0.3 0.084375
3 0.575 0.91484375 0.16875 0.1625
3 0.46328125 0.90625 0.159375 0.1796875