2 0.890625 0.44375 0.2125 0.109375
4 0.84296875 0.87578125 0.15 0.1546875
4 0.7296875 0.6234375 0.28125 0.0984375
3 0.21796875 0.36484375 0.41875 0.2984375
1 0.22109375 0.14921875 0.425 0.290625
4 0.1234375 0.61171875 0.246875 0.1296875
3 0.62734375 0.29765625 0.496875 0.121875
3 0.25859375 0.9015625 0.2828125 0.1921875
0 0.56640625 0.54140625 0.35 0.23125
4 0.87578125 0.57578125 0.175 0.171875
3 0.12109375 0.9125 0.2421875 0.16875
4 0.86640625 0.74140625 0.153125 0.1546875
1 0.3390625 0.08046875 0.521875 0.159375
3 0.42421875 0.91640625 0.1671875 0.159375
4 0.7859375 0.95390625 0.296875 0.084375
3 0.52734375 0.90546875 0.175 0.18125