2 0.44453125 0.10859375 0.109375 0.209375
4 0.8765625 0.15703125 0.1546875 0.1515625
4 0.621875 0.271875 0.1015625 0.28125
1 0.14921875 0.77890625 0.290625 0.4265625
4 0.61015625 0.87734375 0.1296875 0.2453125
3 0.3640625 0.78125 0.3078125 0.41875
3 0.2984375 0.37578125 0.128125 0.496875
0 0.54140625 0.434375 0.23125 0.353125
3 0.9015625 0.72421875 0.190625 0.2484375
4 0.57578125 0.12578125 0.1703125 0.1703125
3 0.91015625 0.8796875 0.1703125 0.2390625
4 0.7421875 0.1328125 0.1546875 0.1546875
1 0.08046875 0.69375 0.1609375 0.5875
4 0.95390625 0.2140625 0.0828125 0.296875
3 0.91640625 0.57265625 0.159375 0.165625
3 0.9046875 0.47578125 0.18125 0.184375