2 0.55625 0.1078125 0.109375 0.209375
1 0.85078125 0.77890625 0.2875 0.4265625
4 0.1234375 0.15703125 0.1546875 0.1515625
4 0.378125 0.27109375 0.1015625 0.28125
3 0.703125 0.378125 0.1328125 0.4875
3 0.09375 0.8796875 0.1828125 0.240625
0 0.4578125 0.434375 0.2328125 0.3515625
3 0.6515625 0.78359375 0.35625 0.409375
4 0.38828125 0.8796875 0.13125 0.240625
4 0.4265625 0.1265625 0.1703125 0.16875
3 0.096875 0.734375 0.190625 0.265625
4 0.25703125 0.134375 0.1546875 0.153125
1 0.91953125 0.653125 0.1609375 0.503125
4 0.04609375 0.21796875 0.084375 0.303125
3 0.09140625 0.5734375 0.171875 0.1765625
3 0.0921875 0.46953125 0.175 0.1734375