2 0.44453125 0.109375 0.11171875 0.2125
4 0.875 0.1546875 0.15390625 0.1484375
4 0.62421875 0.2703125 0.09453125 0.28125
3 0.2875 0.3765625 0.15546875 0.48984375
0 0.5421875 0.43515625 0.23359375 0.3515625
4 0.60625 0.88125 0.1421875 0.2375
4 0.575 0.12890625 0.16953125 0.17265625
3 0.8921875 0.86796875 0.209375 0.2640625
4 0.7421875 0.134375 0.1546875 0.15234375
1 0.08125 0.66875 0.16171875 0.53359375
1 0.140625 0.7875 0.28125 0.425
4 0.95390625 0.21328125 0.084375 0.29609375
3 0.21796875 0.92109375 0.21484375 0.1484375
3 0.9171875 0.56953125 0.1609375 0.16953125
3 0.90078125 0.7296875 0.19140625 0.2515625
3 0.91015625 0.45546875 0.1703125 0.15546875
3 0.3203125 0.778125 0.39375 0.3375