2 0.44453125 0.10859375 0.11171875 0.21171875
4 0.87421875 0.1546875 0.15390625 0.1484375
4 0.6234375 0.2703125 0.09609375 0.2796875
4 0.57421875 0.12734375 0.16875 0.1703125
0 0.5421875 0.43515625 0.23359375 0.3515625
3 0.28671875 0.37734375 0.15703125 0.48984375
4 0.60546875 0.88203125 0.14453125 0.23515625
1 0.08125 0.67265625 0.16171875 0.54453125
3 0.8921875 0.86875 0.2109375 0.26171875
4 0.740625 0.13359375 0.1515625 0.153125
3 0.22421875 0.91796875 0.2140625 0.15390625
4 0.95390625 0.21484375 0.084375 0.30078125
1 0.14140625 0.78671875 0.2828125 0.4265625
3 0.9015625 0.73203125 0.19140625 0.2546875
3 0.91640625 0.56796875 0.16328125 0.16796875
3 0.9109375 0.453125 0.16875 0.15546875
3 0.31796875 0.77265625 0.39453125 0.32890625