2 0.44453125 0.10859375 0.1125 0.2109375
4 0.875 0.153125 0.15 0.14609375
4 0.62265625 0.26875 0.09765625 0.278125
0 0.54140625 0.43125 0.23046875 0.3453125
3 0.2875 0.37421875 0.15625 0.49296875
4 0.57421875 0.128125 0.1703125 0.17109375
4 0.7421875 0.134375 0.1546875 0.15390625
3 0.890625 0.86953125 0.21328125 0.26015625
4 0.60234375 0.88359375 0.14921875 0.2328125
1 0.0796875 0.68515625 0.159375 0.56875
4 0.95390625 0.2140625 0.08359375 0.2984375
3 0.23671875 0.921875 0.225 0.1453125
3 0.3234375 0.775 0.3734375 0.35859375
3 0.8984375 0.75703125 0.19609375 0.28515625
1 0.12578125 0.78671875 0.25078125 0.4265625
3 0.915625 0.56796875 0.16171875 0.16953125
3 0.91171875 0.45 0.16640625 0.15859375