2 0.89140625 0.55546875 0.209375 0.1125
4 0.8453125 0.12578125 0.15 0.153125
4 0.73125 0.37578125 0.284375 0.096875
3 0.6265625 0.7109375 0.496875 0.1546875
0 0.5640625 0.45859375 0.353125 0.234375
4 0.86640625 0.2578125 0.153125 0.153125
3 0.1296875 0.1078125 0.259375 0.2125
4 0.115625 0.396875 0.23125 0.146875
1 0.21171875 0.8765625 0.4234375 0.246875
1 0.32890625 0.91953125 0.5375 0.1609375
4 0.87265625 0.425 0.16875 0.171875
4 0.78828125 0.04609375 0.29375 0.0828125
3 0.08203125 0.7734375 0.153125 0.2046875
3 0.2484375 0.10234375 0.26875 0.196875
3 0.775 0.9234375 0.25 0.153125
3 0.2578125 0.69296875 0.2953125 0.396875
3 0.5484375 0.084375 0.1859375 0.16875
3 0.43046875 0.084375 0.165625 0.1625