4 0.12421875 0.1546875 0.153125 0.15
2 0.55546875 0.1078125 0.1125 0.209375
4 0.3765625 0.26875 0.0984375 0.284375
3 0.7109375 0.378125 0.1546875 0.484375
0 0.45859375 0.43203125 0.23125 0.34375
3 0.10703125 0.86875 0.209375 0.2625
4 0.3984375 0.884375 0.15 0.23125
4 0.25703125 0.134375 0.1546875 0.153125
1 0.91953125 0.6796875 0.1609375 0.5546875
1 0.878125 0.78671875 0.24375 0.4234375
4 0.42578125 0.1265625 0.171875 0.16875
4 0.04609375 0.21015625 0.084375 0.29375
3 0.778125 0.91328125 0.228125 0.16875
3 0.69765625 0.73984375 0.4 0.2953125
3 0.1015625 0.7515625 0.196875 0.275
3 0.0875 0.44375 0.1640625 0.1671875
3 0.08515625 0.57109375 0.1640625 0.171875
3 0.9234375 0.22734375 0.153125 0.2453125