4 0.87578125 0.15625 0.15234375 0.15
2 0.4453125 0.10859375 0.1125 0.2109375
4 0.62265625 0.26875 0.0984375 0.28359375
3 0.2890625 0.38046875 0.153125 0.48203125
0 0.54140625 0.43515625 0.234375 0.34609375
3 0.225 0.90703125 0.2515625 0.18046875
1 0.11796875 0.7875 0.2359375 0.425
4 0.6015625 0.88359375 0.15 0.2328125
1 0.0796875 0.675 0.159375 0.553125
3 0.8953125 0.8671875 0.20390625 0.26484375
4 0.7421875 0.134375 0.15625 0.15390625
4 0.57578125 0.125 0.16796875 0.1671875
3 0.9125 0.4421875 0.1625 0.165625
4 0.95390625 0.21015625 0.0828125 0.2890625
3 0.30078125 0.7375 0.3984375 0.29921875
3 0.89765625 0.746875 0.196875 0.2625
3 0.915625 0.56953125 0.16015625 0.16953125
3 0.07578125 0.225 0.1515625 0.24453125