2 0.89140625 0.4453125 0.209375 0.1125
4 0.84296875 0.875 0.15 0.153125
3 0.6390625 0.2890625 0.471875 0.1484375
4 0.73828125 0.621875 0.28125 0.1
0 0.5609375 0.540625 0.346875 0.234375
3 0.13359375 0.89375 0.2671875 0.209375
4 0.11875 0.6015625 0.2375 0.146875
1 0.3375 0.0796875 0.528125 0.159375
4 0.865625 0.740625 0.15625 0.1546875
3 0.56015625 0.91328125 0.184375 0.1625
3 0.43046875 0.91640625 0.171875 0.159375
3 0.7828125 0.08125 0.275 0.1625
1 0.2140625 0.1109375 0.428125 0.221875
4 0.88125 0.575 0.1875 0.1734375
3 0.25625 0.284375 0.3140625 0.39375
3 0.24765625 0.89765625 0.259375 0.196875
4 0.7921875 0.95390625 0.2875 0.084375
3 0.078125 0.2140625 0.146875 0.246875