2 0.10859375 0.55546875 0.209375 0.1109375
4 0.15703125 0.12421875 0.15 0.153125
3 0.3609375 0.7109375 0.465625 0.1484375
4 0.2609375 0.3765625 0.284375 0.0984375
0 0.4375 0.459375 0.3453125 0.234375
3 0.8671875 0.10703125 0.265625 0.209375
4 0.88125 0.3984375 0.2375 0.1484375
1 0.675 0.91953125 0.55 0.1609375
4 0.13515625 0.25859375 0.1546875 0.153125
3 0.22109375 0.91875 0.259375 0.1625
4 0.11875 0.4234375 0.1875 0.171875
3 0.440625 0.08671875 0.1875 0.1625
3 0.57109375 0.08203125 0.175 0.15625
4 0.2078125 0.04609375 0.2875 0.084375
3 0.75390625 0.10234375 0.259375 0.1984375
3 0.73671875 0.73515625 0.309375 0.428125
3 0.92421875 0.7953125 0.1453125 0.2203125