2 0.109375 0.55546875 0.2125 0.1109375
4 0.15625 0.12578125 0.153125 0.15625
3 0.3640625 0.71015625 0.4796875 0.15
4 0.2609375 0.378125 0.284375 0.1
3 0.86953125 0.11015625 0.2609375 0.2140625
0 0.434375 0.459375 0.35 0.2359375
4 0.8828125 0.3953125 0.228125 0.15625
1 0.67734375 0.91953125 0.553125 0.1609375
4 0.1171875 0.421875 0.19375 0.175
4 0.13515625 0.25859375 0.15625 0.153125
3 0.753125 0.103125 0.253125 0.2
3 0.578125 0.08203125 0.196875 0.1609375
4 0.2078125 0.04609375 0.2875 0.084375
3 0.80546875 0.75 0.375 0.39375
3 0.784375 0.86953125 0.43125 0.2421875
3 0.44375 0.06015625 0.20625 0.1203125