4 0.84375 0.875 0.153125 0.1578125
2 0.89140625 0.44453125 0.2109375 0.1109375
3 0.634375 0.28984375 0.478125 0.15
3 0.12734375 0.88828125 0.253125 0.2171875
4 0.73828125 0.6234375 0.278125 0.0984375
0 0.565625 0.53984375 0.353125 0.2359375
4 0.11328125 0.60078125 0.2265625 0.15625
1 0.3203125 0.0796875 0.559375 0.159375
4 0.8640625 0.74140625 0.15625 0.15625
3 0.26328125 0.896875 0.221875 0.1984375
4 0.8828125 0.57734375 0.196875 0.1734375
3 0.43046875 0.9171875 0.1859375 0.15625
4 0.79140625 0.95390625 0.290625 0.0828125
3 0.2078125 0.22421875 0.390625 0.4109375
4 0.103125 0.43671875 0.20625 0.2125
3 0.21171875 0.12109375 0.4234375 0.2421875