4 0.875 0.15625 0.15546875 0.1515625
2 0.44375 0.10859375 0.1109375 0.209375
3 0.290625 0.36796875 0.14765625 0.4734375
4 0.62578125 0.2671875 0.0953125 0.28125
0 0.5390625 0.43671875 0.23671875 0.35859375
3 0.890625 0.8703125 0.2140625 0.259375
4 0.6078125 0.884375 0.1421875 0.23046875
4 0.578125 0.11640625 0.17265625 0.19296875
1 0.0796875 0.66484375 0.159375 0.52890625
3 0.19375 0.8 0.37265625 0.4
4 0.7421875 0.13671875 0.15546875 0.15859375
3 0.89765625 0.74453125 0.19765625 0.246875
3 0.91640625 0.56953125 0.1546875 0.1875
4 0.95390625 0.20546875 0.08359375 0.29296875
3 0.36640625 0.85703125 0.390625 0.28125