4 0.875 0.84375 0.15625 0.1515625
2 0.44375 0.89140625 0.1109375 0.209375
3 0.290625 0.63203125 0.146875 0.4734375
4 0.62578125 0.7328125 0.0953125 0.28125
0 0.5390625 0.56328125 0.2375 0.359375
3 0.890625 0.1296875 0.2140625 0.259375
4 0.6078125 0.115625 0.1421875 0.23125
4 0.578125 0.88359375 0.171875 0.19375
1 0.0796875 0.33515625 0.159375 0.528125
3 0.19375 0.2 0.371875 0.4
4 0.7421875 0.86328125 0.15625 0.159375
3 0.89765625 0.25546875 0.196875 0.246875
3 0.91640625 0.43046875 0.1546875 0.1875
4 0.95390625 0.79453125 0.084375 0.29375
3 0.36640625 0.14296875 0.390625 0.28125