4 0.87421875 0.15703125 0.15703125 0.153125
2 0.44375 0.10859375 0.11015625 0.209375
3 0.28984375 0.36875 0.14921875 0.47890625
4 0.625 0.2671875 0.09375 0.28125
0 0.5390625 0.43671875 0.23671875 0.35859375
3 0.890625 0.8703125 0.2140625 0.259375
4 0.609375 0.8859375 0.1375 0.228125
3 0.19140625 0.80078125 0.36875 0.39765625
1 0.0796875 0.65859375 0.159375 0.5140625
4 0.5765625 0.1171875 0.171875 0.1921875
3 0.89765625 0.73984375 0.19765625 0.2375
4 0.74140625 0.1359375 0.1546875 0.1578125
3 0.91640625 0.57109375 0.159375 0.1953125
4 0.95390625 0.20546875 0.084375 0.29140625
3 0.36875 0.85390625 0.39140625 0.2875