2 0.109375 0.55546875 0.2109375 0.1109375
4 0.15703125 0.12578125 0.15 0.15625
3 0.37890625 0.709375 0.484375 0.15
0 0.4375 0.46015625 0.3625 0.2375
4 0.8859375 0.38984375 0.228125 0.1359375
4 0.26171875 0.37578125 0.278125 0.096875
3 0.8703125 0.11015625 0.259375 0.2140625
3 0.79296875 0.81171875 0.4140625 0.3640625
1 0.65390625 0.9203125 0.5078125 0.159375
4 0.1171875 0.42265625 0.1921875 0.171875
3 0.74453125 0.10234375 0.246875 0.196875
4 0.13671875 0.25859375 0.159375 0.15625
3 0.5703125 0.084375 0.19375 0.15625
4 0.2046875 0.046875 0.2953125 0.084375
3 0.84921875 0.63828125 0.296875 0.409375