4 0.875 0.15703125 0.15625 0.153125
2 0.44453125 0.10859375 0.1125 0.209375
3 0.290625 0.38203125 0.15 0.475
4 0.61015625 0.88515625 0.1375 0.2296875
0 0.53984375 0.43828125 0.2375 0.3625
4 0.625 0.26328125 0.096875 0.2765625
3 0.88984375 0.8703125 0.2140625 0.259375
3 0.1875 0.79609375 0.3609375 0.4078125
1 0.08046875 0.6578125 0.1609375 0.5125
4 0.57734375 0.11796875 0.16875 0.1953125
3 0.8984375 0.725 0.1953125 0.2109375
4 0.74140625 0.13671875 0.15625 0.159375
3 0.91640625 0.57265625 0.15625 0.190625
4 0.95390625 0.2046875 0.084375 0.296875
3 0.35703125 0.8484375 0.421875 0.296875