2 0.44375 0.10859375 0.11015625 0.209375
4 0.87421875 0.15703125 0.1578125 0.15234375
3 0.2921875 0.3859375 0.1453125 0.46796875
4 0.62265625 0.26171875 0.096875 0.28203125
4 0.609375 0.8859375 0.1453125 0.22734375
3 0.890625 0.86875 0.21328125 0.26171875
0 0.5390625 0.45078125 0.2359375 0.38828125
3 0.1625 0.8375 0.31484375 0.325
1 0.08046875 0.65546875 0.1609375 0.5046875
4 0.57734375 0.1171875 0.17265625 0.19609375
3 0.35703125 0.80234375 0.4015625 0.3953125
4 0.740625 0.1359375 0.15546875 0.1578125
3 0.89921875 0.72578125 0.19453125 0.221875
3 0.915625 0.5734375 0.16015625 0.17421875
4 0.95390625 0.20546875 0.08359375 0.2921875