4 0.87421875 0.15703125 0.15703125 0.15234375
2 0.44453125 0.10859375 0.1109375 0.209375
3 0.29296875 0.3875 0.14453125 0.4671875
4 0.6234375 0.2625 0.0984375 0.27890625
4 0.61015625 0.8859375 0.1453125 0.22734375
3 0.35859375 0.8015625 0.39609375 0.396875
0 0.53828125 0.4484375 0.2359375 0.3828125
3 0.15625 0.83515625 0.3015625 0.32890625
3 0.89140625 0.86796875 0.2125 0.26328125
1 0.08046875 0.653125 0.16015625 0.49921875
4 0.5765625 0.1171875 0.1703125 0.19453125
4 0.740625 0.1359375 0.1546875 0.16015625
3 0.89921875 0.72734375 0.19375 0.2265625
3 0.9140625 0.57421875 0.1578125 0.16640625
4 0.953125 0.203125 0.084375 0.296875