4 0.87421875 0.84296875 0.15625 0.153125
2 0.44453125 0.890625 0.1109375 0.209375
4 0.62265625 0.7375 0.096875 0.2796875
4 0.609375 0.1140625 0.1453125 0.228125
3 0.3609375 0.20078125 0.3984375 0.4015625
3 0.29296875 0.60390625 0.14375 0.446875
0 0.53828125 0.55078125 0.234375 0.384375
3 0.15546875 0.16640625 0.2984375 0.3328125
3 0.89140625 0.13125 0.2125 0.2625
1 0.0796875 0.34921875 0.159375 0.4953125
4 0.57734375 0.88359375 0.1703125 0.196875
4 0.74140625 0.8640625 0.15625 0.159375
3 0.9015625 0.28984375 0.190625 0.209375
3 0.91796875 0.42578125 0.1546875 0.16875
4 0.953125 0.796875 0.084375 0.2984375