4 0.87421875 0.84375 0.15625 0.153125
2 0.44375 0.8921875 0.1109375 0.209375
4 0.6234375 0.7359375 0.0984375 0.2796875
4 0.609375 0.11328125 0.1453125 0.2265625
3 0.29375 0.609375 0.1421875 0.45625
3 0.35546875 0.20625 0.4171875 0.4125
3 0.1546875 0.178125 0.2984375 0.35625
0 0.5390625 0.55 0.234375 0.3875
3 0.890625 0.13203125 0.2125 0.2640625
1 0.0796875 0.346875 0.159375 0.503125
4 0.74140625 0.8640625 0.1546875 0.159375
4 0.57578125 0.88359375 0.175 0.1984375
3 0.9 0.25703125 0.1921875 0.2671875
3 0.9171875 0.425 0.15625 0.1671875
4 0.953125 0.79921875 0.084375 0.3