2 0.44375 0.10859375 0.11015625 0.21015625
4 0.875 0.15703125 0.15625 0.153125
4 0.62265625 0.26171875 0.09921875 0.28203125
4 0.60703125 0.88671875 0.1515625 0.2265625
3 0.29609375 0.3921875 0.13671875 0.45703125
3 0.15390625 0.81640625 0.2953125 0.36640625
0 0.5390625 0.4515625 0.23515625 0.3921875
3 0.35859375 0.7953125 0.41328125 0.40859375
3 0.89140625 0.8671875 0.2125 0.26484375
1 0.08125 0.65078125 0.16171875 0.49375
4 0.74140625 0.13671875 0.15390625 0.1578125
3 0.90234375 0.71796875 0.1890625 0.2328125
3 0.915625 0.57734375 0.15546875 0.16796875
4 0.57734375 0.11796875 0.171875 0.1984375
4 0.95390625 0.2015625 0.08359375 0.29765625