2 0.10859375 0.44375 0.209375 0.109375
4 0.15703125 0.875 0.153125 0.15625
4 0.26171875 0.62265625 0.2828125 0.1
3 0.39296875 0.29765625 0.45625 0.13125
4 0.88671875 0.60546875 0.2265625 0.1546875
3 0.8 0.37578125 0.4 0.3734375
3 0.8234375 0.153125 0.353125 0.29375
0 0.45390625 0.5390625 0.396875 0.234375
3 0.86640625 0.89140625 0.2671875 0.2125
1 0.653125 0.08125 0.4984375 0.1625
4 0.1359375 0.740625 0.159375 0.15625
3 0.71875 0.90234375 0.23125 0.1890625
4 0.1171875 0.5765625 0.196875 0.171875
3 0.575 0.915625 0.16875 0.15625
4 0.20078125 0.95390625 0.2984375 0.084375