2 0.44375 0.10859375 0.109375 0.209375
4 0.87421875 0.15703125 0.15703125 0.1515625
4 0.6046875 0.88671875 0.15546875 0.2265625
3 0.29921875 0.39375 0.1296875 0.45390625
4 0.62265625 0.26328125 0.0984375 0.28046875
3 0.15078125 0.8140625 0.2890625 0.371875
3 0.38671875 0.7859375 0.35859375 0.428125
0 0.5390625 0.45 0.234375 0.39140625
3 0.890625 0.8640625 0.2125 0.271875
1 0.0796875 0.65546875 0.159375 0.5046875
4 0.740625 0.1359375 0.153125 0.159375
4 0.5765625 0.11640625 0.171875 0.19609375
3 0.90078125 0.7421875 0.19140625 0.26875
4 0.95390625 0.203125 0.08359375 0.2953125
3 0.915625 0.575 0.1546875 0.16640625