4 0.1265625 0.84296875 0.15625 0.153125
2 0.55625 0.89140625 0.109375 0.209375
4 0.39609375 0.10859375 0.1578125 0.2171875
3 0.7 0.61171875 0.128125 0.4625
4 0.3765625 0.7359375 0.096875 0.2796875
3 0.61015625 0.22578125 0.359375 0.4375
1 0.8515625 0.22109375 0.2875 0.425
0 0.4609375 0.55 0.23125 0.39375
3 0.109375 0.13828125 0.2125 0.275
1 0.91953125 0.346875 0.159375 0.5
4 0.26015625 0.8625 0.1515625 0.1578125
3 0.09765625 0.27109375 0.1890625 0.2625
4 0.4234375 0.8828125 0.1703125 0.2
3 0.08515625 0.425 0.15625 0.175
4 0.046875 0.79453125 0.084375 0.290625