4 0.12578125 0.15703125 0.15625 0.153125
2 0.55546875 0.10859375 0.1109375 0.209375
4 0.396875 0.88828125 0.15625 0.2234375
3 0.70234375 0.38125 0.1265625 0.475
4 0.3765625 0.26640625 0.096875 0.284375
3 0.59296875 0.7765625 0.3421875 0.446875
1 0.85078125 0.78203125 0.2875 0.4296875
3 0.11015625 0.85703125 0.2140625 0.2859375
0 0.46171875 0.44765625 0.23125 0.39375
1 0.91953125 0.65859375 0.1609375 0.5140625
4 0.2609375 0.13828125 0.15 0.15625
3 0.09921875 0.72578125 0.190625 0.2625
4 0.42421875 0.12265625 0.175 0.184375
3 0.0859375 0.5734375 0.15 0.175
4 0.046875 0.2046875 0.084375 0.29375