2 0.44453125 0.10859375 0.1109375 0.209375
4 0.87421875 0.15703125 0.15703125 0.15234375
4 0.60390625 0.8890625 0.15703125 0.221875
3 0.4078125 0.7671875 0.3421875 0.4546875
4 0.625 0.2734375 0.0953125 0.2859375
3 0.2984375 0.38125 0.125 0.475
1 0.15 0.78046875 0.2859375 0.42734375
0 0.5375 0.44609375 0.23203125 0.38984375
3 0.88984375 0.85546875 0.2140625 0.2890625
4 0.5765625 0.12421875 0.17265625 0.18203125
4 0.73984375 0.13828125 0.15078125 0.15625
1 0.08046875 0.65 0.1609375 0.49453125
3 0.9015625 0.721875 0.18828125 0.2515625
3 0.9140625 0.57578125 0.146875 0.1703125
4 0.95390625 0.20546875 0.08359375 0.29296875