4 0.8734375 0.15703125 0.1578125 0.153125
2 0.44453125 0.1078125 0.1109375 0.209375
4 0.6046875 0.8875 0.15390625 0.225
4 0.625 0.27578125 0.09453125 0.28828125
3 0.30078125 0.3890625 0.125 0.4671875
1 0.14921875 0.7796875 0.284375 0.4265625
3 0.4078125 0.7546875 0.321875 0.47578125
4 0.575 0.125 0.171875 0.18515625
3 0.8921875 0.86171875 0.2109375 0.2765625
4 0.7390625 0.1375 0.14921875 0.15625
1 0.08046875 0.64921875 0.1609375 0.49453125
3 0.9015625 0.74140625 0.1890625 0.26875
0 0.5375 0.44453125 0.23203125 0.3859375
3 0.91328125 0.575 0.1578125 0.1703125
4 0.95390625 0.20703125 0.08359375 0.28984375