2 0.1078125 0.55625 0.2078125 0.109375
4 0.15703125 0.1265625 0.153125 0.1578125
4 0.2765625 0.375 0.284375 0.09375
3 0.38046875 0.70234375 0.475 0.125
4 0.88671875 0.3953125 0.2265625 0.153125
3 0.75859375 0.58828125 0.4671875 0.3109375
1 0.7796875 0.85078125 0.4265625 0.284375
3 0.85625 0.1078125 0.2875 0.209375
4 0.125 0.4234375 0.18125 0.1734375
4 0.13671875 0.26015625 0.1546875 0.15
1 0.65390625 0.91953125 0.503125 0.1609375
3 0.7171875 0.096875 0.23125 0.1859375
3 0.44765625 0.47578125 0.3859375 0.23125
3 0.5734375 0.0859375 0.165625 0.15
4 0.20625 0.046875 0.290625 0.084375