4 0.8734375 0.15703125 0.15703125 0.1515625
2 0.44375 0.109375 0.10859375 0.21015625
3 0.41328125 0.76796875 0.30234375 0.45
4 0.625 0.27734375 0.09453125 0.2875
3 0.29765625 0.378125 0.125 0.48125
4 0.6046875 0.8859375 0.1546875 0.228125
1 0.15 0.7796875 0.28515625 0.4265625
4 0.575 0.12578125 0.1703125 0.18125
3 0.89296875 0.846875 0.20859375 0.30625
3 0.9078125 0.72578125 0.178125 0.2671875
1 0.08046875 0.64765625 0.1609375 0.50703125
3 0.52421875 0.44453125 0.2296875 0.38359375
4 0.73984375 0.1375 0.15 0.15546875
3 0.9109375 0.57109375 0.13984375 0.16875
4 0.95390625 0.20703125 0.0828125 0.28828125