4 0.87421875 0.15703125 0.15703125 0.1515625
2 0.44296875 0.10859375 0.1078125 0.20859375
3 0.4078125 0.77265625 0.30546875 0.43984375
4 0.625 0.278125 0.09453125 0.2890625
3 0.296875 0.375 0.12578125 0.4890625
4 0.60859375 0.8859375 0.1484375 0.228125
1 0.14921875 0.7796875 0.28515625 0.4265625
4 0.575 0.1265625 0.16953125 0.17890625
3 0.91171875 0.70625 0.17109375 0.25
3 0.8921875 0.84140625 0.209375 0.31640625
3 0.521875 0.45078125 0.22265625 0.3984375
1 0.08046875 0.62578125 0.1609375 0.5546875
4 0.740625 0.1375 0.15234375 0.15625
3 0.9078125 0.56171875 0.14609375 0.16328125
4 0.95390625 0.20703125 0.08359375 0.2890625