4 0.87421875 0.84296875 0.15625 0.1515625
2 0.44296875 0.89140625 0.109375 0.209375
3 0.4078125 0.22578125 0.30625 0.434375
4 0.625 0.7203125 0.09375 0.29375
4 0.609375 0.1140625 0.1484375 0.228125
3 0.2984375 0.628125 0.128125 0.490625
1 0.15 0.2203125 0.284375 0.4265625
4 0.57421875 0.871875 0.1703125 0.178125
3 0.8921875 0.16015625 0.209375 0.3203125
3 0.51875 0.54921875 0.215625 0.3984375
3 0.9125 0.29609375 0.171875 0.246875
1 0.08046875 0.37421875 0.1609375 0.5359375
4 0.740625 0.86328125 0.1515625 0.1578125
3 0.90546875 0.44140625 0.153125 0.165625
4 0.95390625 0.79296875 0.084375 0.2875