2 0.89140625 0.44296875 0.209375 0.1078125
4 0.84296875 0.87421875 0.1515625 0.1578125
3 0.22890625 0.40703125 0.440625 0.3125
4 0.1140625 0.6078125 0.228125 0.146875
4 0.71953125 0.62421875 0.2921875 0.09375
3 0.625 0.296875 0.4921875 0.1328125
1 0.2203125 0.14921875 0.4265625 0.284375
4 0.87109375 0.57421875 0.178125 0.1703125
3 0.159375 0.89296875 0.31875 0.209375
1 0.3671875 0.08046875 0.490625 0.1609375
3 0.2875 0.9109375 0.2625 0.175
3 0.5484375 0.5203125 0.403125 0.2171875
4 0.86328125 0.73984375 0.15625 0.153125
3 0.44296875 0.9078125 0.153125 0.1546875
4 0.79296875 0.95390625 0.2875 0.084375