2 0.44296875 0.10859375 0.1078125 0.209375
4 0.87421875 0.15703125 0.1578125 0.153125
3 0.4140625 0.77578125 0.3171875 0.4328125
4 0.6109375 0.884375 0.14453125 0.23046875
4 0.62421875 0.28125 0.096875 0.29296875
3 0.29140625 0.36953125 0.1453125 0.48828125
1 0.15 0.7796875 0.2859375 0.42734375
3 0.8921875 0.83984375 0.20625 0.3203125
3 0.91171875 0.70859375 0.1703125 0.253125
4 0.5734375 0.1296875 0.17109375 0.17734375
1 0.08046875 0.6453125 0.1609375 0.4875
3 0.52109375 0.4546875 0.2203125 0.41484375
4 0.73984375 0.13828125 0.1546875 0.15703125
3 0.91328125 0.56484375 0.14453125 0.15703125
4 0.953125 0.20703125 0.084375 0.284375