2 0.55703125 0.10859375 0.1078125 0.209375
4 0.12578125 0.15703125 0.1578125 0.153125
3 0.5859375 0.77578125 0.3171875 0.4328125
4 0.3890625 0.884375 0.1453125 0.23125
4 0.37578125 0.28125 0.096875 0.29375
3 0.70859375 0.36953125 0.1453125 0.4875
1 0.85 0.7796875 0.2859375 0.428125
3 0.1078125 0.83984375 0.20625 0.3203125
3 0.08828125 0.70859375 0.1703125 0.253125
4 0.4265625 0.1296875 0.171875 0.178125
1 0.91953125 0.6453125 0.1609375 0.4875
3 0.47890625 0.4546875 0.2203125 0.415625
4 0.26015625 0.13828125 0.1546875 0.15625
3 0.08671875 0.56484375 0.1453125 0.1578125
4 0.046875 0.20703125 0.084375 0.284375