2 0.89140625 0.55625 0.209375 0.109375
4 0.84375 0.12578125 0.153125 0.1578125
3 0.225 0.5859375 0.434375 0.31875
4 0.11484375 0.3890625 0.2296875 0.14375
4 0.71953125 0.37578125 0.290625 0.0953125
1 0.2203125 0.85 0.428125 0.2859375
3 0.6265625 0.709375 0.490625 0.15
4 0.87109375 0.4265625 0.175 0.16875
3 0.16015625 0.10703125 0.3203125 0.2078125
1 0.35390625 0.91953125 0.490625 0.1609375
4 0.8625 0.259375 0.159375 0.1515625
3 0.2875 0.0875 0.2578125 0.16875
3 0.54453125 0.47890625 0.415625 0.2203125
3 0.4328125 0.08671875 0.159375 0.14375
4 0.7921875 0.04609375 0.284375 0.084375