4 0.87421875 0.15703125 0.15703125 0.15234375
2 0.44296875 0.10859375 0.10625 0.209375
3 0.4125 0.775 0.31484375 0.434375
4 0.625 0.28046875 0.09453125 0.290625
1 0.1484375 0.78671875 0.2859375 0.4265625
4 0.6125 0.88203125 0.140625 0.2359375
3 0.28671875 0.3765625 0.1578125 0.48828125
3 0.89296875 0.83984375 0.2078125 0.31953125
4 0.57265625 0.12890625 0.16953125 0.17734375
1 0.08046875 0.63359375 0.1609375 0.46015625
4 0.74140625 0.1375 0.15390625 0.15859375
3 0.909375 0.7203125 0.1734375 0.27734375
3 0.5234375 0.45078125 0.228125 0.40078125
3 0.91328125 0.575 0.14765625 0.159375
4 0.95390625 0.20625 0.084375 0.2828125