3 0.28671875 0.37734375 0.15390625 0.4921875
3 0.415625 0.77421875 0.32421875 0.4515625
0 0.528125 0.43828125 0.2234375 0.4328125
4 0.6078125 0.878125 0.14140625 0.24375
4 0.078125 0.6203125 0.15625 0.43828125
1 0.14296875 0.78515625 0.2859375 0.4296875
2 0.440625 0.1046875 0.11015625 0.209375
4 0.5703125 0.13203125 0.17421875 0.1765625
4 0.621875 0.26484375 0.09296875 0.2875
4 0.7375 0.13984375 0.15859375 0.16484375
4 0.86640625 0.1546875 0.16640625 0.1625
4 0.95703125 0.21640625 0.0859375 0.2640625
3 0.89453125 0.83828125 0.2109375 0.3234375
3 0.90859375 0.7109375 0.1828125 0.25625
3 0.90546875 0.565625 0.16328125 0.1625