4 0.87421875 0.15625 0.15703125 0.15234375
2 0.44375 0.10859375 0.10859375 0.2078125
3 0.41953125 0.771875 0.33828125 0.4421875
4 0.625 0.278125 0.0953125 0.30078125
1 0.14921875 0.7796875 0.2875 0.4265625
4 0.6140625 0.88125 0.14140625 0.2375
3 0.278125 0.37421875 0.1640625 0.49296875
1 0.08046875 0.62890625 0.16015625 0.4484375
3 0.8921875 0.84453125 0.20859375 0.3109375
4 0.7421875 0.1375 0.15390625 0.15859375
4 0.57265625 0.128125 0.16796875 0.16875
3 0.51875 0.43984375 0.21484375 0.43671875
3 0.9109375 0.71796875 0.17578125 0.284375
3 0.909375 0.56171875 0.1453125 0.165625
4 0.95390625 0.20625 0.08359375 0.28671875