4 0.15703125 0.12578125 0.153125 0.1546875
2 0.10859375 0.55625 0.2078125 0.109375
4 0.278125 0.378125 0.296875 0.1015625
3 0.7734375 0.58671875 0.4375 0.334375
1 0.7796875 0.85078125 0.4265625 0.2875
3 0.3734375 0.72265625 0.49375 0.165625
4 0.88125 0.3859375 0.2375 0.140625
1 0.62890625 0.91953125 0.4546875 0.1609375
4 0.1375 0.2578125 0.15625 0.1546875
3 0.8453125 0.1078125 0.309375 0.209375
4 0.1265625 0.428125 0.1671875 0.16875
3 0.71875 0.090625 0.284375 0.178125
3 0.43671875 0.47890625 0.43125 0.209375
4 0.2078125 0.04609375 0.284375 0.084375
3 0.56484375 0.09375 0.165625 0.1453125
3 0.3828125 0.94609375 0.315625 0.1078125