2 0.10859375 0.55625 0.2078125 0.1078125
4 0.15703125 0.12578125 0.153125 0.15625
4 0.27890625 0.38203125 0.3 0.109375
3 0.77265625 0.625 0.4390625 0.2671875
1 0.7875 0.8515625 0.425 0.2875
3 0.3765625 0.7203125 0.490625 0.1671875
4 0.88203125 0.3890625 0.2359375 0.1421875
3 0.8484375 0.10625 0.303125 0.20625
1 0.65234375 0.91953125 0.5015625 0.1609375
3 0.38203125 0.940625 0.38125 0.11875
3 0.46640625 0.503125 0.459375 0.15625
4 0.1265625 0.4265625 0.165625 0.1703125
4 0.13828125 0.25859375 0.15625 0.153125
3 0.72109375 0.09296875 0.253125 0.18125
3 0.559375 0.08984375 0.1328125 0.1609375
4 0.2109375 0.04609375 0.278125 0.084375