2 0.88984375 0.44296875 0.209375 0.1078125
4 0.84296875 0.875 0.1515625 0.1578125
3 0.22890625 0.371875 0.44375 0.2625
4 0.71953125 0.61484375 0.296875 0.115625
1 0.21328125 0.1484375 0.4265625 0.2875
3 0.26171875 0.9046875 0.278125 0.184375
3 0.62109375 0.28046875 0.49375 0.165625
4 0.11796875 0.61015625 0.234375 0.1421875
1 0.346875 0.08046875 0.503125 0.1609375
3 0.61796875 0.0609375 0.3875 0.121875
4 0.8734375 0.5734375 0.16875 0.16875
3 0.1421875 0.89296875 0.284375 0.2078125
4 0.86171875 0.74140625 0.15625 0.153125
3 0.5078125 0.49296875 0.515625 0.1484375
4 0.7890625 0.9546875 0.2796875 0.08125