2 0.88984375 0.4421875 0.209375 0.10625
4 0.84296875 0.87421875 0.153125 0.1578125
3 0.24921875 0.37109375 0.4875 0.2546875
4 0.71953125 0.615625 0.2984375 0.1125
1 0.2203125 0.14921875 0.428125 0.2859375
3 0.61953125 0.28359375 0.496875 0.165625
4 0.11953125 0.61328125 0.234375 0.1421875
3 0.259375 0.9046875 0.2765625 0.1859375
4 0.87109375 0.57265625 0.175 0.16875
3 0.621875 0.0625 0.390625 0.125
3 0.13671875 0.8890625 0.2734375 0.2171875
1 0.34609375 0.0796875 0.5046875 0.159375
4 0.8625 0.74140625 0.15625 0.153125
3 0.45703125 0.4890625 0.609375 0.15
4 0.7921875 0.95390625 0.284375 0.084375