2 0.55625 0.109375 0.109375 0.209375
4 0.1265625 0.15703125 0.15625 0.1515625
3 0.6390625 0.7609375 0.25 0.478125
4 0.38515625 0.28046875 0.115625 0.2984375
1 0.85078125 0.7796875 0.2859375 0.428125
3 0.7171875 0.38046875 0.1671875 0.49375
4 0.42734375 0.12890625 0.16875 0.175
3 0.50625 0.51015625 0.153125 0.540625
4 0.38671875 0.88046875 0.1421875 0.2328125
3 0.11171875 0.865625 0.2171875 0.26875
3 0.93984375 0.38046875 0.11875 0.3859375
1 0.91953125 0.65390625 0.159375 0.50625
3 0.09609375 0.7484375 0.1875 0.278125
4 0.259375 0.1375 0.153125 0.1578125
4 0.046875 0.20703125 0.084375 0.284375