4 0.87421875 0.1578125 0.1578125 0.1515625
2 0.440625 0.10859375 0.1046875 0.21171875
3 0.359375 0.76484375 0.240625 0.4703125
4 0.61484375 0.28046875 0.11640625 0.2953125
1 0.14921875 0.7875 0.2859375 0.425
3 0.28203125 0.38046875 0.1671875 0.49375
3 0.8890625 0.87109375 0.21640625 0.25703125
4 0.6125 0.87890625 0.14140625 0.23671875
4 0.5734375 0.1296875 0.16953125 0.1765625
1 0.08046875 0.65390625 0.1609375 0.50078125
3 0.49453125 0.5 0.16015625 0.5109375
3 0.9 0.7515625 0.1921875 0.25
3 0.0671875 0.375 0.134375 0.390625
4 0.74140625 0.13828125 0.153125 0.15546875
4 0.95390625 0.20703125 0.08359375 0.284375