4 0.8734375 0.15625 0.15625 0.153125
2 0.44375 0.11015625 0.1078125 0.21015625
3 0.3640625 0.75625 0.22734375 0.4875
4 0.6140625 0.27890625 0.115625 0.2984375
3 0.28828125 0.38203125 0.15625 0.475
1 0.15 0.78046875 0.28515625 0.4265625
4 0.57265625 0.128125 0.1671875 0.16875
4 0.61484375 0.87578125 0.1375 0.2421875
3 0.50703125 0.51796875 0.196875 0.503125
1 0.08046875 0.653125 0.1609375 0.5
4 0.7421875 0.1375 0.1546875 0.15703125
3 0.88671875 0.86796875 0.2203125 0.2640625
3 0.90703125 0.75625 0.18125 0.2765625
3 0.06875 0.39609375 0.13671875 0.34140625
4 0.95390625 0.20703125 0.084375 0.28359375