4 0.87421875 0.84375 0.15625 0.153125
2 0.44296875 0.8890625 0.10625 0.2125
3 0.36171875 0.246875 0.228125 0.49375
4 0.6140625 0.721875 0.1171875 0.3
3 0.28984375 0.61484375 0.1546875 0.471875
1 0.1484375 0.21328125 0.284375 0.4265625
4 0.61484375 0.12421875 0.1375 0.2421875
4 0.5734375 0.871875 0.16875 0.16875
3 0.50859375 0.4828125 0.1984375 0.5015625
1 0.0796875 0.34609375 0.159375 0.4984375
3 0.8875 0.140625 0.2203125 0.28125
4 0.74140625 0.86171875 0.1546875 0.15625
3 0.90703125 0.24296875 0.18125 0.2765625
3 0.06796875 0.61015625 0.1359375 0.33125
4 0.95390625 0.79375 0.084375 0.2859375