2 0.44375 0.1125 0.1078125 0.215625
4 0.8734375 0.15703125 0.1578125 0.153125
3 0.36015625 0.7328125 0.221875 0.51875
4 0.6140625 0.28046875 0.115625 0.296875
1 0.15 0.7796875 0.2859375 0.4265625
3 0.28984375 0.36640625 0.1515625 0.475
4 0.57265625 0.12890625 0.1671875 0.171875
4 0.615625 0.8765625 0.1390625 0.240625
1 0.0796875 0.653125 0.159375 0.503125
4 0.740625 0.13828125 0.1546875 0.159375
3 0.88828125 0.8609375 0.2171875 0.278125
3 0.065625 0.384375 0.13125 0.321875
3 0.9046875 0.76015625 0.184375 0.2484375
3 0.50859375 0.515625 0.2 0.490625
4 0.95390625 0.20625 0.084375 0.284375