2 0.4421875 0.1109375 0.10546875 0.21015625
4 0.8734375 0.15703125 0.1578125 0.15234375
3 0.35859375 0.73984375 0.21796875 0.50625
4 0.6140625 0.28125 0.115625 0.29609375
1 0.14921875 0.7796875 0.28515625 0.4265625
3 0.28984375 0.36796875 0.15 0.47890625
4 0.57265625 0.128125 0.165625 0.1703125
4 0.61484375 0.878125 0.13828125 0.23828125
1 0.08046875 0.65234375 0.16015625 0.49609375
3 0.50703125 0.5125 0.19765625 0.4875
3 0.8875 0.865625 0.21953125 0.26796875
4 0.740625 0.1375 0.153125 0.1578125
3 0.065625 0.38671875 0.13125 0.32890625
3 0.90390625 0.76015625 0.18359375 0.2359375
4 0.95390625 0.20703125 0.08359375 0.28515625