4 0.8734375 0.15703125 0.1578125 0.15234375
2 0.4421875 0.109375 0.10703125 0.2140625
3 0.359375 0.73984375 0.20625 0.50546875
4 0.6140625 0.28046875 0.11484375 0.29609375
3 0.28984375 0.35625 0.14921875 0.4515625
1 0.1484375 0.7796875 0.28359375 0.425
4 0.571875 0.128125 0.1671875 0.16875
4 0.61015625 0.88359375 0.1390625 0.23203125
1 0.08046875 0.65546875 0.1609375 0.49921875
4 0.740625 0.1375 0.15390625 0.1578125
3 0.06015625 0.38359375 0.1203125 0.3265625
3 0.50859375 0.51640625 0.203125 0.48125
3 0.90390625 0.76328125 0.18515625 0.23125
3 0.88671875 0.8609375 0.2203125 0.278125
4 0.95390625 0.2046875 0.08359375 0.28984375