2 0.88984375 0.55625 0.209375 0.1078125
4 0.84296875 0.1265625 0.1515625 0.15625
3 0.259375 0.63828125 0.5046875 0.2015625
4 0.71953125 0.3859375 0.2984375 0.115625
3 0.640625 0.709375 0.4484375 0.15
1 0.2203125 0.85078125 0.425 0.284375
4 0.87109375 0.42734375 0.175 0.1671875
4 0.1171875 0.3890625 0.234375 0.1375
1 0.34453125 0.91953125 0.496875 0.1609375
4 0.8609375 0.259375 0.1578125 0.153125
3 0.60703125 0.93984375 0.3484375 0.1203125
3 0.48359375 0.49140625 0.48125 0.20625
3 0.234375 0.096875 0.234375 0.1875
3 0.1390625 0.1125 0.278125 0.21875
4 0.79453125 0.04609375 0.290625 0.084375