2 0.5578125 0.11015625 0.1078125 0.215625
4 0.1265625 0.15703125 0.1578125 0.153125
3 0.63828125 0.740625 0.2015625 0.5046875
4 0.3859375 0.2796875 0.115625 0.2984375
1 0.8515625 0.78671875 0.284375 0.4265625
3 0.709375 0.3578125 0.1484375 0.453125
4 0.428125 0.12890625 0.1671875 0.16875
4 0.3890625 0.88359375 0.1390625 0.23125
1 0.91953125 0.65546875 0.1609375 0.4984375
3 0.490625 0.51875 0.2078125 0.4875
3 0.93984375 0.3875 0.1203125 0.334375
4 0.2609375 0.13828125 0.15 0.15625
3 0.09609375 0.76796875 0.1859375 0.2359375
3 0.11171875 0.8625 0.21875 0.275
4 0.04609375 0.203125 0.0828125 0.29375
3 0.084375 0.59296875 0.15 0.1390625