2 0.4421875 0.11015625 0.1078125 0.21484375
4 0.8734375 0.15703125 0.1578125 0.15234375
3 0.36171875 0.740625 0.20078125 0.5046875
4 0.6140625 0.2796875 0.115625 0.2984375
1 0.1484375 0.78671875 0.284375 0.4265625
3 0.290625 0.3578125 0.1484375 0.45390625
4 0.571875 0.12890625 0.16640625 0.16953125
4 0.6109375 0.88359375 0.13828125 0.23203125
1 0.08046875 0.65546875 0.1609375 0.4984375
3 0.509375 0.51875 0.20703125 0.4875
3 0.06015625 0.3875 0.1203125 0.33359375
4 0.7390625 0.13828125 0.15078125 0.15625
3 0.90390625 0.76796875 0.18515625 0.2359375
3 0.88828125 0.8625 0.21953125 0.275
4 0.95390625 0.203125 0.0828125 0.29296875
3 0.915625 0.59296875 0.15 0.13828125