2 0.44296875 0.11171875 0.10703125 0.2125
4 0.8734375 0.15703125 0.1578125 0.1515625
3 0.3625 0.74140625 0.1984375 0.503125
4 0.61328125 0.27890625 0.115625 0.29921875
1 0.1484375 0.78671875 0.284375 0.4265625
3 0.29296875 0.36328125 0.1453125 0.4390625
4 0.57265625 0.12890625 0.16796875 0.1703125
4 0.61484375 0.878125 0.13984375 0.2375
1 0.08046875 0.65703125 0.1609375 0.5015625
4 0.73984375 0.13828125 0.1515625 0.15546875
3 0.50859375 0.51953125 0.2078125 0.490625
3 0.059375 0.39296875 0.11875 0.34375
3 0.903125 0.76953125 0.1859375 0.2375
3 0.8890625 0.85625 0.215625 0.27734375
4 0.95390625 0.20234375 0.08359375 0.29453125