2 0.44375 0.11015625 0.10859375 0.2109375
4 0.87421875 0.15703125 0.1578125 0.15078125
3 0.3625 0.740625 0.19921875 0.50390625
4 0.6140625 0.28046875 0.115625 0.296875
3 0.3015625 0.378125 0.1265625 0.434375
1 0.1484375 0.7796875 0.2828125 0.425
4 0.61484375 0.87734375 0.140625 0.2390625
4 0.571875 0.12890625 0.165625 0.16875
3 0.509375 0.525 0.21328125 0.50234375
1 0.0796875 0.6546875 0.159375 0.50078125
3 0.05703125 0.37890625 0.11328125 0.31875
4 0.7375 0.13828125 0.14765625 0.15546875
3 0.88828125 0.865625 0.2171875 0.26796875
3 0.90546875 0.771875 0.18203125 0.23515625
4 0.95390625 0.20390625 0.08359375 0.29296875