2 0.11015625 0.44375 0.2125 0.1078125
4 0.15703125 0.875 0.15 0.1578125
3 0.73984375 0.3640625 0.50625 0.196875
4 0.28046875 0.6140625 0.296875 0.1171875
3 0.371875 0.29921875 0.43125 0.1265625
1 0.7796875 0.14921875 0.425 0.284375
4 0.128125 0.57265625 0.171875 0.16875
4 0.87734375 0.61484375 0.240625 0.1421875
1 0.65625 0.0796875 0.503125 0.159375
3 0.52109375 0.51015625 0.49375 0.215625
3 0.3703125 0.05625 0.30625 0.1125
4 0.1375 0.7390625 0.15625 0.1484375
3 0.77109375 0.90546875 0.234375 0.1828125
4 0.20390625 0.95390625 0.29375 0.084375
3 0.865625 0.8890625 0.26875 0.215625
3 0.66328125 0.92421875 0.1796875 0.1515625