2 0.11015625 0.55625 0.2125 0.1078125
4 0.15703125 0.125 0.15 0.1578125
3 0.73984375 0.6359375 0.50625 0.1984375
4 0.28046875 0.3859375 0.296875 0.1171875
3 0.371875 0.70078125 0.43125 0.1265625
1 0.7796875 0.85078125 0.425 0.284375
4 0.128125 0.42734375 0.171875 0.16875
4 0.87734375 0.38515625 0.240625 0.1421875
1 0.65625 0.9203125 0.503125 0.159375
3 0.52109375 0.48984375 0.49375 0.215625
3 0.3703125 0.94375 0.30625 0.1125
4 0.1375 0.2609375 0.15625 0.1484375
3 0.77109375 0.09453125 0.234375 0.18125
4 0.20390625 0.04609375 0.29375 0.084375
3 0.865625 0.1109375 0.26875 0.215625
3 0.66328125 0.07578125 0.1796875 0.1515625