2 0.44375 0.11015625 0.1078125 0.21171875
4 0.875 0.15703125 0.1578125 0.15078125
3 0.3640625 0.73984375 0.19765625 0.50546875
4 0.6140625 0.28046875 0.1171875 0.29609375
3 0.29921875 0.371875 0.1265625 0.43125
1 0.14921875 0.7796875 0.28359375 0.42578125
4 0.57265625 0.128125 0.16796875 0.17109375
4 0.61484375 0.87734375 0.1421875 0.23984375
1 0.0796875 0.65625 0.159375 0.503125
3 0.51015625 0.52109375 0.21484375 0.49453125
3 0.05625 0.3703125 0.1125 0.30625
4 0.7390625 0.1375 0.1484375 0.15625
3 0.90546875 0.77109375 0.18203125 0.23359375
4 0.95390625 0.20390625 0.08359375 0.29296875
3 0.8890625 0.865625 0.215625 0.26875
3 0.92421875 0.66328125 0.1515625 0.1796875