2 0.55703125 0.11015625 0.10625 0.209375
3 0.63828125 0.740625 0.2015625 0.503125
4 0.1265625 0.15625 0.15625 0.15
4 0.384375 0.27890625 0.1125 0.29375
1 0.85078125 0.7796875 0.284375 0.4265625
3 0.69375 0.3765625 0.1125 0.4359375
4 0.4265625 0.13046875 0.1671875 0.171875
4 0.3921875 0.88359375 0.153125 0.2265625
4 0.26015625 0.13515625 0.15 0.15625
1 0.9203125 0.65390625 0.159375 0.4984375
3 0.94375 0.38828125 0.1125 0.3390625
3 0.0796875 0.67109375 0.159375 0.2109375
3 0.49453125 0.50546875 0.1984375 0.48125
4 0.04609375 0.2 0.0828125 0.303125
3 0.1125 0.86875 0.21875 0.2625
3 0.09609375 0.78046875 0.184375 0.23125