2 0.55703125 0.1109375 0.1078125 0.2109375
3 0.63359375 0.74453125 0.1921875 0.496875
4 0.128125 0.15625 0.1546875 0.153125
4 0.38515625 0.27890625 0.1125 0.29375
1 0.85078125 0.7796875 0.284375 0.425
4 0.39921875 0.8953125 0.159375 0.209375
4 0.42890625 0.1296875 0.165625 0.1703125
3 0.696875 0.38984375 0.1125 0.40625
1 0.91953125 0.65546875 0.159375 0.5
4 0.2625 0.13359375 0.1453125 0.1546875
3 0.94375 0.3765625 0.1125 0.3109375
3 0.0859375 0.70546875 0.171875 0.1953125
4 0.04453125 0.20625 0.08125 0.29375
3 0.0828125 0.5875 0.146875 0.13125
3 0.49140625 0.50078125 0.2078125 0.4640625
3 0.1 0.80390625 0.1921875 0.228125
3 0.1109375 0.8796875 0.21875 0.240625