2 0.8890625 0.44375 0.2109375 0.1078125
3 0.25859375 0.3671875 0.503125 0.190625
4 0.84296875 0.87265625 0.153125 0.1546875
4 0.7203125 0.6140625 0.29375 0.115625
3 0.60390625 0.30390625 0.3828125 0.109375
1 0.2203125 0.1484375 0.4265625 0.2828125
4 0.86484375 0.740625 0.1546875 0.153125
4 0.8703125 0.571875 0.171875 0.165625
4 0.10703125 0.5984375 0.2140625 0.1609375
1 0.34453125 0.0796875 0.496875 0.159375
3 0.290625 0.9140625 0.184375 0.171875
3 0.61328125 0.05625 0.3328125 0.1125
4 0.79375 0.9546875 0.296875 0.0828125
3 0.1953125 0.90078125 0.2296875 0.190625
3 0.5 0.51484375 0.48125 0.228125
3 0.409375 0.9109375 0.1390625 0.159375
3 0.121875 0.87734375 0.2390625 0.240625