2 0.44140625 0.109375 0.10546875 0.2125
4 0.87265625 0.15625 0.153125 0.15234375
3 0.36875 0.74140625 0.1890625 0.50234375
4 0.61484375 0.28046875 0.11484375 0.29453125
3 0.30390625 0.4046875 0.1109375 0.38046875
1 0.14921875 0.78046875 0.284375 0.4265625
4 0.57109375 0.12890625 0.165625 0.1703125
4 0.59765625 0.8921875 0.1625 0.21484375
4 0.7375 0.134375 0.1484375 0.15234375
1 0.0796875 0.653125 0.159375 0.496875
3 0.05625 0.37265625 0.11171875 0.309375
3 0.89921875 0.80859375 0.19296875 0.221875
3 0.9109375 0.70625 0.178125 0.1796875
0 0.52265625 0.49765625 0.2296875 0.4859375
4 0.9546875 0.20703125 0.08203125 0.2953125
3 0.91171875 0.5828125 0.16015625 0.1328125
3 0.8703125 0.88125 0.2546875 0.23203125