2 0.44296875 0.11015625 0.10625 0.21015625
4 0.87265625 0.15625 0.15703125 0.153125
4 0.6140625 0.2796875 0.11484375 0.296875
3 0.36640625 0.7296875 0.19375 0.525
1 0.15 0.78046875 0.2875 0.42734375
3 0.303125 0.39453125 0.11015625 0.36796875
4 0.59765625 0.89140625 0.1609375 0.2171875
4 0.7375 0.134375 0.1453125 0.153125
4 0.571875 0.1296875 0.16796875 0.17109375
0 0.5234375 0.5 0.23125 0.4734375
1 0.07890625 0.65390625 0.1578125 0.4984375
3 0.90234375 0.69453125 0.1859375 0.16640625
3 0.05625 0.371875 0.1125 0.30234375
3 0.89921875 0.8140625 0.19296875 0.209375
3 0.871875 0.8765625 0.25546875 0.246875
4 0.95546875 0.20546875 0.08046875 0.30078125