2 0.44375 0.11015625 0.1078125 0.2109375
4 0.8734375 0.15625 0.15546875 0.15234375
4 0.6140625 0.28046875 0.115625 0.2953125
3 0.365625 0.72890625 0.1953125 0.52578125
1 0.15 0.78046875 0.2859375 0.4265625
3 0.3125 0.39765625 0.11015625 0.37421875
4 0.5984375 0.89140625 0.16015625 0.21640625
4 0.7390625 0.13515625 0.14765625 0.15234375
0 0.5234375 0.5015625 0.23046875 0.47890625
1 0.0796875 0.65625 0.159375 0.50078125
4 0.571875 0.12890625 0.1671875 0.171875
3 0.05625 0.3859375 0.11171875 0.33359375
3 0.90234375 0.69453125 0.18671875 0.165625
3 0.8984375 0.81875 0.1953125 0.19921875
4 0.9546875 0.20625 0.08125 0.30078125
3 0.871875 0.8765625 0.25625 0.24609375