2 0.55703125 0.1109375 0.10625 0.2125
4 0.1265625 0.15703125 0.15625 0.153125
3 0.634375 0.72578125 0.1953125 0.53125
4 0.3859375 0.2796875 0.115625 0.296875
1 0.85078125 0.78046875 0.284375 0.4265625
3 0.68671875 0.40078125 0.1125 0.384375
4 0.42734375 0.12890625 0.165625 0.171875
4 0.40078125 0.890625 0.1578125 0.21875
1 0.91953125 0.65546875 0.159375 0.4984375
4 0.26171875 0.134375 0.146875 0.1546875
3 0.4828125 0.5078125 0.2265625 0.46875
3 0.94375 0.38203125 0.1125 0.3296875
3 0.09921875 0.821875 0.190625 0.203125
3 0.09765625 0.6953125 0.1875 0.165625
4 0.04453125 0.2046875 0.08125 0.309375
3 0.13046875 0.87578125 0.25625 0.24375