2 0.11015625 0.4421875 0.209375 0.10625
4 0.15703125 0.87265625 0.15 0.153125
3 0.7328125 0.3640625 0.51875 0.2
4 0.28046875 0.61484375 0.2953125 0.115625
1 0.7796875 0.15 0.4265625 0.284375
4 0.1296875 0.57109375 0.1671875 0.165625
3 0.865625 0.8875 0.26875 0.2203125
3 0.409375 0.303125 0.39375 0.109375
4 0.88984375 0.60078125 0.2203125 0.1578125
1 0.6546875 0.0796875 0.496875 0.159375
4 0.1359375 0.7390625 0.15625 0.153125
3 0.5140625 0.5171875 0.4546875 0.2171875
4 0.2109375 0.95390625 0.3 0.0828125
3 0.42421875 0.05625 0.41875 0.1125
3 0.58359375 0.9140625 0.1328125 0.159375