2 0.88828125 0.55703125 0.2125 0.10625
3 0.26171875 0.63984375 0.509375 0.2125
4 0.71875 0.38515625 0.29375 0.1171875
4 0.84609375 0.14375 0.1421875 0.13125
3 0.1421875 0.11328125 0.284375 0.2171875
1 0.2125 0.8515625 0.425 0.284375
3 0.6078125 0.690625 0.4625 0.109375
0 0.48125 0.4703125 0.428125 0.228125
4 0.109375 0.3984375 0.21875 0.159375
4 0.87265625 0.428125 0.1640625 0.165625
4 0.86484375 0.26015625 0.1546875 0.15
1 0.34296875 0.91953125 0.5 0.1609375
3 0.58671875 0.94375 0.390625 0.1125
4 0.79765625 0.05078125 0.3 0.096875
3 0.4125 0.08046875 0.13125 0.153125
3 0.29375 0.1 0.184375 0.190625