2 0.44296875 0.11171875 0.10703125 0.2125
3 0.36015625 0.73828125 0.21171875 0.51015625
4 0.61484375 0.28125 0.1171875 0.29375
4 0.85625 0.15390625 0.13203125 0.1421875
3 0.88671875 0.8578125 0.2171875 0.284375
1 0.1484375 0.7875 0.284375 0.425
3 0.309375 0.3921875 0.11015625 0.46171875
0 0.5296875 0.51875 0.22734375 0.428125
4 0.6015625 0.890625 0.15859375 0.21875
4 0.571875 0.12734375 0.16640625 0.1640625
4 0.73984375 0.13515625 0.15 0.1546875
1 0.08046875 0.65703125 0.1609375 0.49921875
3 0.05625 0.41328125 0.1125 0.390625
4 0.94921875 0.20234375 0.09609375 0.3
3 0.91953125 0.5875 0.153125 0.13046875
3 0.9 0.70625 0.190625 0.18515625