2 0.88828125 0.55859375 0.209375 0.1015625
3 0.2765625 0.64375 0.5375 0.215625
0 0.490625 0.475 0.3875 0.253125
4 0.11484375 0.4015625 0.2296875 0.15625
1 0.35 0.9203125 0.49375 0.159375
3 0.66796875 0.6953125 0.4 0.1078125
3 0.1515625 0.1 0.303125 0.190625
4 0.79375 0.06171875 0.29375 0.11875
1 0.2234375 0.8734375 0.446875 0.240625
4 0.746875 0.3828125 0.334375 0.09375
3 0.603125 0.940625 0.3859375 0.11875
4 0.89609375 0.42265625 0.19375 0.165625
3 0.271875 0.09453125 0.2125 0.1796875
3 0.41328125 0.08515625 0.165625 0.15