2 0.11015625 0.440625 0.2109375 0.1
4 0.1125 0.57265625 0.159375 0.159375
3 0.7171875 0.34765625 0.5609375 0.18125
3 0.32421875 0.0734375 0.375 0.146875
0 0.5046875 0.503125 0.309375 0.275
4 0.88359375 0.61171875 0.2328125 0.1421875
3 0.740625 0.90859375 0.284375 0.178125
3 0.2234375 0.325 0.396875 0.090625
3 0.840625 0.90078125 0.3125 0.1921875
2 0.21875 0.6203125 0.39375 0.0953125
4 0.13984375 0.8703125 0.18125 0.153125
1 0.6734375 0.07890625 0.5375 0.15625
3 0.54453125 0.9125 0.31875 0.165625
4 0.2078125 0.94140625 0.2984375 0.1109375
3 0.77890625 0.12265625 0.428125 0.23125