4 0.57265625 0.88515625 0.159375 0.159375
3 0.33203125 0.29296875 0.1734375 0.5859375
3 0.07890625 0.6765625 0.1578125 0.4140625
2 0.43984375 0.890625 0.103125 0.209375
3 0.9109375 0.471875 0.16875 0.3453125
3 0.3203125 0.796875 0.090625 0.371875
4 0.6140625 0.1171875 0.14375 0.234375
4 0.8609375 0.86875 0.1734375 0.1921875
0 0.49609375 0.509375 0.26875 0.2875
3 0.90859375 0.25390625 0.178125 0.30625
2 0.62578125 0.7890625 0.0859375 0.378125
1 0.07890625 0.33359375 0.1578125 0.528125
3 0.1234375 0.221875 0.23125 0.428125
4 0.73984375 0.86796875 0.15 0.16875