4 0.42734375 0.11484375 0.159375 0.159375
3 0.66796875 0.70703125 0.1734375 0.5859375
3 0.92109375 0.3234375 0.1578125 0.4140625
2 0.56015625 0.109375 0.103125 0.209375
3 0.0890625 0.528125 0.16875 0.3453125
3 0.6796875 0.203125 0.090625 0.371875
4 0.3859375 0.8828125 0.14375 0.234375
4 0.1390625 0.13125 0.1734375 0.1921875
0 0.50390625 0.490625 0.26875 0.2875
3 0.09140625 0.74609375 0.178125 0.30625
2 0.37421875 0.2109375 0.0859375 0.378125
1 0.92109375 0.66640625 0.1578125 0.528125
3 0.8765625 0.778125 0.23125 0.4296875
4 0.26015625 0.13203125 0.15 0.16875