3 0.33046875 0.70078125 0.1671875 0.5984375
3 0.08359375 0.30625 0.1671875 0.44375
2 0.6265625 0.2078125 0.0859375 0.378125
0 0.48671875 0.475 0.25625 0.2890625
4 0.61328125 0.88203125 0.1453125 0.2359375
4 0.56796875 0.1140625 0.15 0.1609375
4 0.8640625 0.12890625 0.16875 0.1953125
3 0.91171875 0.75 0.171875 0.3234375
3 0.915625 0.46875 0.159375 0.3625
1 0.0796875 0.65703125 0.159375 0.4984375
2 0.43828125 0.10859375 0.103125 0.2125
3 0.95234375 0.196875 0.0953125 0.278125
3 0.3171875 0.20390625 0.09375 0.3859375
4 0.7390625 0.13203125 0.15 0.16875
3 0.125 0.7796875 0.234375 0.425