3 0.1703125 0.67265625 0.340625 0.09375
3 0.678125 0.64921875 0.6 0.140625
0 0.4578125 0.5234375 0.2875 0.2640625
3 0.27890625 0.90390625 0.425 0.1921875
2 0.19765625 0.365625 0.371875 0.084375
4 0.11640625 0.44296875 0.153125 0.134375
4 0.88125 0.38515625 0.2375 0.1484375
3 0.73984375 0.0859375 0.359375 0.165625
4 0.1296875 0.13359375 0.2 0.16875
1 0.6609375 0.92109375 0.51875 0.1578125
3 0.775 0.8734375 0.428125 0.2359375
2 0.10859375 0.56171875 0.2140625 0.1046875
4 0.1328125 0.259375 0.178125 0.1484375