3 0.32734375 0.1703125 0.09375 0.340625
3 0.35078125 0.678125 0.140625 0.6
0 0.4765625 0.4578125 0.2640625 0.2875
3 0.09609375 0.27890625 0.1921875 0.425
2 0.634375 0.19765625 0.084375 0.371875
4 0.55703125 0.11640625 0.134375 0.153125
4 0.61484375 0.88125 0.1484375 0.2375
3 0.9140625 0.73984375 0.165625 0.359375
4 0.86640625 0.1296875 0.16875 0.2
1 0.07890625 0.6609375 0.1578125 0.51875
3 0.1265625 0.775 0.2359375 0.428125
2 0.43828125 0.10859375 0.1046875 0.2140625
4 0.740625 0.1328125 0.1484375 0.178125