3 0.65859375 0.64296875 0.1265625 0.63125
2 0.56015625 0.109375 0.103125 0.2125
2 0.36328125 0.1890625 0.0875 0.359375
3 0.6671875 0.13046875 0.090625 0.259375
3 0.09921875 0.809375 0.1921875 0.38125
4 0.3859375 0.88046875 0.146875 0.2390625
4 0.440625 0.12109375 0.1359375 0.146875
3 0.87421875 0.22890625 0.2046875 0.4
3 0.0640625 0.42734375 0.128125 0.2484375
0 0.5203125 0.39921875 0.240625 0.3125
3 0.08125 0.625 0.159375 0.34375
4 0.1328125 0.13203125 0.171875 0.2015625
1 0.9203125 0.659375 0.159375 0.5125
4 0.259375 0.13515625 0.15 0.171875