2 0.8921875 0.5609375 0.2125 0.096875
2 0.82421875 0.36328125 0.3375 0.0921875
3 0.81875 0.86015625 0.3625 0.1734375
3 0.39609375 0.6625 0.596875 0.13125
3 0.19453125 0.09765625 0.3890625 0.190625
0 0.61796875 0.51953125 0.3375 0.228125
3 0.875 0.6640625 0.25 0.090625
3 0.5921875 0.0578125 0.2375 0.115625
4 0.11875 0.3859375 0.2375 0.14375
4 0.87734375 0.44609375 0.140625 0.121875
3 0.425 0.1015625 0.31875 0.1421875
4 0.8671875 0.13203125 0.203125 0.171875
4 0.8640625 0.25703125 0.1734375 0.153125
4 0.3484375 0.91953125 0.50625 0.1609375