2 0.4390625 0.1078125 0.096875 0.2125
2 0.63671875 0.17578125 0.0921875 0.33828125
3 0.13984375 0.18125 0.1734375 0.3625
3 0.3375 0.60390625 0.13203125 0.59765625
3 0.90234375 0.80546875 0.18984375 0.3890625
0 0.48046875 0.38203125 0.22734375 0.3375
3 0.3359375 0.125 0.090625 0.25
3 0.9421875 0.4078125 0.11484375 0.2375
4 0.6140625 0.88125 0.14453125 0.23671875
4 0.55390625 0.12265625 0.12265625 0.14140625
3 0.8984375 0.575 0.1421875 0.31875
4 0.86796875 0.1328125 0.17109375 0.20234375
4 0.74296875 0.1359375 0.15234375 0.1734375
4 0.08046875 0.6515625 0.16015625 0.50546875