2 0.8234375 0.63515625 0.3390625 0.090625
2 0.890625 0.4390625 0.2140625 0.1
3 0.41328125 0.33671875 0.56875 0.13125
3 0.82109375 0.14296875 0.35625 0.16875
3 0.1953125 0.9015625 0.390625 0.190625
3 0.87734375 0.33671875 0.240625 0.090625
0 0.621875 0.4828125 0.3421875 0.221875
3 0.60078125 0.94296875 0.240625 0.1140625
4 0.11796875 0.6140625 0.234375 0.1453125
4 0.8765625 0.553125 0.140625 0.11875
3 0.44453125 0.89609375 0.33125 0.1421875
4 0.86796875 0.86875 0.2 0.171875
4 0.34921875 0.08046875 0.521875 0.1609375
4 0.86484375 0.74375 0.1734375 0.153125