2 0.63515625 0.1765625 0.090625 0.3390625
2 0.4390625 0.109375 0.1 0.2140625
3 0.33671875 0.58671875 0.13125 0.56875
3 0.14296875 0.17890625 0.16875 0.35703125
3 0.9015625 0.8046875 0.18984375 0.390625
3 0.33671875 0.12265625 0.090625 0.24140625
0 0.4828125 0.378125 0.22265625 0.3421875
3 0.94296875 0.39921875 0.1140625 0.240625
4 0.6140625 0.88203125 0.1453125 0.23515625
4 0.553125 0.1234375 0.11875 0.140625
3 0.89609375 0.55546875 0.1421875 0.33203125
4 0.86875 0.13203125 0.171875 0.20078125
4 0.08046875 0.65078125 0.1609375 0.521875
4 0.74375 0.13515625 0.153125 0.1734375