2 0.440625 0.10703125 0.1015625 0.21171875
3 0.16328125 0.16484375 0.13984375 0.3296875
3 0.3453125 0.11953125 0.08046875 0.234375
3 0.9046875 0.7953125 0.184375 0.38125
3 0.32109375 0.54296875 0.12421875 0.53671875
2 0.62734375 0.1703125 0.1109375 0.340625
3 0.94453125 0.390625 0.1109375 0.1859375
4 0.6125 0.88203125 0.14609375 0.2359375
0 0.4984375 0.36875 0.22265625 0.353125
3 0.8828125 0.49375 0.1359375 0.315625
4 0.54765625 0.12890625 0.11015625 0.1328125
4 0.0796875 0.6515625 0.15859375 0.525
4 0.74140625 0.1328125 0.15078125 0.17265625
4 0.86953125 0.13203125 0.171875 0.20625