2 0.55859375 0.10546875 0.1 0.209375
3 0.09609375 0.79921875 0.1890625 0.371875
3 0.6453125 0.121875 0.0734375 0.24375
3 0.68984375 0.51328125 0.1203125 0.540625
4 0.3859375 0.8765625 0.15 0.246875
3 0.81796875 0.153125 0.13125 0.30625
3 0.128125 0.4453125 0.140625 0.2734375
2 0.371875 0.1578125 0.1125 0.315625
4 0.9203125 0.646875 0.159375 0.5125
4 0.4515625 0.13046875 0.1140625 0.1359375
3 0.04921875 0.38359375 0.0984375 0.1640625
4 0.25703125 0.134375 0.15 0.16875
4 0.13046875 0.1296875 0.171875 0.2015625