2 0.44140625 0.89453125 0.1 0.209375
3 0.903125 0.2 0.190625 0.3734375
3 0.359375 0.88046875 0.075 0.234375
3 0.30703125 0.50859375 0.1203125 0.5171875
4 0.603125 0.1234375 0.165625 0.246875
3 0.18671875 0.865625 0.1203125 0.2640625
4 0.5484375 0.871875 0.1140625 0.1375
3 0.8359375 0.5984375 0.215625 0.3140625
4 0.08046875 0.3546875 0.1609375 0.5125
2 0.62578125 0.846875 0.109375 0.30625
3 0.95546875 0.60234375 0.0890625 0.19375
4 0.86875 0.8703125 0.171875 0.2015625
3 0.971875 0.82734375 0.05625 0.28125
4 0.74140625 0.8671875 0.15 0.171875