2 0.10546875 0.55859375 0.209375 0.096875
3 0.7984375 0.09765625 0.375 0.190625
3 0.49296875 0.69296875 0.5109375 0.11875
3 0.1203125 0.640625 0.2359375 0.078125
4 0.878125 0.39921875 0.24375 0.165625
3 0.3984375 0.1640625 0.2796875 0.228125
4 0.125 0.45390625 0.1375 0.1125
2 0.1453125 0.37421875 0.290625 0.1078125
3 0.13984375 0.8078125 0.275 0.109375
4 0.646875 0.91953125 0.515625 0.1609375
3 0.17890625 0.02734375 0.2828125 0.053125
3 0.40390625 0.0359375 0.178125 0.071875
4 0.1296875 0.13125 0.196875 0.171875
4 0.13359375 0.259375 0.1703125 0.15