2 0.89296875 0.55859375 0.2125 0.1
3 0.20078125 0.096875 0.371875 0.190625
3 0.50703125 0.69375 0.509375 0.11875
3 0.87734375 0.64296875 0.240625 0.0765625
3 0.5984375 0.1625 0.271875 0.228125
4 0.11875 0.39921875 0.2375 0.165625
3 0.8625 0.80625 0.271875 0.10625
2 0.85859375 0.37421875 0.28125 0.109375
4 0.87578125 0.453125 0.1375 0.1125
4 0.35390625 0.9203125 0.515625 0.159375
3 0.8234375 0.02734375 0.28125 0.0546875
0 0.6421875 0.465625 0.290625 0.23125
4 0.86953125 0.13125 0.196875 0.171875
3 0.59296875 0.03515625 0.1859375 0.0703125
4 0.865625 0.25859375 0.1703125 0.15