2 0.4421875 0.89453125 0.096875 0.209375
3 0.903125 0.2015625 0.1875 0.371875
3 0.30625 0.5078125 0.11875 0.5125
4 0.603125 0.12421875 0.1625 0.2484375
3 0.35859375 0.88046875 0.078125 0.234375
3 0.865625 0.60078125 0.1703125 0.246875
3 0.9734375 0.82265625 0.053125 0.2875
3 0.1921875 0.86015625 0.10625 0.275
4 0.0796875 0.3546875 0.159375 0.515625
4 0.54296875 0.8796875 0.1125 0.134375
2 0.6265625 0.85703125 0.109375 0.2859375
4 0.86875 0.87109375 0.1703125 0.1984375
0 0.534375 0.63203125 0.234375 0.284375
3 0.9640625 0.59453125 0.071875 0.196875
4 0.740625 0.865625 0.15 0.171875