2 0.44140625 0.1046875 0.09921875 0.2078125
3 0.90234375 0.7984375 0.18984375 0.371875
3 0.30625 0.49375 0.11953125 0.5078125
4 0.603125 0.87578125 0.16328125 0.2484375
3 0.35859375 0.12109375 0.078125 0.23671875
3 0.1921875 0.1390625 0.1078125 0.2734375
3 0.8703125 0.39921875 0.16015625 0.24296875
3 0.9734375 0.1765625 0.05234375 0.28359375
4 0.5421875 0.121875 0.11171875 0.1359375
2 0.62578125 0.14453125 0.109375 0.2890625
4 0.0796875 0.6484375 0.159375 0.51875
4 0.86875 0.1296875 0.16953125 0.19921875
3 0.965625 0.39375 0.06875 0.19375
0 0.52265625 0.3671875 0.23515625 0.2859375
4 0.740625 0.13359375 0.1515625 0.17421875