2 0.44140625 0.89453125 0.1 0.209375
3 0.903125 0.2015625 0.1890625 0.375
3 0.30546875 0.5046875 0.1203125 0.5078125
3 0.35859375 0.878125 0.078125 0.2375
4 0.6015625 0.12421875 0.1625 0.2484375
4 0.54140625 0.878125 0.1109375 0.134375
3 0.19296875 0.86328125 0.109375 0.26875
2 0.625 0.85625 0.1125 0.2875
3 0.86953125 0.58984375 0.1625 0.246875
3 0.9734375 0.821875 0.053125 0.284375
4 0.08046875 0.3515625 0.1609375 0.5171875
3 0.96640625 0.60546875 0.0671875 0.1921875
4 0.86875 0.8703125 0.16875 0.1984375
4 0.7390625 0.86640625 0.15 0.1734375
0 0.52265625 0.63515625 0.234375 0.284375