2 0.1046875 0.4421875 0.2078125 0.1
3 0.796875 0.903125 0.375 0.1890625
3 0.49296875 0.30546875 0.5109375 0.121875
3 0.121875 0.35859375 0.2375 0.078125
4 0.87578125 0.603125 0.246875 0.1625
3 0.41015625 0.8703125 0.24375 0.159375
3 0.13828125 0.19296875 0.271875 0.10625
4 0.121875 0.54140625 0.1390625 0.109375
2 0.14453125 0.62421875 0.2890625 0.1140625
4 0.64609375 0.0796875 0.515625 0.159375
3 0.178125 0.97421875 0.28125 0.0515625
4 0.1296875 0.86875 0.196875 0.16875
3 0.39296875 0.9671875 0.19375 0.065625
4 0.13125 0.7375 0.1734375 0.1484375