2 0.4421875 0.10546875 0.1 0.2078125
3 0.903125 0.7984375 0.18828125 0.3765625
3 0.30546875 0.49375 0.12109375 0.515625
3 0.35859375 0.12109375 0.07734375 0.2375
4 0.60390625 0.87578125 0.1640625 0.24765625
3 0.87421875 0.4140625 0.15234375 0.240625
4 0.540625 0.11640625 0.1078125 0.15
3 0.1953125 0.13671875 0.10546875 0.26875
4 0.0796875 0.6453125 0.15859375 0.515625
2 0.62109375 0.14453125 0.11328125 0.28828125
3 0.9734375 0.17734375 0.05234375 0.27890625
4 0.86875 0.1296875 0.16875 0.19921875
3 0.96796875 0.39453125 0.0640625 0.1953125
4 0.73671875 0.13203125 0.14609375 0.17109375