2 0.44140625 0.89609375 0.1 0.20625
3 0.903125 0.20234375 0.1890625 0.3734375
3 0.30859375 0.50234375 0.1140625 0.509375
4 0.60234375 0.1234375 0.1640625 0.246875
3 0.3546875 0.8796875 0.0765625 0.2359375
3 0.8796875 0.5796875 0.134375 0.228125
4 0.5390625 0.884375 0.10625 0.153125
3 0.97421875 0.82265625 0.0515625 0.2765625
4 0.0796875 0.35078125 0.159375 0.521875
2 0.6171875 0.85390625 0.11875 0.2921875
4 0.878125 0.85859375 0.159375 0.184375
3 0.20078125 0.87890625 0.090625 0.2375
4 0.7390625 0.8671875 0.15 0.171875
3 0.96640625 0.6078125 0.0671875 0.1875
0 0.53359375 0.6640625 0.228125 0.234375