2 0.44140625 0.10390625 0.10078125 0.2046875
3 0.90234375 0.796875 0.18984375 0.3734375
3 0.309375 0.49765625 0.1125 0.5046875
4 0.6015625 0.87734375 0.1640625 0.2453125
3 0.3546875 0.12109375 0.0765625 0.2375
3 0.88046875 0.4203125 0.13359375 0.22265625
4 0.5421875 0.1140625 0.11484375 0.1546875
3 0.20234375 0.1234375 0.08828125 0.2421875
3 0.97421875 0.175 0.0515625 0.275
4 0.0796875 0.64921875 0.159375 0.51953125
4 0.87109375 0.13046875 0.165625 0.1953125
2 0.61796875 0.14609375 0.1171875 0.2921875
4 0.7390625 0.13203125 0.15234375 0.175
3 0.96640625 0.3921875 0.0671875 0.18203125
0 0.534375 0.3359375 0.228125 0.2359375