2 0.4421875 0.10390625 0.09921875 0.2046875
3 0.903125 0.796875 0.18828125 0.37265625
3 0.3109375 0.49609375 0.1109375 0.509375
4 0.60078125 0.8765625 0.1640625 0.246875
3 0.3546875 0.12109375 0.078125 0.2375
3 0.88125 0.42578125 0.1296875 0.20625
4 0.5421875 0.11328125 0.1140625 0.1578125
3 0.975 0.17578125 0.04921875 0.27734375
3 0.20390625 0.12421875 0.09296875 0.24375
4 0.0796875 0.64921875 0.159375 0.5203125
4 0.87421875 0.14375 0.15625 0.184375
2 0.61875 0.14609375 0.11875 0.2921875
3 0.965625 0.3921875 0.06875 0.190625
0 0.53359375 0.33515625 0.22890625 0.234375
4 0.74140625 0.1328125 0.15625 0.17265625