2 0.4421875 0.10390625 0.1 0.20546875
3 0.903125 0.79609375 0.1890625 0.36875
3 0.31015625 0.49453125 0.11171875 0.5109375
3 0.35546875 0.12109375 0.078125 0.23671875
4 0.6015625 0.8765625 0.16484375 0.246875
3 0.88203125 0.42734375 0.12578125 0.20546875
4 0.53984375 0.11640625 0.109375 0.15078125
3 0.97421875 0.1765625 0.05078125 0.2765625
3 0.20625 0.12421875 0.09609375 0.24296875
4 0.07890625 0.65 0.1578125 0.5171875
4 0.875 0.1421875 0.15546875 0.18515625
2 0.61875 0.14609375 0.11875 0.29140625
3 0.96484375 0.3921875 0.0703125 0.19375
4 0.7421875 0.1328125 0.15859375 0.17578125