2 0.44296875 0.103125 0.09921875 0.20390625
3 0.90390625 0.79921875 0.1875 0.37578125
3 0.31015625 0.4953125 0.1109375 0.509375
4 0.6015625 0.8765625 0.16328125 0.24609375
3 0.35546875 0.1203125 0.078125 0.23671875
3 0.88203125 0.43203125 0.11875 0.196875
2 0.61953125 0.14609375 0.1234375 0.29140625
3 0.9734375 0.17734375 0.05234375 0.2765625
4 0.54140625 0.115625 0.1140625 0.153125
4 0.08046875 0.64765625 0.16015625 0.515625
3 0.20625 0.12578125 0.09375 0.24609375
4 0.87109375 0.13125 0.16640625 0.19765625
4 0.740625 0.13359375 0.153125 0.17421875
3 0.96171875 0.39140625 0.0765625 0.1921875