2 0.44296875 0.103125 0.1 0.203125
3 0.90390625 0.796875 0.1859375 0.375
3 0.31015625 0.49453125 0.1109375 0.509375
4 0.60078125 0.8765625 0.1640625 0.246875
3 0.88203125 0.43359375 0.115625 0.1953125
3 0.35546875 0.1203125 0.078125 0.2359375
4 0.540625 0.11640625 0.1109375 0.1484375
4 0.8765625 0.14296875 0.159375 0.18125
3 0.975 0.178125 0.05 0.28125
4 0.0796875 0.64921875 0.159375 0.521875
3 0.20703125 0.121875 0.0921875 0.2390625
2 0.61953125 0.146875 0.1203125 0.29375
4 0.73984375 0.13359375 0.1546875 0.175
3 0.96015625 0.39296875 0.0796875 0.1921875