2 0.44296875 0.896875 0.1 0.203125
3 0.90390625 0.20234375 0.1875 0.375
3 0.309375 0.5046875 0.1109375 0.509375
4 0.60078125 0.1234375 0.1640625 0.246875
3 0.8828125 0.565625 0.1109375 0.196875
3 0.35625 0.87734375 0.078125 0.240625
4 0.540625 0.884375 0.1125 0.153125
3 0.20625 0.878125 0.09375 0.2375
4 0.8765625 0.85703125 0.159375 0.184375
2 0.61953125 0.853125 0.1234375 0.29375
3 0.97421875 0.82265625 0.05 0.2765625
4 0.08046875 0.35 0.1609375 0.525
3 0.9578125 0.60703125 0.084375 0.19375
4 0.740625 0.86640625 0.1546875 0.175