2 0.896875 0.55703125 0.203125 0.1
3 0.20234375 0.09609375 0.375 0.1875
3 0.5046875 0.690625 0.509375 0.1109375
4 0.1234375 0.39921875 0.246875 0.1640625
3 0.565625 0.1171875 0.196875 0.1109375
3 0.87734375 0.64375 0.240625 0.078125
4 0.884375 0.459375 0.153125 0.1125
3 0.878125 0.79375 0.2375 0.09375
4 0.85703125 0.1234375 0.184375 0.159375
2 0.853125 0.38046875 0.29375 0.1234375
3 0.82265625 0.02578125 0.275 0.05
4 0.35 0.91953125 0.525 0.1609375
3 0.60703125 0.0421875 0.19375 0.084375
4 0.86640625 0.259375 0.175 0.1546875