2 0.44296875 0.103125 0.09921875 0.20390625
3 0.90390625 0.79765625 0.18671875 0.375
3 0.309375 0.4953125 0.1109375 0.51015625
4 0.60078125 0.8765625 0.1640625 0.246875
3 0.8828125 0.434375 0.1109375 0.19609375
3 0.35625 0.12265625 0.078125 0.240625
4 0.540625 0.115625 0.1125 0.15234375
3 0.20625 0.121875 0.09296875 0.23828125
4 0.8765625 0.14296875 0.16015625 0.18359375
2 0.61953125 0.146875 0.1234375 0.29375
3 0.97421875 0.17734375 0.05078125 0.27578125
4 0.08046875 0.65 0.16015625 0.52421875
3 0.9578125 0.39296875 0.084375 0.19375
4 0.740625 0.13359375 0.1546875 0.17421875