2 0.44296875 0.103125 0.0984375 0.203125
3 0.903125 0.79765625 0.18828125 0.3828125
3 0.31015625 0.49375 0.1109375 0.5078125
4 0.6015625 0.8765625 0.165625 0.246875
3 0.8828125 0.43515625 0.10703125 0.19609375
3 0.35625 0.121875 0.07890625 0.23984375
4 0.5421875 0.11484375 0.1125 0.15078125
3 0.97421875 0.178125 0.0515625 0.278125
4 0.8765625 0.14296875 0.159375 0.18125
4 0.0796875 0.6484375 0.159375 0.521875
2 0.621875 0.14765625 0.1203125 0.2953125
3 0.20625 0.1234375 0.09453125 0.240625
3 0.95859375 0.39375 0.0828125 0.19453125
4 0.740625 0.134375 0.153125 0.17265625
3 0.5328125 0.32109375 0.22734375 0.24140625