2 0.44375 0.89765625 0.1 0.2015625
3 0.9015625 0.2046875 0.190625 0.38125
3 0.31015625 0.50546875 0.1109375 0.50625
3 0.8796875 0.5546875 0.1 0.20625
4 0.60546875 0.11875 0.15625 0.2375
3 0.35625 0.878125 0.078125 0.2375
4 0.5421875 0.88515625 0.1140625 0.153125
3 0.97421875 0.821875 0.05 0.2765625
4 0.0796875 0.35078125 0.159375 0.5234375
4 0.8765625 0.85703125 0.159375 0.18125
3 0.95703125 0.6046875 0.0859375 0.196875
2 0.62109375 0.84921875 0.1234375 0.3015625
3 0.20625 0.878125 0.0921875 0.240625
4 0.7390625 0.86640625 0.1515625 0.171875