2 0.8984375 0.55625 0.2 0.1
3 0.228125 0.09609375 0.328125 0.1875
3 0.50546875 0.68984375 0.509375 0.1109375
4 0.1234375 0.39921875 0.246875 0.1578125
3 0.55390625 0.121875 0.209375 0.1
3 0.87890625 0.64140625 0.2359375 0.08125
4 0.88359375 0.45859375 0.1484375 0.1125
2 0.85078125 0.37890625 0.2984375 0.1234375
4 0.85703125 0.12265625 0.1828125 0.159375
4 0.353125 0.9203125 0.51875 0.159375
3 0.821875 0.025 0.278125 0.05
3 0.87578125 0.79375 0.24375 0.09375
3 0.60546875 0.0421875 0.1953125 0.084375
4 0.86640625 0.26015625 0.175 0.1546875
3 0.05078125 0.125 0.09375 0.13125