2 0.89765625 0.44296875 0.203125 0.1
3 0.2265625 0.90390625 0.33125 0.1875
3 0.50625 0.31015625 0.5078125 0.109375
4 0.12109375 0.60078125 0.2421875 0.159375
3 0.55234375 0.8796875 0.209375 0.096875
4 0.884375 0.54296875 0.1515625 0.115625
3 0.8765625 0.35859375 0.240625 0.08125
3 0.82265625 0.975 0.278125 0.05
3 0.875 0.20625 0.24375 0.0921875
4 0.35078125 0.0796875 0.5234375 0.159375
4 0.85625 0.87421875 0.18125 0.1546875
2 0.8484375 0.621875 0.303125 0.125
3 0.60546875 0.95703125 0.196875 0.0859375
4 0.8671875 0.74140625 0.175 0.15625