2 0.1015625 0.55625 0.2 0.1
3 0.77578125 0.096875 0.340625 0.1890625
3 0.49453125 0.690625 0.509375 0.1109375
3 0.45 0.12265625 0.20625 0.096875
4 0.8828125 0.3953125 0.234375 0.153125
3 0.121875 0.6421875 0.2375 0.0828125
4 0.1125 0.4515625 0.1578125 0.128125
3 0.1765625 0.02578125 0.278125 0.0515625
4 0.64921875 0.9203125 0.521875 0.159375
3 0.12578125 0.79375 0.246875 0.0921875
4 0.14296875 0.121875 0.1796875 0.159375
3 0.39609375 0.04375 0.1953125 0.0875
2 0.153125 0.37734375 0.30625 0.121875
4 0.13203125 0.25859375 0.175 0.1546875