2 0.903125 0.55703125 0.190625 0.1015625
3 0.22265625 0.096875 0.35 0.1890625
3 0.50546875 0.690625 0.50625 0.1109375
3 0.53984375 0.11953125 0.20625 0.1
4 0.11953125 0.39921875 0.2390625 0.1546875
3 0.87890625 0.6453125 0.2375 0.0796875
4 0.85625 0.12578125 0.1828125 0.153125
4 0.88515625 0.4578125 0.146875 0.115625
4 0.35390625 0.9203125 0.5171875 0.159375
2 0.8359375 0.37734375 0.328125 0.1234375
3 0.82109375 0.025 0.2765625 0.05
3 0.8765625 0.7953125 0.240625 0.09375
3 0.05078125 0.12734375 0.09375 0.125
3 0.60234375 0.0421875 0.2 0.084375
4 0.86640625 0.25703125 0.175 0.159375
3 0.67578125 0.4796875 0.2671875 0.228125