2 0.55703125 0.90390625 0.1015625 0.190625
3 0.09609375 0.2265625 0.1875 0.346875
3 0.690625 0.5046875 0.1109375 0.50625
4 0.39921875 0.11796875 0.1546875 0.2359375
3 0.11640625 0.53359375 0.1078125 0.1921875
3 0.64296875 0.87578125 0.0828125 0.2421875
4 0.4546875 0.8890625 0.1203125 0.153125
2 0.378125 0.8296875 0.1203125 0.340625
3 0.02578125 0.821875 0.0515625 0.275
4 0.9203125 0.3515625 0.159375 0.521875
4 0.25859375 0.86640625 0.1546875 0.171875
4 0.121875 0.85625 0.159375 0.1828125
3 0.48515625 0.66953125 0.21875 0.29375
3 0.796875 0.87265625 0.1015625 0.2484375
3 0.040625 0.60234375 0.08125 0.196875