2 0.90546875 0.55703125 0.1875 0.1015625
3 0.228125 0.09921875 0.340625 0.19375
3 0.50546875 0.690625 0.50625 0.109375
3 0.87890625 0.64609375 0.2375 0.08125
4 0.11796875 0.39921875 0.2359375 0.153125
3 0.53203125 0.1140625 0.190625 0.1109375
3 0.821875 0.0265625 0.275 0.053125
4 0.88671875 0.45234375 0.15 0.125
2 0.8296875 0.3765625 0.340625 0.121875
4 0.35 0.9203125 0.521875 0.159375
4 0.8546875 0.125 0.178125 0.15625
3 0.871875 0.796875 0.25 0.0984375
3 0.603125 0.040625 0.2 0.08125
3 0.66640625 0.4859375 0.3 0.21875
4 0.865625 0.2578125 0.171875 0.1578125