2 0.5578125 0.9046875 0.1 0.1875
3 0.09609375 0.23203125 0.1890625 0.3390625
3 0.690625 0.5046875 0.109375 0.50625
2 0.37109375 0.8171875 0.1140625 0.3515625
3 0.64375 0.8796875 0.0828125 0.234375
3 0.109375 0.52265625 0.11875 0.1875
4 0.4 0.1171875 0.153125 0.234375
4 0.44609375 0.88671875 0.1375 0.153125
4 0.9203125 0.35390625 0.159375 0.51875
3 0.0265625 0.8203125 0.053125 0.2703125
4 0.121875 0.85703125 0.1578125 0.1796875
3 0.49453125 0.63828125 0.2125 0.353125
4 0.25859375 0.86640625 0.1546875 0.1734375