2 0.44296875 0.09921875 0.1 0.196875
3 0.90234375 0.7671875 0.190625 0.3375
3 0.309375 0.4953125 0.1109375 0.50625
2 0.6296875 0.1828125 0.115625 0.353125
3 0.35703125 0.12265625 0.0828125 0.2390625
4 0.6 0.8828125 0.153125 0.234375
4 0.575 0.11640625 0.178125 0.15625
3 0.89296875 0.47734375 0.1234375 0.184375
4 0.08046875 0.646875 0.1609375 0.51875
4 0.87734375 0.14375 0.1578125 0.1796875
3 0.50546875 0.37109375 0.209375 0.375
3 0.9734375 0.18125 0.053125 0.265625
3 0.9578125 0.39453125 0.084375 0.1890625
4 0.74140625 0.1328125 0.1546875 0.171875