2 0.09921875 0.55703125 0.196875 0.1
3 0.7671875 0.09765625 0.3375 0.190625
3 0.4953125 0.690625 0.50625 0.1109375
2 0.1828125 0.3703125 0.353125 0.115625
3 0.12265625 0.64296875 0.2390625 0.0828125
4 0.8828125 0.4 0.234375 0.153125
4 0.11640625 0.425 0.15625 0.178125
3 0.47734375 0.10703125 0.184375 0.1234375
4 0.646875 0.91953125 0.51875 0.1609375
4 0.14375 0.12265625 0.1796875 0.1578125
3 0.37109375 0.49453125 0.375 0.209375
3 0.18125 0.0265625 0.265625 0.053125
3 0.39453125 0.0421875 0.1890625 0.084375
4 0.1328125 0.25859375 0.171875 0.1546875