2 0.55703125 0.0984375 0.1 0.19375
3 0.09765625 0.74609375 0.190625 0.296875
2 0.37265625 0.1828125 0.1203125 0.3515625
3 0.68984375 0.496875 0.109375 0.5046875
3 0.64296875 0.12265625 0.0828125 0.2390625
4 0.39375 0.88359375 0.15 0.23125
3 0.1078125 0.50234375 0.121875 0.209375
4 0.42421875 0.115625 0.1765625 0.159375
4 0.12890625 0.13203125 0.1625 0.19375
4 0.91953125 0.64453125 0.159375 0.5125
3 0.028125 0.184375 0.05625 0.259375
3 0.48828125 0.371875 0.2171875 0.3765625
3 0.0421875 0.3921875 0.084375 0.1875
3 0.78828125 0.11875 0.0859375 0.2296875
4 0.25859375 0.13359375 0.153125 0.171875