2 0.44375 0.1 0.1 0.196875
3 0.903125 0.75078125 0.190625 0.30546875
2 0.62578125 0.18359375 0.1234375 0.35234375
3 0.309375 0.49765625 0.11015625 0.50234375
3 0.35703125 0.12109375 0.08359375 0.23671875
4 0.60859375 0.88125 0.140625 0.2375
3 0.89375 0.50625 0.12578125 0.2109375
4 0.575 0.11796875 0.1765625 0.1546875
4 0.86953125 0.13203125 0.16328125 0.19375
3 0.51484375 0.37265625 0.221875 0.38125
4 0.0796875 0.64765625 0.159375 0.51796875
3 0.9703125 0.18046875 0.059375 0.2703125
3 0.95703125 0.38984375 0.08515625 0.18203125