2 0.44296875 0.09921875 0.09921875 0.19609375
2 0.625 0.18515625 0.125 0.35
3 0.90234375 0.74296875 0.190625 0.290625
3 0.31015625 0.49765625 0.1109375 0.50234375
4 0.609375 0.88125 0.1296875 0.2375
3 0.3578125 0.121875 0.08359375 0.2375
3 0.8984375 0.50859375 0.13046875 0.21015625
4 0.86796875 0.13203125 0.16171875 0.19296875
4 0.575 0.1171875 0.17890625 0.1625
0 0.5296875 0.3875 0.2234375 0.3859375
3 0.9671875 0.1828125 0.065625 0.265625
4 0.0796875 0.65 0.15859375 0.51953125
3 0.95625 0.38984375 0.08671875 0.1859375
4 0.740625 0.1328125 0.14921875 0.17109375