2 0.55703125 0.0984375 0.0984375 0.19375
2 0.3765625 0.18359375 0.125 0.3515625
3 0.0984375 0.74375 0.1921875 0.29375
3 0.690625 0.49765625 0.115625 0.5046875
4 0.3890625 0.87734375 0.128125 0.24375
3 0.6421875 0.11796875 0.084375 0.23125
3 0.09765625 0.51484375 0.134375 0.2015625
0 0.4625 0.396875 0.228125 0.396875
4 0.13359375 0.1328125 0.1625 0.19375
4 0.4265625 0.11796875 0.178125 0.1625
4 0.91953125 0.6453125 0.1609375 0.509375
3 0.04453125 0.40078125 0.0890625 0.209375
3 0.03359375 0.1796875 0.0671875 0.271875