2 0.1 0.55625 0.196875 0.1
2 0.18359375 0.37734375 0.353125 0.128125
3 0.7421875 0.096875 0.2890625 0.1890625
3 0.496875 0.690625 0.503125 0.115625
4 0.87734375 0.3890625 0.24375 0.128125
3 0.11953125 0.6421875 0.234375 0.084375
3 0.51484375 0.096875 0.2 0.134375
0 0.39921875 0.46171875 0.396875 0.228125
4 0.14140625 0.1265625 0.18125 0.1515625
3 0.11328125 0.81171875 0.2265625 0.1578125
4 0.64921875 0.91953125 0.5171875 0.1609375
3 0.40234375 0.04375 0.2125 0.0875
4 0.11484375 0.42734375 0.1609375 0.175
4 0.13359375 0.259375 0.171875 0.15