2 0.10078125 0.55625 0.1984375 0.0984375
2 0.18359375 0.378125 0.353125 0.128125
3 0.7453125 0.096875 0.29375 0.190625
3 0.4953125 0.690625 0.5046875 0.1171875
4 0.878125 0.38984375 0.24375 0.1296875
0 0.396875 0.4625 0.3890625 0.225
3 0.11953125 0.6421875 0.2328125 0.084375
3 0.5140625 0.096875 0.2 0.134375
4 0.13359375 0.134375 0.190625 0.1609375
3 0.1109375 0.8125 0.221875 0.159375
4 0.1171875 0.4265625 0.1625 0.1765625
4 0.64765625 0.91953125 0.5125 0.1609375
3 0.3875 0.04453125 0.178125 0.0890625
4 0.13359375 0.25859375 0.171875 0.1546875
3 0.1875 0.0328125 0.2625 0.065625