2 0.44375 0.103125 0.09765625 0.203125
2 0.621875 0.184375 0.1296875 0.35390625
3 0.90234375 0.74296875 0.190625 0.28828125
3 0.309375 0.49765625 0.115625 0.5046875
0 0.5390625 0.403125 0.22578125 0.3890625
4 0.61171875 0.87890625 0.1296875 0.2421875
3 0.3578125 0.1203125 0.08359375 0.23515625
3 0.903125 0.515625 0.13515625 0.2015625
4 0.57421875 0.115625 0.175 0.165625
4 0.865625 0.13359375 0.16015625 0.19375
3 0.1921875 0.1078125 0.16015625 0.21484375
3 0.96640625 0.18984375 0.0671875 0.25859375
4 0.0796875 0.646875 0.159375 0.51640625
3 0.95546875 0.39296875 0.0890625 0.190625