2 0.89609375 0.55625 0.20625 0.0984375
2 0.81484375 0.37890625 0.35625 0.13125
3 0.2578125 0.1 0.284375 0.196875
3 0.503125 0.690625 0.503125 0.115625
0 0.59375 0.459375 0.390625 0.228125
3 0.88046875 0.6421875 0.234375 0.084375
4 0.121875 0.38984375 0.24375 0.1265625
3 0.484375 0.096875 0.203125 0.134375
4 0.86640625 0.134375 0.190625 0.159375
3 0.89765625 0.81015625 0.2046875 0.1734375
4 0.8828125 0.42421875 0.1625 0.175
3 0.60859375 0.0453125 0.1828125 0.090625
3 0.81015625 0.03515625 0.2578125 0.0703125
4 0.35078125 0.9203125 0.5171875 0.159375
4 0.865625 0.25859375 0.171875 0.153125