2 0.44375 0.89609375 0.0984375 0.20625
2 0.62109375 0.81484375 0.13125 0.35625
3 0.9 0.2578125 0.196875 0.2859375
3 0.309375 0.503125 0.115625 0.503125
0 0.540625 0.59375 0.228125 0.390625
3 0.3578125 0.88046875 0.084375 0.234375
4 0.61015625 0.121875 0.1265625 0.24375
3 0.903125 0.484375 0.134375 0.203125
4 0.865625 0.86640625 0.159375 0.1921875
3 0.18984375 0.89765625 0.171875 0.2046875
4 0.57578125 0.8828125 0.1765625 0.1625
3 0.9546875 0.60859375 0.090625 0.1828125
3 0.96484375 0.81015625 0.0703125 0.2578125
4 0.0796875 0.35078125 0.159375 0.5171875
4 0.74140625 0.865625 0.153125 0.171875