2 0.8921875 0.55546875 0.2125 0.103125
2 0.81953125 0.38046875 0.346875 0.13125
3 0.25703125 0.1 0.2828125 0.1953125
3 0.5046875 0.690625 0.50625 0.115625
0 0.59453125 0.459375 0.3734375 0.2265625
3 0.88046875 0.6421875 0.234375 0.0828125
4 0.1203125 0.38984375 0.240625 0.128125
3 0.48203125 0.09765625 0.20625 0.1375
4 0.8640625 0.13515625 0.190625 0.1578125
4 0.88359375 0.4265625 0.159375 0.171875
3 0.60546875 0.04453125 0.1890625 0.0890625
3 0.89921875 0.81484375 0.2015625 0.1875
4 0.35078125 0.9203125 0.521875 0.159375
4 0.8671875 0.25859375 0.175 0.1546875
3 0.81171875 0.040625 0.2609375 0.08125