2 0.44375 0.1078125 0.10390625 0.2125
2 0.6203125 0.1796875 0.13203125 0.3484375
3 0.9 0.7421875 0.19609375 0.28203125
3 0.30859375 0.49296875 0.115625 0.5078125
0 0.54140625 0.4078125 0.228125 0.36953125
4 0.609375 0.87890625 0.13125 0.2421875
3 0.903125 0.51640625 0.13515625 0.20546875
3 0.35703125 0.1203125 0.0828125 0.23515625
3 0.95546875 0.19375 0.08828125 0.25078125
4 0.575 0.11875 0.1765625 0.16015625
3 0.95546875 0.39453125 0.08828125 0.1890625
4 0.8609375 0.1375 0.15078125 0.18515625
3 0.18515625 0.09921875 0.1921875 0.1984375
4 0.0796875 0.6453125 0.159375 0.515625
4 0.74140625 0.13359375 0.15546875 0.171875