2 0.55625 0.89140625 0.1046875 0.215625
2 0.3796875 0.81953125 0.13125 0.3484375
3 0.1 0.2578125 0.1953125 0.2828125
3 0.69140625 0.50625 0.115625 0.50625
0 0.4578125 0.5921875 0.228125 0.36875
3 0.64296875 0.87890625 0.0828125 0.2359375
3 0.04765625 0.8078125 0.0953125 0.253125
4 0.38984375 0.1203125 0.1296875 0.240625
3 0.096875 0.48359375 0.1359375 0.20625
4 0.42578125 0.88125 0.1765625 0.1578125
3 0.04453125 0.60859375 0.0890625 0.18125
4 0.14140625 0.865625 0.14375 0.184375
3 0.81484375 0.9015625 0.1921875 0.196875
4 0.9203125 0.353125 0.159375 0.515625
4 0.25859375 0.86640625 0.1546875 0.175