2 0.44375 0.10859375 0.1046875 0.21484375
2 0.6203125 0.18046875 0.13046875 0.3484375
3 0.9 0.7421875 0.1953125 0.28203125
3 0.30859375 0.49375 0.115625 0.50625
0 0.5421875 0.4078125 0.228125 0.36953125
3 0.35703125 0.12109375 0.0828125 0.2359375
3 0.95234375 0.1921875 0.0953125 0.253125
4 0.61015625 0.8796875 0.1296875 0.240625
3 0.903125 0.51640625 0.1359375 0.20546875
4 0.57421875 0.11875 0.1765625 0.1578125
3 0.95546875 0.39140625 0.08828125 0.18203125
4 0.85859375 0.134375 0.14296875 0.18515625
3 0.18515625 0.0984375 0.1921875 0.196875
4 0.0796875 0.646875 0.159375 0.515625
4 0.74140625 0.13359375 0.1546875 0.17421875