2 0.89296875 0.44375 0.2125 0.1046875
2 0.8203125 0.61953125 0.3484375 0.128125
0 0.5796875 0.5421875 0.3875 0.228125
3 0.2578125 0.9 0.2765625 0.196875
3 0.496875 0.30859375 0.490625 0.109375
3 0.8796875 0.35703125 0.234375 0.08125
3 0.48203125 0.903125 0.2078125 0.1359375
4 0.11796875 0.60859375 0.2359375 0.1390625
3 0.80859375 0.946875 0.2578125 0.10625
4 0.86640625 0.8515625 0.178125 0.1234375
4 0.88359375 0.54921875 0.15625 0.1265625
3 0.60859375 0.9546875 0.1859375 0.090625
3 0.9 0.178125 0.2 0.2078125
4 0.3484375 0.078125 0.503125 0.15625