2 0.44375 0.10625 0.1046875 0.2109375
2 0.61953125 0.18046875 0.13125 0.34921875
0 0.5421875 0.41953125 0.2296875 0.3875
3 0.9 0.74375 0.1953125 0.2796875
3 0.30859375 0.50234375 0.1109375 0.4921875
3 0.35703125 0.1203125 0.0828125 0.23515625
3 0.94609375 0.1921875 0.1078125 0.25625
3 0.903125 0.51796875 0.1359375 0.2078125
4 0.61015625 0.88203125 0.140625 0.2359375
4 0.8515625 0.134375 0.125 0.18203125
4 0.540625 0.1203125 0.11015625 0.14765625
3 0.17734375 0.10078125 0.20703125 0.20078125
3 0.95546875 0.390625 0.0890625 0.1859375
3 0.053125 0.221875 0.10625 0.265625
4 0.0796875 0.6484375 0.159375 0.51328125
4 0.7421875 0.134375 0.1578125 0.17421875