2 0.5578125 0.8921875 0.1015625 0.2125
2 0.38046875 0.81953125 0.128125 0.3484375
3 0.10078125 0.25625 0.196875 0.278125
0 0.4578125 0.578125 0.228125 0.3859375
3 0.69140625 0.496875 0.1109375 0.49375
3 0.09609375 0.4828125 0.1359375 0.20625
3 0.64296875 0.87734375 0.0828125 0.2390625
4 0.39375 0.11640625 0.14375 0.23125
3 0.825 0.89609375 0.209375 0.2078125
4 0.45859375 0.878125 0.1125 0.140625
3 0.05546875 0.8125 0.1109375 0.26875
4 0.15234375 0.8640625 0.125 0.1859375
3 0.04453125 0.6078125 0.0890625 0.1875
3 0.9421875 0.7953125 0.115625 0.2296875
4 0.92109375 0.35390625 0.15625 0.49375
4 0.2578125 0.865625 0.15625 0.171875