2 0.4421875 0.1078125 0.1015625 0.21328125
2 0.61953125 0.18046875 0.128125 0.3484375
3 0.89921875 0.74375 0.196875 0.278125
0 0.5421875 0.421875 0.22890625 0.3859375
3 0.30859375 0.503125 0.1109375 0.49296875
3 0.90390625 0.5171875 0.1359375 0.20625
3 0.35703125 0.12265625 0.0828125 0.2390625
4 0.60625 0.88359375 0.14296875 0.23203125
3 0.175 0.10390625 0.20859375 0.2078125
4 0.54140625 0.121875 0.1125 0.140625
3 0.94453125 0.1875 0.11015625 0.26875
4 0.84765625 0.1359375 0.125 0.1859375
3 0.95546875 0.3921875 0.0890625 0.18671875
3 0.0578125 0.2046875 0.115625 0.22890625
4 0.07890625 0.64609375 0.15703125 0.49296875
4 0.7421875 0.134375 0.15703125 0.171875