2 0.8921875 0.44375 0.215625 0.1015625
2 0.81953125 0.61953125 0.3484375 0.125
0 0.57578125 0.5421875 0.3921875 0.228125
3 0.25703125 0.9 0.278125 0.196875
3 0.5 0.30859375 0.4953125 0.1109375
3 0.878125 0.35703125 0.2375 0.084375
3 0.48203125 0.90390625 0.209375 0.1359375
4 0.1171875 0.6046875 0.234375 0.14375
4 0.87734375 0.54296875 0.1375 0.1125
3 0.8078125 0.9328125 0.25 0.1265625
3 0.896875 0.171875 0.20625 0.2078125
3 0.7875 0.059375 0.225 0.11875
4 0.35390625 0.0796875 0.5109375 0.159375
3 0.60625 0.95546875 0.190625 0.0890625
4 0.87265625 0.83828125 0.175 0.1140625