2 0.89296875 0.44375 0.2125 0.103125
2 0.81953125 0.61953125 0.3484375 0.13125
3 0.2546875 0.9 0.28125 0.1953125
0 0.57578125 0.5421875 0.39375 0.228125
3 0.4984375 0.3078125 0.490625 0.1125
3 0.87734375 0.35703125 0.240625 0.084375
3 0.4828125 0.90390625 0.2078125 0.1359375
4 0.11640625 0.6046875 0.23125 0.1453125
4 0.8765625 0.5421875 0.1375 0.1125
3 0.89609375 0.17421875 0.2078125 0.203125
3 0.81015625 0.92890625 0.259375 0.134375
3 0.7828125 0.0625 0.2375 0.125
3 0.6078125 0.95546875 0.1859375 0.0890625
4 0.35703125 0.0796875 0.50625 0.159375