2 0.44296875 0.1078125 0.1 0.21484375
3 0.90078125 0.74453125 0.19453125 0.28046875
2 0.61953125 0.18046875 0.128125 0.34765625
0 0.54375 0.4265625 0.225 0.39296875
3 0.30859375 0.503125 0.1125 0.48828125
3 0.35703125 0.121875 0.084375 0.2390625
4 0.54296875 0.12265625 0.1140625 0.1375
3 0.90078125 0.51796875 0.13671875 0.20703125
4 0.60546875 0.88359375 0.14453125 0.23203125
3 0.17421875 0.1046875 0.2015625 0.209375
3 0.92734375 0.20078125 0.1375 0.2375
3 0.9546875 0.390625 0.090625 0.18515625
4 0.0796875 0.64375 0.159375 0.50546875
3 0.06015625 0.2265625 0.1203125 0.2390625