2 0.55625 0.10703125 0.1015625 0.2125
2 0.38046875 0.18046875 0.1296875 0.346875
3 0.09921875 0.74375 0.19375 0.28125
0 0.45625 0.4265625 0.225 0.39375
3 0.69140625 0.50234375 0.1125 0.490625
3 0.64296875 0.12265625 0.084375 0.2390625
3 0.09609375 0.51796875 0.1359375 0.20625
4 0.3953125 0.8828125 0.14375 0.234375
4 0.45703125 0.12265625 0.1140625 0.1390625
3 0.82578125 0.103125 0.2046875 0.20625
3 0.078125 0.20625 0.146875 0.2234375
3 0.04609375 0.38984375 0.0921875 0.184375
4 0.91953125 0.64609375 0.1609375 0.5078125
4 0.2578125 0.13359375 0.15625 0.1734375
3 0.93125 0.23046875 0.1375 0.2421875