2 0.89296875 0.55625 0.2125 0.103125
3 0.25703125 0.1 0.278125 0.1953125
2 0.81953125 0.38046875 0.346875 0.128125
0 0.57421875 0.45625 0.396875 0.225
3 0.4984375 0.69140625 0.490625 0.1125
3 0.878125 0.64296875 0.2375 0.084375
3 0.89609375 0.828125 0.20625 0.209375
4 0.1171875 0.39609375 0.234375 0.1453125
4 0.87890625 0.45703125 0.1375 0.1125
3 0.4828125 0.09609375 0.20625 0.1375
3 0.7890625 0.0734375 0.21875 0.1390625
4 0.3546875 0.9203125 0.5078125 0.159375
3 0.60859375 0.0453125 0.1875 0.090625
4 0.865625 0.25859375 0.171875 0.153125