2 0.44453125 0.10703125 0.10234375 0.21328125
3 0.89921875 0.7421875 0.196875 0.27734375
0 0.54375 0.42734375 0.22421875 0.39921875
2 0.61953125 0.18046875 0.13046875 0.3484375
3 0.309375 0.50234375 0.1125 0.48984375
3 0.35703125 0.12265625 0.084375 0.23984375
3 0.903125 0.51796875 0.1359375 0.20859375
3 0.1765625 0.10390625 0.20625 0.2078125
4 0.603125 0.8828125 0.146875 0.234375
4 0.54375 0.121875 0.11328125 0.13828125
3 0.9078125 0.21015625 0.17734375 0.2203125
3 0.95390625 0.38671875 0.0921875 0.1796875
4 0.08046875 0.64765625 0.1609375 0.5125