2 0.10625 0.55546875 0.2125 0.1046875
3 0.74453125 0.1 0.28125 0.196875
2 0.1796875 0.3796875 0.346875 0.1296875
0 0.43046875 0.45546875 0.4 0.2234375
3 0.5015625 0.69140625 0.490625 0.1125
3 0.1203125 0.64296875 0.234375 0.084375
4 0.88359375 0.39609375 0.2328125 0.1484375
3 0.5171875 0.09609375 0.2078125 0.1375
3 0.10390625 0.82265625 0.2078125 0.2078125
4 0.121875 0.45625 0.1375 0.1140625
3 0.21015625 0.08828125 0.2125 0.171875
3 0.390625 0.046875 0.19375 0.09375
4 0.6453125 0.9203125 0.509375 0.159375
4 0.134375 0.25703125 0.171875 0.15625