2 0.4453125 0.89296875 0.1046875 0.2125
3 0.9 0.25625 0.1953125 0.2796875
2 0.62109375 0.815625 0.128125 0.3546875
0 0.5453125 0.5703125 0.221875 0.403125
3 0.30859375 0.4984375 0.1125 0.490625
3 0.35703125 0.8765625 0.084375 0.240625
3 0.9015625 0.48125 0.1375 0.2078125
4 0.60546875 0.115625 0.14375 0.23125
4 0.54453125 0.8796875 0.1140625 0.1375
3 0.17578125 0.89765625 0.2078125 0.2046875
3 0.909375 0.78828125 0.175 0.2125
4 0.07890625 0.3546875 0.1578125 0.50625
3 0.9546875 0.61484375 0.090625 0.178125
4 0.74375 0.865625 0.159375 0.171875