2 0.5546875 0.10703125 0.1046875 0.2125
3 0.1 0.74375 0.1953125 0.2796875
2 0.37890625 0.184375 0.128125 0.3546875
0 0.4546875 0.4296875 0.221875 0.403125
3 0.69140625 0.5015625 0.1125 0.490625
3 0.64296875 0.1234375 0.084375 0.240625
3 0.0984375 0.51875 0.1375 0.2078125
4 0.39453125 0.884375 0.14375 0.23125
4 0.45546875 0.1203125 0.1140625 0.1375
3 0.82421875 0.10234375 0.2078125 0.2046875
3 0.090625 0.21171875 0.175 0.2125
4 0.92109375 0.6453125 0.1578125 0.50625
3 0.0453125 0.38515625 0.090625 0.178125
4 0.25625 0.134375 0.159375 0.171875