2 0.4484375 0.89375 0.1140625 0.2125
2 0.62109375 0.815625 0.1265625 0.35625
3 0.89921875 0.25703125 0.196875 0.278125
0 0.54453125 0.56875 0.221875 0.4046875
3 0.309375 0.4984375 0.1125 0.4875
3 0.35625 0.8765625 0.084375 0.240625
3 0.90078125 0.48125 0.1375 0.20625
4 0.54375 0.88046875 0.1078125 0.14375
4 0.60546875 0.11640625 0.1453125 0.2328125
3 0.175 0.89609375 0.209375 0.2078125
3 0.91015625 0.7859375 0.171875 0.2171875
4 0.0796875 0.3578125 0.159375 0.5046875
4 0.7453125 0.865625 0.1609375 0.1703125
3 0.95625 0.6078125 0.0875 0.190625