2 0.89296875 0.55078125 0.2125 0.115625
2 0.815625 0.378125 0.3546875 0.1265625
3 0.25703125 0.0984375 0.278125 0.1921875
0 0.56875 0.4546875 0.403125 0.21875
3 0.496875 0.69140625 0.4890625 0.1125
3 0.48125 0.0984375 0.20625 0.1375
4 0.88203125 0.4546875 0.1390625 0.10625
3 0.87734375 0.64375 0.240625 0.084375
4 0.11640625 0.3953125 0.2328125 0.14375
3 0.896875 0.8296875 0.20625 0.2171875
3 0.78671875 0.08984375 0.215625 0.171875
4 0.353125 0.9203125 0.509375 0.159375
3 0.61640625 0.04609375 0.1703125 0.0921875
4 0.86484375 0.2546875 0.16875 0.159375