2 0.44921875 0.89375 0.11875 0.2109375
2 0.621875 0.815625 0.128125 0.3546875
3 0.90078125 0.2578125 0.19375 0.2765625
0 0.54765625 0.5671875 0.2171875 0.4046875
3 0.30859375 0.496875 0.1125 0.4875
3 0.9015625 0.48046875 0.1375 0.209375
3 0.35625 0.87734375 0.0828125 0.240625
4 0.54375 0.8828125 0.11875 0.1421875
4 0.6046875 0.11640625 0.1453125 0.2328125
3 0.1671875 0.89609375 0.221875 0.2078125
3 0.91171875 0.78671875 0.1703125 0.2140625
4 0.0796875 0.35390625 0.159375 0.5109375
3 0.95390625 0.6171875 0.0921875 0.171875
4 0.7453125 0.86484375 0.159375 0.171875