2 0.10859375 0.45625 0.215625 0.134375
2 0.184375 0.6203125 0.353125 0.125
3 0.740625 0.90078125 0.2734375 0.1953125
3 0.50390625 0.30859375 0.4859375 0.1125
0 0.43515625 0.546875 0.39375 0.2171875
3 0.121875 0.35625 0.2375 0.0796875
3 0.51953125 0.90234375 0.209375 0.1390625
4 0.884375 0.60546875 0.23125 0.14375
3 0.1046875 0.1671875 0.209375 0.21875
4 0.11796875 0.54609375 0.140625 0.103125
4 0.64609375 0.0796875 0.5109375 0.159375
4 0.13359375 0.74140625 0.1703125 0.1546875
3 0.2109375 0.903125 0.2171875 0.184375
3 0.3890625 0.95546875 0.18125 0.0890625