2 0.45546875 0.10859375 0.1328125 0.2140625
2 0.62109375 0.18515625 0.125 0.3546875
3 0.9 0.74140625 0.1953125 0.275
0 0.546875 0.434375 0.21796875 0.396875
3 0.309375 0.503125 0.11171875 0.4875
3 0.35625 0.11953125 0.0796875 0.234375
3 0.90234375 0.51953125 0.13828125 0.20859375
4 0.60390625 0.8828125 0.1453125 0.234375
3 0.1671875 0.10625 0.21875 0.2125
4 0.54609375 0.11875 0.10390625 0.1375
4 0.0796875 0.64375 0.159375 0.50546875
3 0.90390625 0.2109375 0.18515625 0.22109375
3 0.9546875 0.3890625 0.090625 0.184375
4 0.7421875 0.13203125 0.1546875 0.171875