2 0.4546875 0.1078125 0.13046875 0.2125
2 0.62109375 0.184375 0.12265625 0.35390625
3 0.90078125 0.7421875 0.19453125 0.275
3 0.30546875 0.496875 0.11953125 0.50078125
0 0.5453125 0.4328125 0.2203125 0.4
3 0.35625 0.121875 0.0828125 0.2375
4 0.60390625 0.88359375 0.14921875 0.23203125
3 0.90234375 0.51953125 0.13984375 0.20859375
3 0.18125 0.10078125 0.196875 0.2015625
4 0.5453125 0.11796875 0.10546875 0.14140625
4 0.0796875 0.634375 0.15859375 0.4859375
4 0.8921875 0.1765625 0.215625 0.2703125
3 0.9546875 0.38671875 0.090625 0.1765625
4 0.7421875 0.13359375 0.15546875 0.17265625