2 0.8921875 0.54765625 0.2125 0.1265625
2 0.81640625 0.3796875 0.353125 0.121875
3 0.25546875 0.1 0.2796875 0.1953125
0 0.56796875 0.45625 0.4 0.221875
3 0.5 0.696875 0.496875 0.125
3 0.8765625 0.64375 0.2421875 0.084375
4 0.88203125 0.4546875 0.14375 0.109375
4 0.11640625 0.39609375 0.2328125 0.15
3 0.896875 0.81796875 0.20625 0.1953125
3 0.48046875 0.0984375 0.2078125 0.140625
4 0.35546875 0.9203125 0.5078125 0.159375
4 0.82578125 0.1078125 0.2796875 0.215625
3 0.61015625 0.0421875 0.18125 0.084375
4 0.8640625 0.25625 0.16875 0.159375