2 0.62109375 0.18359375 0.115625 0.353125
2 0.4515625 0.1078125 0.12421875 0.2140625
3 0.9015625 0.7421875 0.1921875 0.27734375
0 0.54296875 0.4328125 0.22265625 0.40078125
3 0.3015625 0.5046875 0.12734375 0.484375
4 0.546875 0.11796875 0.1125 0.14296875
3 0.35546875 0.1234375 0.08125 0.2421875
3 0.9015625 0.51953125 0.1390625 0.20859375
4 0.60234375 0.8828125 0.1484375 0.234375
3 0.184375 0.1078125 0.1984375 0.215625
4 0.0796875 0.64140625 0.159375 0.503125
3 0.95625 0.384375 0.0875 0.1703125
4 0.8921875 0.171875 0.21484375 0.2734375
4 0.7421875 0.134375 0.1578125 0.17421875