2 0.89140625 0.55078125 0.2140625 0.121875
2 0.8171875 0.37734375 0.3515625 0.1125
0 0.56875 0.4578125 0.4 0.221875
3 0.25859375 0.1 0.275 0.1953125
3 0.49375 0.6984375 0.484375 0.128125
3 0.8765625 0.64375 0.240625 0.08125
4 0.8828125 0.45234375 0.140625 0.1140625
3 0.48046875 0.09765625 0.209375 0.1390625
3 0.896875 0.815625 0.20625 0.196875
4 0.11640625 0.39765625 0.2328125 0.1484375
4 0.3546875 0.9203125 0.50625 0.159375
3 0.609375 0.04453125 0.1796875 0.0890625
4 0.846875 0.02421875 0.115625 0.0484375
3 0.815625 0.10625 0.2765625 0.2078125
4 0.865625 0.2578125 0.1734375 0.15625