2 0.89296875 0.5515625 0.2125 0.121875
2 0.81796875 0.3734375 0.35 0.103125
3 0.25625 0.0984375 0.278125 0.1921875
0 0.56875 0.4578125 0.4 0.221875
3 0.4984375 0.69296875 0.478125 0.121875
4 0.8828125 0.4515625 0.14375 0.115625
3 0.87734375 0.64296875 0.240625 0.0828125
3 0.48046875 0.096875 0.209375 0.1390625
3 0.89765625 0.8171875 0.2046875 0.196875
4 0.1171875 0.396875 0.234375 0.15
3 0.7796875 0.10390625 0.2 0.203125
4 0.35546875 0.9203125 0.503125 0.159375
4 0.84609375 0.02421875 0.11875 0.0484375
4 0.86640625 0.2625 0.175 0.1484375
3 0.61171875 0.04453125 0.1796875 0.0890625