2 0.8203125 0.62421875 0.346875 0.096875
2 0.89140625 0.44765625 0.2125 0.115625
3 0.25625 0.9 0.2796875 0.1953125
0 0.57109375 0.5421875 0.396875 0.225
4 0.8828125 0.54453125 0.140625 0.13125
3 0.7765625 0.89296875 0.1859375 0.2109375
3 0.4875 0.3078125 0.45625 0.1203125
3 0.48125 0.903125 0.209375 0.140625
3 0.89140625 0.17890625 0.2171875 0.203125
3 0.87578125 0.35625 0.24375 0.084375
4 0.11640625 0.60390625 0.2328125 0.1484375
4 0.35546875 0.0796875 0.50625 0.159375
3 0.61015625 0.953125 0.1828125 0.09375
4 0.8671875 0.73359375 0.16875 0.140625
3 0.2125 0.14375 0.40625 0.271875