2 0.55390625 0.8921875 0.1140625 0.2125
2 0.37734375 0.82421875 0.09375 0.3375
0 0.4578125 0.56953125 0.225 0.3984375
3 0.09921875 0.259375 0.19375 0.2734375
3 0.703125 0.4671875 0.140625 0.425
4 0.45390625 0.8796875 0.128125 0.1375
3 0.096875 0.48046875 0.140625 0.209375
3 0.64375 0.8734375 0.08125 0.246875
3 0.821875 0.89296875 0.2 0.2140625
4 0.39609375 0.11640625 0.15 0.2328125
4 0.9203125 0.34921875 0.159375 0.521875
3 0.0453125 0.60703125 0.090625 0.1921875
4 0.26640625 0.86640625 0.1390625 0.171875
3 0.12109375 0.7875 0.215625 0.190625