2 0.825 0.62265625 0.3375 0.09375
2 0.89140625 0.44609375 0.2125 0.1140625
0 0.56875 0.54140625 0.4 0.225
3 0.25625 0.9 0.2796875 0.1953125
3 0.4734375 0.2953125 0.425 0.146875
4 0.88046875 0.54921875 0.1375 0.13125
3 0.48125 0.90546875 0.209375 0.140625
3 0.89296875 0.17734375 0.2140625 0.2015625
3 0.875 0.3578125 0.24375 0.0859375
4 0.115625 0.60390625 0.23125 0.15
4 0.35078125 0.0796875 0.515625 0.159375
3 0.7875 0.878125 0.18125 0.2140625
4 0.8671875 0.73203125 0.16875 0.134375
3 0.59765625 0.9546875 0.21875 0.090625