2 0.621875 0.82421875 0.0953125 0.3375
2 0.44609375 0.88984375 0.1140625 0.215625
3 0.89921875 0.25625 0.196875 0.278125
0 0.54140625 0.571875 0.225 0.3921875
3 0.29296875 0.4765625 0.153125 0.4328125
4 0.54921875 0.8796875 0.125 0.1375
3 0.17734375 0.8921875 0.2015625 0.215625
3 0.90546875 0.48046875 0.140625 0.209375
4 0.60390625 0.11640625 0.15 0.23125
3 0.353125 0.87578125 0.078125 0.24375
3 0.87578125 0.79140625 0.2109375 0.184375
4 0.0796875 0.35078125 0.159375 0.515625
3 0.95546875 0.60703125 0.0890625 0.190625