2 0.625 0.17734375 0.0984375 0.3421875
2 0.44609375 0.10859375 0.11328125 0.21171875
3 0.90078125 0.74296875 0.19375 0.27890625
0 0.5421875 0.421875 0.228125 0.38671875
4 0.55 0.12109375 0.12734375 0.13359375
3 0.271875 0.50546875 0.1890625 0.4640625
3 0.17734375 0.10703125 0.2046875 0.2140625
3 0.903125 0.5203125 0.140625 0.20859375
4 0.6015625 0.8890625 0.153125 0.221875
3 0.86640625 0.20625 0.21640625 0.16875
3 0.353125 0.12421875 0.084375 0.24375
4 0.7296875 0.128125 0.12734375 0.16171875
3 0.95546875 0.3921875 0.08828125 0.190625
4 0.0796875 0.64921875 0.159375 0.5125
4 0.828125 0.10234375 0.0984375 0.125
3 0.13515625 0.79921875 0.2703125 0.4015625