2 0.62578125 0.17734375 0.0984375 0.34296875
2 0.44453125 0.10703125 0.11484375 0.21328125
3 0.9015625 0.74609375 0.1921875 0.2828125
0 0.5421875 0.42421875 0.22734375 0.3890625
4 0.55078125 0.121875 0.1234375 0.134375
3 0.26953125 0.509375 0.19921875 0.46015625
3 0.35234375 0.12421875 0.084375 0.24375
3 0.17734375 0.10546875 0.1984375 0.2109375
3 0.903125 0.52109375 0.1421875 0.2078125
4 0.6015625 0.89140625 0.16015625 0.21640625
3 0.86484375 0.20390625 0.21796875 0.1734375
4 0.73125 0.12890625 0.128125 0.159375
4 0.07890625 0.65 0.1578125 0.49921875
4 0.8296875 0.10234375 0.096875 0.11953125
3 0.1453125 0.78828125 0.27421875 0.40625
3 0.95703125 0.3921875 0.0859375 0.18671875