2 0.17890625 0.6265625 0.3453125 0.1
2 0.10625 0.44453125 0.2109375 0.1140625
0 0.42890625 0.5421875 0.396875 0.228125
3 0.74375 0.90078125 0.2796875 0.1953125
3 0.509375 0.26796875 0.45625 0.2
4 0.121875 0.55234375 0.134375 0.125
3 0.125 0.35234375 0.246875 0.084375
3 0.10703125 0.178125 0.2140625 0.2
3 0.52109375 0.90546875 0.2078125 0.140625
4 0.89140625 0.60234375 0.2171875 0.159375
3 0.19765625 0.86484375 0.16875 0.2109375
4 0.1296875 0.73203125 0.15625 0.1265625
4 0.6515625 0.07890625 0.5 0.1578125
3 0.4 0.95703125 0.20625 0.0859375
4 0.1046875 0.82734375 0.11875 0.0953125