2 0.62734375 0.18046875 0.1015625 0.3484375
2 0.44453125 0.10703125 0.11328125 0.2125
0 0.54296875 0.425 0.2265625 0.39140625
3 0.26796875 0.50703125 0.20390625 0.4625
3 0.90078125 0.74375 0.19375 0.27890625
4 0.55 0.1203125 0.121875 0.1390625
3 0.90546875 0.52109375 0.13984375 0.20703125
3 0.3515625 0.12421875 0.0828125 0.24375
3 0.1765625 0.10625 0.20078125 0.2125
3 0.8640625 0.2078125 0.2171875 0.17265625
4 0.6 0.89140625 0.1578125 0.2171875
4 0.73203125 0.12890625 0.13125 0.16015625
3 0.9546875 0.40625 0.090625 0.2234375
3 0.1453125 0.7875 0.27421875 0.40546875
4 0.07890625 0.65078125 0.15703125 0.49765625