2 0.3734375 0.18125 0.103125 0.35
2 0.55546875 0.10625 0.1125 0.2109375
0 0.45625 0.42578125 0.225 0.3921875
3 0.09921875 0.74375 0.19375 0.2796875
3 0.73671875 0.5046875 0.209375 0.459375
4 0.4484375 0.12109375 0.1265625 0.134375
3 0.0953125 0.52265625 0.140625 0.2046875
3 0.82109375 0.10546875 0.2078125 0.2109375
3 0.13671875 0.2078125 0.2171875 0.171875
3 0.64765625 0.125 0.0828125 0.246875
4 0.4015625 0.8890625 0.1625 0.221875
4 0.26875 0.12890625 0.13125 0.165625
4 0.16953125 0.10546875 0.1 0.115625
3 0.04453125 0.403125 0.0890625 0.2140625
4 0.921875 0.65078125 0.15625 0.4984375
3 0.8546875 0.7875 0.275 0.4046875