2 0.62578125 0.18203125 0.10625 0.3515625
2 0.4453125 0.10625 0.1109375 0.2125
3 0.26015625 0.50390625 0.221875 0.459375
3 0.9015625 0.7453125 0.19375 0.28125
0 0.54609375 0.425 0.221875 0.390625
4 0.54921875 0.11953125 0.125 0.140625
3 0.8609375 0.20859375 0.215625 0.16875
3 0.17890625 0.10859375 0.2 0.215625
4 0.6 0.89140625 0.159375 0.2171875
3 0.90546875 0.53125 0.14375 0.1875
3 0.35625 0.128125 0.084375 0.25
4 0.73203125 0.1265625 0.13125 0.1625
3 0.95390625 0.39921875 0.0921875 0.1875
4 0.834375 0.103125 0.096875 0.121875
3 0.14609375 0.7875 0.275 0.40625
4 0.07890625 0.653125 0.1578125 0.5078125