2 0.62734375 0.18203125 0.10625 0.3515625
2 0.4453125 0.10703125 0.1125 0.2125
3 0.26015625 0.50078125 0.221875 0.46875
3 0.9015625 0.74375 0.19375 0.278125
0 0.546875 0.42734375 0.2203125 0.390625
4 0.55078125 0.1203125 0.1265625 0.140625
3 0.86171875 0.20859375 0.2171875 0.171875
3 0.1828125 0.109375 0.1984375 0.21875
3 0.35625 0.1265625 0.0828125 0.246875
4 0.596875 0.8890625 0.1625 0.221875
3 0.9046875 0.53125 0.1453125 0.1859375
4 0.73125 0.12734375 0.1296875 0.159375
3 0.95234375 0.40078125 0.0953125 0.190625
3 0.146875 0.7875 0.2765625 0.4046875
4 0.078125 0.6515625 0.15625 0.496875
4 0.83359375 0.10390625 0.0984375 0.121875