2 0.6265625 0.18203125 0.10625 0.3515625
2 0.44609375 0.10703125 0.10859375 0.21328125
3 0.259375 0.50703125 0.221875 0.44609375
0 0.546875 0.42890625 0.2203125 0.38828125
3 0.9 0.74375 0.1953125 0.278125
4 0.55078125 0.1203125 0.1265625 0.14296875
3 0.90546875 0.53515625 0.14609375 0.18046875
3 0.859375 0.209375 0.21484375 0.17421875
3 0.3578125 0.1234375 0.08203125 0.24140625
3 0.18046875 0.10546875 0.19921875 0.2109375
4 0.60078125 0.890625 0.16484375 0.21796875
4 0.73046875 0.12890625 0.12890625 0.1625
3 0.14609375 0.78671875 0.27578125 0.4046875
3 0.95234375 0.38203125 0.0953125 0.2046875
4 0.08203125 0.64609375 0.1625 0.49453125
4 0.834375 0.10390625 0.09921875 0.11640625