2 0.44609375 0.1078125 0.10859375 0.21484375
2 0.6265625 0.18125 0.10625 0.35078125
3 0.2578125 0.51328125 0.2234375 0.42890625
0 0.54609375 0.43359375 0.22109375 0.3953125
3 0.90078125 0.74453125 0.19453125 0.28125
4 0.55078125 0.1203125 0.1265625 0.14296875
3 0.16640625 0.109375 0.2125 0.21328125
3 0.90703125 0.5359375 0.1484375 0.18125
3 0.35859375 0.12578125 0.08125 0.24609375
3 0.8578125 0.20859375 0.2171875 0.17421875
4 0.59609375 0.88828125 0.1640625 0.2234375
4 0.73046875 0.12890625 0.128125 0.16171875
3 0.14609375 0.7875 0.27578125 0.40546875
3 0.95 0.359375 0.09921875 0.21640625
4 0.08203125 0.646875 0.16328125 0.5
4 0.83515625 0.10390625 0.1015625 0.11953125