2 0.62734375 0.18203125 0.10546875 0.3515625
2 0.44765625 0.1078125 0.10625 0.21328125
0 0.54375 0.43515625 0.225 0.3984375
3 0.2546875 0.50546875 0.2265625 0.40546875
3 0.9015625 0.74453125 0.1921875 0.28203125
4 0.54921875 0.1203125 0.12421875 0.14296875
3 0.17109375 0.109375 0.20234375 0.2140625
3 0.35859375 0.12421875 0.08359375 0.24296875
4 0.59921875 0.8890625 0.16015625 0.221875
3 0.90703125 0.5375 0.1515625 0.1796875
3 0.8578125 0.20859375 0.2140625 0.1765625
4 0.73125 0.12890625 0.12890625 0.1625
3 0.14609375 0.7859375 0.27578125 0.40703125
3 0.9515625 0.34609375 0.096875 0.246875
4 0.078125 0.65390625 0.15546875 0.50859375
4 0.8359375 0.103125 0.103125 0.12109375