2 0.62734375 0.18125 0.10390625 0.35
2 0.446875 0.10703125 0.10546875 0.21328125
0 0.54296875 0.43671875 0.22578125 0.4
3 0.2578125 0.5015625 0.221875 0.38984375
3 0.89921875 0.74375 0.196875 0.28125
4 0.54921875 0.11953125 0.125 0.1421875
3 0.178125 0.1078125 0.20859375 0.21484375
3 0.9078125 0.5375 0.15 0.18046875
4 0.60078125 0.88984375 0.1546875 0.2203125
3 0.8578125 0.1984375 0.2125 0.17265625
3 0.36015625 0.12421875 0.084375 0.246875
4 0.73046875 0.12734375 0.128125 0.15859375
3 0.146875 0.7859375 0.27578125 0.40625
4 0.078125 0.6578125 0.15625 0.51484375
4 0.83515625 0.10234375 0.10234375 0.1234375
3 0.95 0.334375 0.1 0.275