2 0.37265625 0.81875 0.103125 0.35
2 0.553125 0.89296875 0.10625 0.2125
0 0.45703125 0.56328125 0.225 0.4
3 0.7421875 0.4984375 0.221875 0.390625
3 0.10078125 0.25625 0.196875 0.28125
4 0.45078125 0.88046875 0.125 0.1421875
3 0.821875 0.8921875 0.209375 0.215625
3 0.0921875 0.4625 0.15 0.18125
4 0.39921875 0.11015625 0.1546875 0.2203125
3 0.1421875 0.8015625 0.2125 0.171875
3 0.63984375 0.87578125 0.084375 0.246875
4 0.26953125 0.87265625 0.128125 0.159375
3 0.853125 0.2140625 0.275 0.40625
4 0.921875 0.3421875 0.15625 0.515625
4 0.16484375 0.89765625 0.103125 0.1234375
3 0.05 0.665625 0.1 0.275