2 0.6265625 0.18125 0.109375 0.35078125
2 0.4484375 0.10859375 0.1046875 0.21484375
3 0.25546875 0.48828125 0.2203125 0.340625
0 0.540625 0.4421875 0.22734375 0.39375
3 0.90078125 0.74375 0.19453125 0.2765625
4 0.5484375 0.121875 0.1203125 0.14140625
3 0.3625 0.11796875 0.08203125 0.22890625
3 0.9171875 0.3453125 0.1578125 0.2546875
3 0.909375 0.5453125 0.1546875 0.190625
3 0.16796875 0.109375 0.20234375 0.21328125
4 0.6015625 0.8890625 0.15546875 0.221875
3 0.86015625 0.20234375 0.21171875 0.1609375
4 0.73203125 0.1296875 0.1296875 0.15859375
3 0.146875 0.7859375 0.278125 0.40703125
4 0.078125 0.6640625 0.15625 0.525