2 0.81796875 0.6265625 0.3515625 0.109375
3 0.51171875 0.25546875 0.34375 0.221875
2 0.8921875 0.4484375 0.2140625 0.103125
0 0.5546875 0.53984375 0.39375 0.228125
3 0.25703125 0.9015625 0.278125 0.19375
4 0.87890625 0.55 0.134375 0.1265625
3 0.6546875 0.9078125 0.253125 0.178125
3 0.88515625 0.3625 0.2234375 0.08125
3 0.45390625 0.91015625 0.190625 0.15625
3 0.88984375 0.1671875 0.215625 0.2015625
3 0.80625 0.8578125 0.1609375 0.2125
4 0.1109375 0.60234375 0.221875 0.1578125
3 0.215625 0.146875 0.40625 0.278125
4 0.86796875 0.734375 0.1546875 0.1265625
4 0.346875 0.0765625 0.509375 0.153125