2 0.62578125 0.18203125 0.1109375 0.35234375
2 0.446875 0.1078125 0.10546875 0.21484375
3 0.2625 0.48359375 0.20625 0.34140625
0 0.540625 0.44453125 0.23125 0.3875
3 0.90078125 0.74296875 0.19453125 0.28046875
4 0.5484375 0.12265625 0.12265625 0.1359375
3 0.8578125 0.1890625 0.21328125 0.14921875
3 0.89140625 0.3390625 0.2125 0.246875
3 0.9046875 0.54765625 0.1703125 0.18828125
3 0.36171875 0.11484375 0.078125 0.2234375
3 0.15859375 0.11640625 0.20703125 0.228125
4 0.5984375 0.8859375 0.1609375 0.228125
3 0.146875 0.78515625 0.27734375 0.4078125
4 0.73203125 0.12890625 0.1296875 0.15703125
4 0.07890625 0.65546875 0.1578125 0.50546875