2 0.6265625 0.1828125 0.11015625 0.35234375
2 0.4484375 0.10859375 0.1015625 0.215625
3 0.2625 0.48359375 0.20546875 0.34296875
0 0.540625 0.446875 0.23203125 0.38984375
4 0.54765625 0.12265625 0.1234375 0.13515625
3 0.9 0.74375 0.1953125 0.28046875
3 0.3578125 0.1046875 0.090625 0.209375
3 0.1546875 0.1171875 0.203125 0.234375
3 0.88125 0.33828125 0.22734375 0.23671875
3 0.91015625 0.55234375 0.16328125 0.18359375
4 0.5984375 0.8859375 0.159375 0.228125
3 0.85703125 0.18828125 0.21484375 0.15078125
3 0.14765625 0.7859375 0.27578125 0.40703125
4 0.73125 0.128125 0.1296875 0.15625
4 0.07890625 0.65625 0.1578125 0.5109375