2 0.8171875 0.375 0.353125 0.115625
0 0.5546875 0.459375 0.3875 0.2328125
3 0.51796875 0.73984375 0.3515625 0.196875
3 0.25390625 0.09765625 0.284375 0.190625
2 0.88984375 0.54453125 0.2140625 0.0875
3 0.8765625 0.8546875 0.246875 0.221875
4 0.878125 0.45390625 0.140625 0.11875
3 0.66640625 0.1234375 0.215625 0.2
4 0.11328125 0.4 0.2265625 0.15625
3 0.890625 0.63203125 0.215625 0.109375
3 0.4453125 0.0890625 0.184375 0.15625
3 0.81328125 0.14375 0.14375 0.215625
3 0.2140625 0.85234375 0.40625 0.278125
4 0.87109375 0.26875 0.15625 0.13125
4 0.346875 0.92109375 0.509375 0.1578125