2 0.625 0.18359375 0.1125 0.353125
3 0.90234375 0.7453125 0.190625 0.2859375
0 0.53984375 0.446875 0.2328125 0.3875
3 0.259375 0.48046875 0.1921875 0.353125
3 0.88359375 0.34296875 0.1859375 0.2046875
4 0.54765625 0.121875 0.1234375 0.134375
2 0.45859375 0.11171875 0.08125 0.2171875
3 0.859375 0.2015625 0.2125 0.1625
3 0.1625 0.11953125 0.215625 0.2390625
4 0.6 0.88671875 0.1578125 0.2265625
3 0.37421875 0.10390625 0.115625 0.2078125
3 0.91015625 0.55703125 0.1609375 0.184375
3 0.14765625 0.7859375 0.278125 0.40625
4 0.73125 0.1296875 0.1296875 0.153125
4 0.078125 0.65703125 0.15625 0.5203125
3 0.37421875 0.89453125 0.1515625 0.2046875