2 0.18359375 0.37578125 0.353125 0.115625
3 0.75 0.09609375 0.296875 0.1875
0 0.446875 0.459375 0.3890625 0.234375
3 0.478125 0.74140625 0.3546875 0.1890625
4 0.121875 0.4515625 0.134375 0.125
3 0.12265625 0.84921875 0.2453125 0.215625
4 0.8890625 0.3984375 0.221875 0.153125
3 0.3546875 0.1078125 0.19375 0.16875
3 0.20234375 0.13984375 0.159375 0.2125
3 0.55625 0.0890625 0.1796875 0.1625
3 0.78671875 0.85234375 0.40625 0.2765625
2 0.11328125 0.54453125 0.21875 0.084375
4 0.13203125 0.2640625 0.1515625 0.13125
3 0.846875 0.60078125 0.30625 0.2
4 0.653125 0.921875 0.51875 0.15625
3 0.11171875 0.6171875 0.221875 0.125