2 0.37578125 0.81640625 0.1171875 0.353125
3 0.09609375 0.25 0.1890625 0.2984375
0 0.459375 0.553125 0.234375 0.3890625
3 0.74140625 0.521875 0.1890625 0.3546875
4 0.4515625 0.878125 0.1265625 0.134375
3 0.84921875 0.87734375 0.215625 0.2453125
4 0.3984375 0.1109375 0.153125 0.221875
3 0.1078125 0.6453125 0.16875 0.19375
3 0.13984375 0.79765625 0.2125 0.159375
3 0.0890625 0.44375 0.1625 0.1796875
3 0.85234375 0.21328125 0.2765625 0.4078125
2 0.54453125 0.88671875 0.084375 0.21875
4 0.2640625 0.86796875 0.13125 0.1515625
3 0.60078125 0.153125 0.2015625 0.30625
4 0.921875 0.346875 0.15625 0.51875
3 0.6171875 0.88828125 0.125 0.221875