2 0.8203125 0.3796875 0.346875 0.125
2 0.8875 0.60078125 0.221875 0.1859375
0 0.55390625 0.459375 0.3890625 0.234375
4 0.11171875 0.3953125 0.221875 0.1578125
3 0.29765625 0.10234375 0.2265625 0.196875
4 0.878125 0.45390625 0.1375 0.125
3 0.54453125 0.73515625 0.3796875 0.15
3 0.88046875 0.8359375 0.2390625 0.2171875
3 0.7953125 0.1390625 0.1625 0.2125
3 0.63359375 0.12265625 0.16875 0.1234375
3 0.2109375 0.85234375 0.40625 0.278125
3 0.465625 0.09375 0.1421875 0.165625
4 0.36015625 0.921875 0.5546875 0.15625
0 0.23515625 0.5546875 0.45625 0.2625
4 0.86875 0.26484375 0.15 0.128125