2 0.62109375 0.8203125 0.121875 0.346875
0 0.53984375 0.5546875 0.234375 0.3890625
4 0.6046875 0.11171875 0.15625 0.2234375
2 0.39921875 0.8875 0.1859375 0.221875
3 0.26171875 0.54609375 0.146875 0.38125
4 0.54609375 0.878125 0.125 0.1359375
3 0.89765625 0.30078125 0.196875 0.215625
3 0.16328125 0.88046875 0.21875 0.2375
3 0.90625 0.465625 0.1640625 0.14375
3 0.14765625 0.21171875 0.278125 0.40625
3 0.875 0.6390625 0.1125 0.171875
3 0.8609375 0.7953125 0.2125 0.159375
0 0.4484375 0.23828125 0.2640625 0.4625
4 0.07890625 0.35859375 0.15625 0.565625
4 0.73671875 0.86875 0.1296875 0.1515625