2 0.1796875 0.61875 0.3484375 0.125
2 0.1125 0.39921875 0.2203125 0.1875
0 0.446875 0.53984375 0.3859375 0.234375
4 0.88828125 0.60390625 0.2234375 0.15625
3 0.453125 0.26015625 0.3828125 0.146875
3 0.7 0.896875 0.2171875 0.1984375
4 0.1203125 0.54453125 0.140625 0.11875
3 0.11640625 0.1640625 0.2328125 0.215625
3 0.53515625 0.90625 0.14375 0.16875
3 0.7875 0.14765625 0.409375 0.278125
3 0.20546875 0.85703125 0.1625 0.2140625
3 0.3625 0.8734375 0.175 0.1125
4 0.13125 0.7359375 0.15 0.13125
4 0.66171875 0.078125 0.5484375 0.15625
0 0.76015625 0.44375 0.4609375 0.26875