2 0.8203125 0.38125 0.3484375 0.125
0 0.55390625 0.459375 0.390625 0.234375
4 0.1125 0.39609375 0.225 0.1578125
3 0.55390625 0.74375 0.39375 0.1484375
2 0.8875 0.59921875 0.2203125 0.184375
4 0.87890625 0.453125 0.134375 0.125
3 0.3 0.10234375 0.215625 0.196875
3 0.88359375 0.83671875 0.2328125 0.2140625
3 0.7953125 0.13984375 0.1609375 0.2125
3 0.6359375 0.12734375 0.1796875 0.1109375
3 0.46484375 0.09453125 0.14375 0.16875
3 0.21171875 0.85234375 0.409375 0.278125
4 0.3484375 0.92109375 0.559375 0.1578125
0 0.23828125 0.55390625 0.4640625 0.2734375
4 0.86796875 0.2640625 0.146875 0.128125