2 0.38203125 0.18046875 0.128125 0.3484375
2 0.6015625 0.1125 0.184375 0.2203125
0 0.459375 0.4453125 0.234375 0.3875
4 0.3953125 0.8875 0.1578125 0.225
3 0.73984375 0.45 0.14375 0.41875
4 0.45390625 0.12109375 0.1265625 0.134375
3 0.834375 0.11796875 0.2125 0.2359375
3 0.1015625 0.6953125 0.19375 0.2125
3 0.1296875 0.36171875 0.109375 0.175
3 0.1390625 0.20390625 0.2125 0.1625
3 0.85234375 0.78828125 0.278125 0.409375
3 0.09296875 0.53515625 0.165625 0.1421875
4 0.265625 0.13125 0.125 0.15
4 0.92109375 0.65234375 0.1578125 0.5296875
0 0.55546875 0.75703125 0.28125 0.46875