2 0.378125 0.184375 0.121875 0.3546875
2 0.60078125 0.1125 0.1859375 0.2203125
0 0.459375 0.446875 0.234375 0.3875
4 0.39609375 0.88671875 0.1578125 0.2265625
3 0.74296875 0.434375 0.1390625 0.4328125
4 0.45390625 0.12109375 0.1265625 0.134375
3 0.834375 0.1234375 0.2140625 0.246875
3 0.1015625 0.69296875 0.1953125 0.2171875
3 0.13984375 0.20390625 0.2125 0.165625
3 0.08984375 0.5359375 0.1640625 0.1390625
3 0.13046875 0.3609375 0.1015625 0.175
3 0.85234375 0.7890625 0.278125 0.409375
4 0.2671875 0.13046875 0.125 0.15
4 0.92109375 0.6421875 0.1578125 0.5484375
0 0.5578125 0.75 0.2703125 0.4828125