2 0.184375 0.621875 0.3546875 0.121875
2 0.1125 0.39921875 0.2203125 0.1859375
0 0.446875 0.540625 0.3875 0.234375
4 0.88671875 0.60390625 0.2265625 0.1578125
3 0.434375 0.25703125 0.4328125 0.1390625
4 0.12109375 0.54609375 0.134375 0.1265625
3 0.1234375 0.165625 0.246875 0.2125
3 0.69296875 0.8984375 0.2171875 0.1953125
3 0.20390625 0.86015625 0.165625 0.2125
3 0.5359375 0.91015625 0.1390625 0.1625
3 0.3609375 0.86953125 0.175 0.1015625
3 0.7890625 0.14765625 0.409375 0.278125
4 0.13046875 0.7328125 0.15 0.125
4 0.6421875 0.07890625 0.5484375 0.1578125
0 0.75 0.4421875 0.4828125 0.2703125