2 0.18046875 0.38046875 0.3484375 0.125
2 0.1125 0.60078125 0.2203125 0.1859375
0 0.446875 0.459375 0.39375 0.234375
3 0.428125 0.7421875 0.434375 0.1359375
4 0.88671875 0.39609375 0.2265625 0.1578125
3 0.6921875 0.1015625 0.2203125 0.19375
3 0.1265625 0.834375 0.253125 0.2109375
4 0.1203125 0.45546875 0.1390625 0.11875
3 0.53671875 0.08984375 0.134375 0.165625
3 0.2046875 0.140625 0.1625 0.215625
3 0.7890625 0.85234375 0.409375 0.278125
3 0.3609375 0.13203125 0.1734375 0.0984375
4 0.64453125 0.92109375 0.5640625 0.1578125
4 0.13046875 0.2671875 0.15 0.121875
0 0.74765625 0.5578125 0.4875 0.271875