2 0.61953125 0.18046875 0.12421875 0.3484375
0 0.540625 0.446875 0.234375 0.3890625
4 0.6046875 0.88671875 0.15703125 0.2265625
2 0.39921875 0.1125 0.1890625 0.22109375
4 0.546875 0.121875 0.12578125 0.1359375
3 0.8984375 0.69140625 0.19375 0.2171875
3 0.2578125 0.42265625 0.13125 0.403125
3 0.16484375 0.12421875 0.2140625 0.24765625
3 0.86484375 0.3625 0.096875 0.1734375
3 0.909375 0.534375 0.1671875 0.13359375
3 0.86015625 0.20546875 0.21328125 0.165625
3 0.14765625 0.7875 0.278125 0.41015625
4 0.07890625 0.64609375 0.1578125 0.52421875
4 0.73203125 0.13125 0.1234375 0.15
0 0.4421875 0.7453125 0.271875 0.49296875