2 0.61953125 0.81953125 0.125 0.3484375
0 0.540625 0.553125 0.234375 0.3890625
4 0.6046875 0.11328125 0.15625 0.2265625
2 0.39921875 0.8875 0.1890625 0.221875
4 0.546875 0.878125 0.125 0.1359375
3 0.8984375 0.30859375 0.19375 0.2171875
3 0.2578125 0.57734375 0.13125 0.403125
3 0.16484375 0.87578125 0.2140625 0.246875
3 0.86484375 0.6375 0.096875 0.1734375
3 0.909375 0.465625 0.1671875 0.134375
3 0.86015625 0.79453125 0.2125 0.165625
3 0.14765625 0.2125 0.278125 0.409375
4 0.07890625 0.35390625 0.1578125 0.525
4 0.73203125 0.86875 0.1234375 0.15
0 0.4421875 0.2546875 0.271875 0.49375