2 0.61875 0.18046875 0.128125 0.3484375
2 0.3984375 0.11328125 0.1890625 0.221875
0 0.540625 0.446875 0.234375 0.390625
4 0.6046875 0.8875 0.15625 0.225
3 0.25859375 0.4046875 0.128125 0.390625
4 0.54609375 0.121875 0.125 0.1375
3 0.16484375 0.13125 0.215625 0.2625
3 0.8984375 0.69140625 0.19375 0.215625
3 0.146875 0.7875 0.278125 0.409375
3 0.86015625 0.20546875 0.2125 0.165625
3 0.8640625 0.3609375 0.09375 0.1734375
3 0.9078125 0.534375 0.16875 0.13125
4 0.078125 0.64375 0.15625 0.55625
4 0.73203125 0.13125 0.121875 0.1515625
0 0.44296875 0.7421875 0.26875 0.4984375