2 0.61953125 0.18046875 0.12578125 0.34921875
4 0.6046875 0.88671875 0.15703125 0.2265625
0 0.540625 0.446875 0.234375 0.39375
2 0.39765625 0.1125 0.18828125 0.22109375
4 0.54609375 0.121875 0.12578125 0.13671875
3 0.25859375 0.3890625 0.12890625 0.36328125
3 0.15234375 0.13828125 0.2140625 0.27578125
3 0.89609375 0.690625 0.1984375 0.21484375
3 0.909375 0.5359375 0.16640625 0.1296875
3 0.146875 0.7875 0.27734375 0.4109375
3 0.859375 0.2046875 0.21484375 0.1625
3 0.86484375 0.36015625 0.0921875 0.171875
4 0.07890625 0.6453125 0.1578125 0.54765625
4 0.73203125 0.13125 0.12265625 0.14921875
0 0.44296875 0.74609375 0.26875 0.49140625