2 0.18046875 0.61953125 0.35 0.125
4 0.88671875 0.6046875 0.2265625 0.1578125
0 0.446875 0.540625 0.39375 0.234375
2 0.1125 0.39765625 0.221875 0.1875
4 0.121875 0.54609375 0.1375 0.125
3 0.3890625 0.25859375 0.3625 0.128125
3 0.13828125 0.15234375 0.275 0.2140625
3 0.690625 0.89609375 0.215625 0.1984375
3 0.5359375 0.909375 0.1296875 0.165625
3 0.7875 0.146875 0.4109375 0.278125
3 0.2046875 0.859375 0.1625 0.215625
3 0.36015625 0.86484375 0.171875 0.0921875
4 0.6453125 0.07890625 0.546875 0.1578125
4 0.13125 0.73203125 0.15 0.1234375
0 0.74609375 0.44296875 0.490625 0.26875