2 0.6203125 0.81484375 0.121875 0.35625
2 0.3984375 0.88671875 0.1875 0.221875
4 0.6046875 0.1125 0.1578125 0.225
0 0.540625 0.5515625 0.234375 0.3921875
4 0.546875 0.87890625 0.125 0.134375
3 0.16640625 0.8609375 0.2109375 0.278125
3 0.25859375 0.61953125 0.125 0.346875
3 0.896875 0.31015625 0.196875 0.21875
3 0.8578125 0.79296875 0.2140625 0.16875
3 0.146875 0.2125 0.278125 0.4109375
3 0.90859375 0.46484375 0.16875 0.13125
3 0.86171875 0.64140625 0.090625 0.16875
4 0.07890625 0.353125 0.1578125 0.5375
4 0.73203125 0.86953125 0.1234375 0.15
0 0.44453125 0.25390625 0.26875 0.4921875