2 0.6203125 0.18046875 0.12265625 0.34765625
4 0.60546875 0.8859375 0.15625 0.228125
0 0.540625 0.4484375 0.234375 0.39375
4 0.54609375 0.121875 0.12421875 0.13515625
3 0.16640625 0.1390625 0.2109375 0.278125
3 0.8984375 0.68828125 0.1953125 0.21484375
3 0.259375 0.37421875 0.11796875 0.36484375
2 0.4 0.11328125 0.18515625 0.2234375
3 0.85859375 0.203125 0.21015625 0.16328125
3 0.90859375 0.53359375 0.16796875 0.13125
3 0.146875 0.78828125 0.27734375 0.41015625
3 0.859375 0.35078125 0.0875 0.1703125
0 0.44296875 0.74375 0.26953125 0.4953125
4 0.07890625 0.64140625 0.1578125 0.54140625
4 0.7328125 0.13046875 0.1234375 0.15234375