2 0.61875 0.18046875 0.1265625 0.3484375
0 0.53984375 0.44765625 0.234375 0.390625
4 0.60546875 0.88671875 0.15625 0.2265625
2 0.403125 0.1140625 0.184375 0.2234375
3 0.1546875 0.146875 0.209375 0.29375
4 0.54765625 0.121875 0.125 0.134375
3 0.89921875 0.68828125 0.19375 0.215625
3 0.25859375 0.3703125 0.1125 0.36875
3 0.85625 0.203125 0.2109375 0.1625
3 0.8546875 0.34375 0.0875 0.16875
3 0.14765625 0.78828125 0.278125 0.409375
3 0.909375 0.5328125 0.1671875 0.128125
4 0.73203125 0.13046875 0.121875 0.15
4 0.07890625 0.6453125 0.1578125 0.553125
0 0.44375 0.74609375 0.2703125 0.490625