2 0.61875 0.18046875 0.1265625 0.3484375
0 0.53984375 0.44765625 0.23359375 0.39140625
4 0.60546875 0.88671875 0.15625 0.2265625
2 0.403125 0.1140625 0.18515625 0.2234375
3 0.1546875 0.146875 0.21015625 0.29375
4 0.54765625 0.121875 0.12421875 0.134375
3 0.89921875 0.68828125 0.19296875 0.215625
3 0.25859375 0.3703125 0.11328125 0.36796875
3 0.85625 0.203125 0.2109375 0.16328125
3 0.8546875 0.34375 0.08828125 0.16796875
3 0.14765625 0.78828125 0.278125 0.40859375
3 0.909375 0.5328125 0.1671875 0.128125
4 0.73203125 0.13046875 0.12265625 0.15078125
4 0.07890625 0.6453125 0.1578125 0.553125
0 0.44375 0.74609375 0.2703125 0.49140625