2 0.81953125 0.38125 0.3484375 0.128125
0 0.55390625 0.459375 0.3875 0.234375
2 0.8859375 0.5984375 0.225 0.1875
4 0.11328125 0.3953125 0.2265625 0.15625
4 0.878125 0.45234375 0.134375 0.121875
3 0.3109375 0.1015625 0.2171875 0.1953125
3 0.85703125 0.84453125 0.2859375 0.209375
3 0.6296875 0.74375 0.36875 0.115625
3 0.659375 0.1484375 0.16875 0.0875
3 0.79609375 0.14453125 0.1625 0.2109375
3 0.2109375 0.85234375 0.40625 0.278125
3 0.46796875 0.09140625 0.1265625 0.16875
0 0.2546875 0.55625 0.4921875 0.271875
4 0.35625 0.92109375 0.553125 0.1578125
4 0.86953125 0.26796875 0.1515625 0.121875