2 0.18046875 0.61875 0.3484375 0.1265625
0 0.4453125 0.540625 0.3875 0.234375
2 0.1140625 0.403125 0.225 0.196875
4 0.88671875 0.6046875 0.2265625 0.15625
4 0.121875 0.5453125 0.134375 0.121875
3 0.13828125 0.15390625 0.2765625 0.2109375
3 0.68828125 0.9015625 0.215625 0.190625
3 0.36875 0.25390625 0.36875 0.11875
3 0.7890625 0.14765625 0.40625 0.278125
3 0.33984375 0.85390625 0.165625 0.0921875
3 0.2046875 0.85546875 0.1640625 0.2109375
3 0.53359375 0.91171875 0.121875 0.165625
4 0.64453125 0.07890625 0.5390625 0.1578125
4 0.13046875 0.73359375 0.153125 0.1234375
3 0.4453125 0.92265625 0.1671875 0.14375
0 0.75 0.44375 0.48125 0.2703125