2 0.61875 0.18046875 0.1265625 0.3484375
0 0.540625 0.4453125 0.234375 0.38828125
2 0.403125 0.1140625 0.19609375 0.22421875
4 0.6046875 0.88671875 0.15625 0.2265625
4 0.5453125 0.121875 0.12109375 0.134375
3 0.15390625 0.13828125 0.2109375 0.2765625
3 0.9015625 0.68828125 0.18984375 0.21640625
3 0.25390625 0.36875 0.11875 0.36796875
3 0.14765625 0.7890625 0.278125 0.40703125
3 0.85390625 0.33984375 0.0921875 0.16640625
3 0.85546875 0.2046875 0.2109375 0.1640625
3 0.91171875 0.53359375 0.16484375 0.121875
4 0.07890625 0.64453125 0.1578125 0.5390625
4 0.73359375 0.13046875 0.12265625 0.15234375
3 0.92265625 0.4453125 0.14296875 0.1671875
0 0.44375 0.75 0.2703125 0.48203125