2 0.6203125 0.18515625 0.1234375 0.35546875
2 0.39609375 0.1140625 0.18359375 0.2234375
0 0.540625 0.4453125 0.23359375 0.3921875
4 0.6046875 0.8875 0.15703125 0.225
4 0.54609375 0.121875 0.121875 0.13828125
3 0.15390625 0.1453125 0.2109375 0.290625
3 0.89921875 0.6890625 0.19296875 0.21796875
3 0.25234375 0.37109375 0.1171875 0.3703125
3 0.85390625 0.34140625 0.0890625 0.16875
3 0.14765625 0.78828125 0.27890625 0.40859375
3 0.85546875 0.20390625 0.20859375 0.16171875
3 0.91015625 0.53359375 0.1671875 0.12109375
4 0.73359375 0.13125 0.125 0.1515625
4 0.078125 0.6484375 0.15625 0.528125
3 0.921875 0.446875 0.14453125 0.165625
0 0.44296875 0.75078125 0.271875 0.48046875