2 0.6203125 0.81484375 0.1234375 0.35625
2 0.39609375 0.8859375 0.184375 0.2234375
0 0.540625 0.5546875 0.234375 0.3921875
4 0.6046875 0.1125 0.15625 0.225
4 0.54609375 0.878125 0.121875 0.1375
3 0.15390625 0.8546875 0.2109375 0.290625
3 0.89921875 0.3109375 0.19375 0.21875
3 0.25234375 0.62890625 0.1171875 0.3703125
3 0.85390625 0.65859375 0.0890625 0.16875
3 0.14765625 0.21171875 0.278125 0.409375
3 0.85546875 0.79609375 0.209375 0.1625
3 0.91015625 0.46640625 0.1671875 0.121875
4 0.73359375 0.86875 0.125 0.1515625
4 0.078125 0.3515625 0.15625 0.528125
3 0.921875 0.553125 0.14375 0.165625
0 0.44296875 0.24921875 0.271875 0.48125