2 0.615625 0.18125 0.1328125 0.3484375
0 0.540625 0.4453125 0.234375 0.384375
4 0.60390625 0.8875 0.159375 0.225
4 0.546875 0.11953125 0.115625 0.140625
3 0.1546875 0.14765625 0.209375 0.2953125
3 0.9015625 0.68828125 0.190625 0.215625
3 0.253125 0.3625 0.121875 0.375
2 0.39609375 0.1140625 0.196875 0.225
3 0.85546875 0.34375 0.0828125 0.171875
3 0.14765625 0.78828125 0.278125 0.4078125
3 0.853125 0.2046875 0.2109375 0.1625
3 0.9109375 0.534375 0.165625 0.121875
4 0.7328125 0.13125 0.125 0.153125
4 0.07890625 0.63515625 0.1578125 0.5859375
3 0.91875 0.45234375 0.15 0.1765625
3 0.44921875 0.76875 0.26875 0.45