2 0.81875 0.61875 0.35 0.1265625
0 0.55625 0.540625 0.3875 0.234375
2 0.8859375 0.390625 0.2234375 0.1890625
4 0.1140625 0.6046875 0.228125 0.15625
3 0.85390625 0.15390625 0.290625 0.209375
3 0.3109375 0.8984375 0.215625 0.1953125
4 0.8796875 0.54609375 0.140625 0.125
3 0.63828125 0.2515625 0.378125 0.1234375
3 0.65625 0.85625 0.1703125 0.08125
3 0.79609375 0.85390625 0.1625 0.2109375
3 0.2125 0.14765625 0.409375 0.278125
3 0.46484375 0.91328125 0.1171875 0.1625
4 0.86953125 0.7328125 0.1484375 0.1234375
3 0.225 0.4484375 0.4359375 0.271875
4 0.3515625 0.07890625 0.5359375 0.1578125
3 0.540625 0.92265625 0.196875 0.1546875