2 0.61796875 0.18046875 0.12734375 0.3484375
2 0.39140625 0.11484375 0.18984375 0.2234375
0 0.540625 0.44296875 0.23359375 0.38671875
4 0.6046875 0.88671875 0.15625 0.2265625
3 0.89921875 0.6890625 0.19296875 0.215625
3 0.1546875 0.15 0.2078125 0.3
4 0.54609375 0.12109375 0.125 0.13828125
3 0.25234375 0.3609375 0.1234375 0.37734375
3 0.85703125 0.34296875 0.08046875 0.16015625
3 0.85390625 0.20703125 0.20859375 0.16875
3 0.14765625 0.7875 0.278125 0.4078125
3 0.9125 0.53515625 0.1640625 0.1171875
4 0.734375 0.13125 0.125 0.15078125
2 0.33984375 0.11015625 0.09375 0.21171875
3 0.44921875 0.7875 0.26953125 0.4109375
4 0.07890625 0.653125 0.1578125 0.5328125
3 0.9234375 0.459375 0.153125 0.184375