2 0.81953125 0.38203125 0.3484375 0.128125
2 0.88515625 0.60859375 0.2234375 0.190625
0 0.55703125 0.459375 0.3875 0.234375
4 0.11328125 0.3953125 0.2265625 0.15625
3 0.3109375 0.10078125 0.215625 0.19375
3 0.85 0.8453125 0.3 0.2078125
4 0.87890625 0.45390625 0.1375 0.125
3 0.6390625 0.74765625 0.378125 0.1234375
3 0.65703125 0.14296875 0.159375 0.08125
3 0.79296875 0.14609375 0.16875 0.209375
3 0.2125 0.85234375 0.4078125 0.278125
3 0.46484375 0.0875 0.1171875 0.1640625
4 0.86875 0.265625 0.15 0.125
2 0.88984375 0.66015625 0.2125 0.09375
3 0.2125 0.55078125 0.4109375 0.26875
4 0.346875 0.92109375 0.5328125 0.1578125
3 0.540625 0.0765625 0.184375 0.153125