2 0.18046875 0.61875 0.35 0.1265625
0 0.440625 0.540625 0.3796875 0.234375
4 0.88671875 0.6046875 0.2265625 0.15625
3 0.15234375 0.153125 0.303125 0.20625
4 0.121875 0.54453125 0.134375 0.128125
3 0.68671875 0.89765625 0.21875 0.196875
3 0.35546875 0.24765625 0.371875 0.125
2 0.11484375 0.375 0.2234375 0.190625
3 0.20625 0.85390625 0.165625 0.20625
3 0.7875 0.14765625 0.409375 0.278125
3 0.53359375 0.91328125 0.1125 0.1625
4 0.13203125 0.73203125 0.15 0.1234375
4 0.63203125 0.07890625 0.5796875 0.1578125
3 0.446875 0.91953125 0.16875 0.1484375
3 0.76796875 0.446875 0.45 0.2703125