2 0.38046875 0.18046875 0.1265625 0.35
0 0.459375 0.44140625 0.234375 0.38125
4 0.3953125 0.8859375 0.15625 0.228125
3 0.84765625 0.15078125 0.209375 0.3015625
4 0.4546875 0.121875 0.125 0.1359375
3 0.1015625 0.68515625 0.1953125 0.2171875
3 0.7546875 0.346875 0.1203125 0.35625
3 0.08515625 0.53125 0.165625 0.1078125
3 0.14609375 0.2046875 0.20625 0.1640625
3 0.85234375 0.78671875 0.278125 0.4109375
2 0.60390625 0.11484375 0.1453125 0.2234375
3 0.0796875 0.4578125 0.1484375 0.178125
4 0.92109375 0.640625 0.1578125 0.590625
4 0.26640625 0.1328125 0.125 0.153125
3 0.55390625 0.7671875 0.271875 0.453125