2 0.8140625 0.61875 0.3578125 0.125
0 0.55859375 0.54140625 0.384375 0.234375
4 0.11640625 0.6078125 0.2328125 0.153125
3 0.84921875 0.1484375 0.3 0.203125
3 0.65703125 0.24765625 0.3515625 0.115625
4 0.88125 0.5484375 0.140625 0.1171875
3 0.3171875 0.89609375 0.221875 0.203125
3 0.79375 0.85078125 0.16875 0.209375
3 0.4734375 0.91796875 0.1140625 0.1640625
3 0.2125 0.14765625 0.409375 0.278125
4 0.86953125 0.73125 0.15 0.121875
4 0.3625 0.07890625 0.5625 0.1578125
3 0.5359375 0.92734375 0.2125 0.14375
0 0.2328125 0.4421875 0.446875 0.259375
2 0.8859375 0.35625 0.2234375 0.2140625