2 0.61875 0.81953125 0.125 0.35
0 0.54140625 0.55390625 0.234375 0.384375
4 0.609375 0.1171875 0.1484375 0.234375
3 0.14375 0.85234375 0.2 0.2953125
4 0.5390625 0.87890625 0.14375 0.134375
3 0.8984375 0.31640625 0.2 0.225
3 0.246875 0.6609375 0.1140625 0.3671875
3 0.1484375 0.2125 0.278125 0.409375
3 0.85703125 0.79296875 0.2015625 0.16875
3 0.915625 0.46796875 0.16875 0.1203125
4 0.7328125 0.8671875 0.125 0.153125
0 0.43515625 0.22734375 0.2734375 0.4546875
4 0.07890625 0.35 0.1578125 0.5578125
3 0.93046875 0.546875 0.1390625 0.2015625