2 0.38046875 0.8140625 0.125 0.3578125
0 0.459375 0.55625 0.234375 0.384375
3 0.85703125 0.85 0.19375 0.3
4 0.39296875 0.11640625 0.1484375 0.2328125
3 0.10234375 0.31796875 0.196875 0.221875
4 0.45390625 0.87890625 0.13125 0.1359375
3 0.7515625 0.6640625 0.11875 0.38125
3 0.1484375 0.79296875 0.20625 0.1703125
3 0.85234375 0.2125 0.278125 0.409375
3 0.084375 0.45703125 0.16875 0.13125
3 0.640625 0.88359375 0.2 0.228125
4 0.26875 0.86875 0.121875 0.15
0 0.5765625 0.2109375 0.246875 0.421875
3 0.0703125 0.5453125 0.140625 0.196875
1 0.92109375 0.34296875 0.1578125 0.540625