2 0.61953125 0.1859375 0.125 0.3578125
0 0.540625 0.44375 0.234375 0.384375
3 0.14296875 0.15 0.19375 0.3
4 0.60703125 0.88359375 0.1484375 0.2328125
3 0.89765625 0.68203125 0.196875 0.2234375
4 0.54609375 0.12109375 0.13125 0.1359375
3 0.2484375 0.3359375 0.11875 0.38125
3 0.8515625 0.20703125 0.20625 0.1703125
3 0.14765625 0.7875 0.278125 0.409375
3 0.915625 0.54296875 0.16875 0.13125
3 0.359375 0.11640625 0.2015625 0.228125
4 0.73125 0.13125 0.121875 0.15
0 0.4234375 0.7890625 0.2484375 0.421875
3 0.9296875 0.4546875 0.140625 0.196875
1 0.07890625 0.65703125 0.1578125 0.540625