2 0.1859375 0.61875 0.3578125 0.125
0 0.44609375 0.540625 0.3875 0.234375
3 0.14921875 0.1421875 0.2984375 0.196875
3 0.684375 0.8984375 0.225 0.196875
4 0.88359375 0.60703125 0.2328125 0.1515625
4 0.121875 0.5484375 0.1375 0.1234375
3 0.33125 0.246875 0.3734375 0.115625
3 0.20546875 0.85078125 0.16875 0.2078125
3 0.78828125 0.14765625 0.409375 0.278125
3 0.54296875 0.91796875 0.13125 0.1640625
3 0.1140625 0.36328125 0.221875 0.18125
0 0.79609375 0.4203125 0.4078125 0.240625
4 0.1328125 0.73203125 0.1515625 0.1203125
4 0.6515625 0.07890625 0.5421875 0.15625
3 0.45625 0.9296875 0.196875 0.140625