2 0.81484375 0.61953125 0.3578125 0.1234375
0 0.55625 0.540625 0.384375 0.234375
3 0.8515625 0.140625 0.296875 0.1953125
3 0.31328125 0.90078125 0.221875 0.1921875
4 0.88046875 0.54765625 0.1390625 0.1296875
4 0.11640625 0.60625 0.2328125 0.15
3 0.6625 0.24609375 0.378125 0.115625
3 0.21171875 0.14765625 0.409375 0.278125
3 0.79453125 0.85625 0.165625 0.203125
3 0.45234375 0.91796875 0.1375 0.1625
4 0.37890625 0.0796875 0.584375 0.159375
4 0.86796875 0.73125 0.1515625 0.121875
3 0.8484375 0.3609375 0.2984375 0.178125
0 0.1890625 0.41328125 0.378125 0.225
3 0.54296875 0.93125 0.19375 0.1375