2 0.61796875 0.18046875 0.1265625 0.35078125
3 0.134375 0.15 0.19921875 0.3
0 0.540625 0.44140625 0.234375 0.37578125
3 0.8984375 0.728125 0.1953125 0.2609375
4 0.55390625 0.11875 0.12421875 0.14375
4 0.6078125 0.884375 0.15 0.23046875
3 0.2484375 0.334375 0.1125 0.36640625
3 0.85390625 0.20859375 0.20625 0.1703125
3 0.91875 0.55390625 0.16171875 0.15234375
3 0.1484375 0.78671875 0.27890625 0.4109375
2 0.4515625 0.1046875 0.103125 0.2046875
3 0.41484375 0.80625 0.2265625 0.3875
4 0.73125 0.1296875 0.11953125 0.1484375
4 0.078125 0.6515625 0.15625 0.546875