2 0.61796875 0.18125 0.128125 0.3515625
3 0.13359375 0.14921875 0.20078125 0.2984375
0 0.53984375 0.440625 0.234375 0.3734375
2 0.4640625 0.1046875 0.075 0.2046875
4 0.55390625 0.11796875 0.1234375 0.14296875
3 0.90078125 0.74765625 0.18984375 0.240625
4 0.60703125 0.884375 0.1484375 0.23125
3 0.25078125 0.328125 0.1109375 0.37265625
3 0.85078125 0.2078125 0.2078125 0.17421875
3 0.91875 0.55859375 0.15546875 0.16640625
3 0.1484375 0.78828125 0.2796875 0.409375
4 0.73046875 0.13125 0.12265625 0.1515625
3 0.409375 0.8046875 0.203125 0.390625
4 0.0796875 0.603125 0.159375 0.6125
3 0.365625 0.11484375 0.153125 0.22421875