2 0.61640625 0.18125 0.13046875 0.3515625
3 0.13671875 0.15 0.1953125 0.3
0 0.53984375 0.43984375 0.234375 0.371875
2 0.4640625 0.1046875 0.07890625 0.203125
4 0.55234375 0.11875 0.121875 0.14296875
3 0.89921875 0.7484375 0.19296875 0.2375
4 0.6078125 0.884375 0.1484375 0.23125
3 0.85 0.20703125 0.2078125 0.175
3 0.25 0.32734375 0.109375 0.36953125
3 0.1484375 0.78828125 0.27890625 0.40859375
3 0.91875 0.56171875 0.153125 0.16796875
4 0.0796875 0.603125 0.159375 0.6125
3 0.40859375 0.80390625 0.1984375 0.3921875
4 0.73046875 0.13125 0.1203125 0.14921875
3 0.371875 0.19296875 0.1515625 0.3703125
3 0.9328125 0.49453125 0.134375 0.23984375