2 0.61640625 0.81875 0.13125 0.3515625
3 0.13671875 0.85 0.1953125 0.3
0 0.53984375 0.56015625 0.234375 0.371875
2 0.4640625 0.8953125 0.078125 0.203125
4 0.55234375 0.88125 0.121875 0.14375
3 0.89921875 0.2515625 0.19375 0.2375
4 0.6078125 0.115625 0.1484375 0.23125
3 0.85 0.79296875 0.2078125 0.175
3 0.25 0.67265625 0.109375 0.36875
3 0.1484375 0.21171875 0.278125 0.409375
3 0.91875 0.43828125 0.153125 0.16875
4 0.0796875 0.396875 0.159375 0.6125
3 0.40859375 0.19609375 0.1984375 0.3921875
4 0.73046875 0.86875 0.1203125 0.15
3 0.371875 0.80703125 0.1515625 0.3703125
3 0.9328125 0.50546875 0.134375 0.240625