2 0.61796875 0.18125 0.128125 0.35078125
3 0.140625 0.15078125 0.1875 0.3015625
2 0.4625 0.103125 0.08046875 0.2
0 0.53984375 0.43828125 0.234375 0.36953125
3 0.8984375 0.74921875 0.1953125 0.2359375
4 0.553125 0.11875 0.1234375 0.14453125
4 0.6078125 0.88359375 0.15 0.2328125
3 0.8546875 0.209375 0.20234375 0.17421875
3 0.9203125 0.565625 0.153125 0.16484375
3 0.2484375 0.325 0.10625 0.3765625
3 0.1484375 0.78671875 0.27890625 0.4109375
3 0.37109375 0.19296875 0.15 0.3734375
3 0.40546875 0.8015625 0.1953125 0.396875
4 0.0796875 0.5984375 0.159375 0.62109375
4 0.73203125 0.1328125 0.12265625 0.15078125