2 0.38203125 0.18203125 0.128125 0.35
2 0.54765625 0.103125 0.1 0.203125
0 0.459375 0.44140625 0.234375 0.3765625
3 0.8578125 0.15 0.1828125 0.3
4 0.4453125 0.11875 0.128125 0.1453125
3 0.09921875 0.75234375 0.190625 0.24375
4 0.39453125 0.884375 0.1484375 0.23125
3 0.14609375 0.21015625 0.2046875 0.175
3 0.6296875 0.19765625 0.146875 0.384375
3 0.08046875 0.56796875 0.153125 0.165625
3 0.75234375 0.32578125 0.10625 0.3875
3 0.8515625 0.7875 0.278125 0.4109375
3 0.59609375 0.8046875 0.196875 0.390625
4 0.26875 0.13125 0.121875 0.15
4 0.921875 0.63125 0.15625 0.571875
3 0.07109375 0.4859375 0.1421875 0.23125