4 0.13984375 0.79921875 0.27890625 0.40078125
3 0.2546875 0.31953125 0.11953125 0.35703125
3 0.36015625 0.18515625 0.1328125 0.36328125
0 0.53515625 0.43515625 0.2375 0.359375
3 0.4140625 0.79921875 0.16328125 0.40078125
2 0.6109375 0.17578125 0.12578125 0.3515625
2 0.4671875 0.10703125 0.09921875 0.2140625
4 0.55 0.1171875 0.140625 0.13515625
3 0.90390625 0.73828125 0.1921875 0.234375
3 0.9234375 0.5703125 0.153125 0.16875
3 0.9265625 0.4625 0.14609375 0.17421875
3 0.85078125 0.20546875 0.20859375 0.16875
1 0.7375 0.128125 0.1140625 0.1609375
1 0.08125 0.65 0.1625 0.5
3 0.14609375 0.140625 0.1828125 0.28125