2 0.8171875 0.38203125 0.353125 0.128125
0 0.559375 0.46015625 0.371875 0.234375
2 0.896875 0.5546875 0.203125 0.1109375
3 0.234375 0.09765625 0.275 0.1875
3 0.84765625 0.84921875 0.3046875 0.190625
4 0.88125 0.44765625 0.14375 0.125
4 0.11640625 0.396875 0.2328125 0.15
3 0.7921875 0.15 0.178125 0.209375
3 0.6765625 0.74765625 0.353125 0.11875
3 0.43046875 0.0796875 0.1859375 0.159375
3 0.80546875 0.628125 0.3765625 0.1328125
3 0.2125 0.8515625 0.409375 0.2796875
3 0.1984375 0.59609375 0.396875 0.1890625
4 0.86953125 0.26875 0.15 0.125
3 0.5078125 0.071875 0.23125 0.14375
4 0.38203125 0.921875 0.59375 0.15625