2 0.61875 0.19140625 0.1265625 0.3453125
0 0.53984375 0.4453125 0.234375 0.36796875
2 0.43671875 0.1015625 0.078125 0.1984375
3 0.13984375 0.15390625 0.1765625 0.3078125
3 0.9 0.76484375 0.1921875 0.27421875
3 0.2515625 0.32109375 0.14296875 0.36484375
4 0.56484375 0.109375 0.165625 0.1671875
3 0.4015625 0.75 0.15390625 0.48671875
4 0.6078125 0.88046875 0.13515625 0.2390625
3 0.8515625 0.20859375 0.2125 0.16875
3 0.14765625 0.7875 0.2765625 0.41015625
3 0.91953125 0.5828125 0.15625 0.165625
3 0.39140625 0.1734375 0.1015625 0.346875
4 0.73203125 0.1296875 0.1265625 0.15234375
1 0.078125 0.66015625 0.15625 0.5265625
3 0.92890625 0.4734375 0.1421875 0.221875