2 0.80703125 0.38046875 0.346875 0.1234375
0 0.55390625 0.459375 0.36875 0.234375
3 0.846875 0.86171875 0.30625 0.1765625
3 0.2359375 0.1 0.278125 0.19375
3 0.67890625 0.7484375 0.365625 0.14375
2 0.89765625 0.56796875 0.2 0.0875
4 0.88984375 0.43828125 0.165625 0.159375
3 0.2515625 0.60078125 0.490625 0.153125
4 0.1203125 0.3921875 0.240625 0.134375
3 0.78984375 0.1484375 0.16875 0.2125
3 0.21328125 0.85234375 0.4109375 0.278125
3 0.415625 0.08046875 0.1625 0.15625
4 0.8703125 0.2671875 0.15 0.1265625
3 0.5171875 0.071875 0.246875 0.14375
1 0.34453125 0.92109375 0.528125 0.1578125
3 0.82421875 0.609375 0.35 0.1