2 0.38125 0.1921875 0.1265625 0.346875
3 0.10078125 0.7625 0.1953125 0.2796875
3 0.8640625 0.15234375 0.178125 0.3046875
0 0.459375 0.44375 0.234375 0.365625
3 0.75 0.32109375 0.146875 0.3625
3 0.60234375 0.75390625 0.1515625 0.4875
4 0.43515625 0.11171875 0.1609375 0.1625
4 0.390625 0.87890625 0.13125 0.2421875
3 0.14765625 0.209375 0.2078125 0.1703125
3 0.08125 0.5859375 0.1578125 0.165625
3 0.85234375 0.78671875 0.278125 0.4125
4 0.26796875 0.12890625 0.125 0.153125
3 0.07109375 0.46875 0.1421875 0.2046875
2 0.578125 0.103125 0.1109375 0.2
3 0.6078125 0.18671875 0.09375 0.34375
1 0.921875 0.64921875 0.15625 0.540625