0 0.459375 0.578125 0.2359375 0.415625
2 0.38046875 0.80859375 0.115625 0.353125
3 0.1 0.24140625 0.196875 0.2875
3 0.61640625 0.25234375 0.1609375 0.5
3 0.878125 0.85234375 0.18125 0.2953125
4 0.38828125 0.12265625 0.1296875 0.2453125
3 0.74765625 0.684375 0.1421875 0.3546875
4 0.42890625 0.88984375 0.175 0.1703125
3 0.853125 0.2125 0.2765625 0.4078125
3 0.5796875 0.82265625 0.134375 0.340625
3 0.14921875 0.790625 0.2125 0.1703125
3 0.08125 0.409375 0.1578125 0.1703125
2 0.5625 0.90390625 0.0859375 0.1875
4 0.2671875 0.86953125 0.128125 0.153125
3 0.07265625 0.52421875 0.1453125 0.165625
4 0.921875 0.3578125 0.15625 0.5546875