0 0.54140625 0.44296875 0.23515625 0.3765625
3 0.11640625 0.1625 0.18125 0.32421875
3 0.89921875 0.765625 0.1953125 0.2765625
3 0.3671875 0.7375 0.1625 0.5109375
4 0.6109375 0.87578125 0.13046875 0.2484375
3 0.8515625 0.21015625 0.21015625 0.1703125
3 0.253125 0.309375 0.13671875 0.35546875
4 0.571875 0.10625 0.17578125 0.16640625
3 0.43828125 0.184375 0.1640625 0.32890625
3 0.91875 0.5953125 0.15859375 0.1671875
3 0.14609375 0.790625 0.2765625 0.4046875
2 0.621875 0.228125 0.1109375 0.29296875
3 0.9203125 0.478125 0.159375 0.159375
2 0.4390625 0.0921875 0.0890625 0.1796875
4 0.73203125 0.13046875 0.1265625 0.15
4 0.0796875 0.59765625 0.15859375 0.6265625