3 0.115625 0.1609375 0.1828125 0.321875
0 0.540625 0.44375 0.234375 0.3640625
3 0.8984375 0.7671875 0.1953125 0.278125
3 0.359375 0.74375 0.1859375 0.50625
3 0.253125 0.30546875 0.1359375 0.359375
4 0.61171875 0.87578125 0.13125 0.2484375
3 0.14609375 0.790625 0.2765625 0.403125
3 0.853125 0.2109375 0.2078125 0.16875
3 0.9140625 0.59453125 0.1625 0.1671875
4 0.575 0.1046875 0.18125 0.159375
3 0.440625 0.190625 0.171875 0.31875
2 0.62109375 0.225 0.115625 0.2875
3 0.91875 0.49140625 0.1625 0.1515625
4 0.7328125 0.13046875 0.128125 0.15
4 0.078125 0.63046875 0.15625 0.59375