3 0.159375 0.11640625 0.31875 0.1765625
0 0.44765625 0.540625 0.3671875 0.2359375
3 0.76484375 0.8984375 0.28125 0.1953125
3 0.74140625 0.353125 0.509375 0.196875
4 0.87578125 0.61171875 0.246875 0.1296875
3 0.30625 0.25234375 0.3609375 0.1359375
3 0.79140625 0.14609375 0.4015625 0.275
3 0.2109375 0.8515625 0.1703125 0.2109375
3 0.19140625 0.44375 0.309375 0.178125
2 0.22421875 0.621875 0.2828125 0.121875
3 0.59453125 0.9140625 0.165625 0.1625
3 0.4890625 0.91875 0.15625 0.1625
4 0.1296875 0.73125 0.1546875 0.1265625
4 0.1078125 0.575 0.153125 0.18125
4 0.6515625 0.078125 0.553125 0.15625