3 0.11640625 0.840625 0.1765625 0.31875
0 0.540625 0.55234375 0.2359375 0.3671875
3 0.8984375 0.23515625 0.1953125 0.28125
3 0.353125 0.25859375 0.196875 0.509375
4 0.61171875 0.12421875 0.128125 0.246875
3 0.25234375 0.69375 0.1359375 0.3609375
3 0.14609375 0.20859375 0.275 0.4015625
3 0.8515625 0.7890625 0.209375 0.1703125
3 0.44375 0.80859375 0.178125 0.309375
2 0.621875 0.77578125 0.121875 0.2828125
3 0.9140625 0.40546875 0.1625 0.165625
3 0.91875 0.5109375 0.1625 0.15625
4 0.73125 0.8703125 0.1265625 0.1546875
4 0.575 0.8921875 0.18125 0.153125
4 0.078125 0.3484375 0.15625 0.553125