3 0.16015625 0.115625 0.3203125 0.178125
0 0.446875 0.540625 0.3640625 0.2359375
3 0.759375 0.89921875 0.278125 0.1984375
3 0.73984375 0.3390625 0.5125 0.1984375
3 0.3046875 0.25234375 0.365625 0.1359375
4 0.87578125 0.6109375 0.246875 0.1296875
3 0.1859375 0.43984375 0.303125 0.1828125
3 0.2109375 0.8515625 0.16875 0.2109375
3 0.7921875 0.14609375 0.4 0.275
2 0.22421875 0.621875 0.284375 0.1234375
3 0.5953125 0.9140625 0.1640625 0.1625
3 0.49140625 0.91328125 0.159375 0.1640625
4 0.10390625 0.575 0.1625 0.18125
4 0.1296875 0.7328125 0.15625 0.1296875
4 0.64765625 0.07890625 0.534375 0.15625