3 0.83984375 0.1140625 0.3203125 0.175
0 0.55078125 0.540625 0.365625 0.234375
3 0.2359375 0.89921875 0.275 0.196875
3 0.78984375 0.8515625 0.171875 0.209375
3 0.8 0.446875 0.290625 0.184375
4 0.1234375 0.61015625 0.246875 0.1296875
2 0.77421875 0.6234375 0.2796875 0.121875
3 0.25546875 0.34765625 0.50625 0.228125
3 0.696875 0.25390625 0.35625 0.13125
3 0.2078125 0.14609375 0.4 0.2765625
4 0.9 0.5734375 0.178125 0.1765625
3 0.40546875 0.9140625 0.1625 0.1625
3 0.51328125 0.91875 0.159375 0.1625
4 0.86796875 0.73203125 0.153125 0.128125
4 0.36484375 0.078125 0.5453125 0.15625