3 0.83984375 0.8859375 0.31875 0.175
0 0.55 0.459375 0.365625 0.234375
3 0.234375 0.10078125 0.275 0.196875
3 0.790625 0.1484375 0.171875 0.209375
3 0.79765625 0.54921875 0.290625 0.1890625
3 0.25390625 0.65234375 0.503125 0.234375
4 0.12265625 0.38828125 0.2453125 0.1296875
3 0.69375 0.74609375 0.3640625 0.13125
4 0.90078125 0.42578125 0.175 0.175
2 0.775 0.37734375 0.278125 0.121875
3 0.20703125 0.8515625 0.4 0.2796875
3 0.40234375 0.08671875 0.1625 0.1640625
3 0.515625 0.0796875 0.165625 0.159375
4 0.8703125 0.2671875 0.15625 0.1296875
4 0.34609375 0.921875 0.53125 0.15625