3 0.83984375 0.11328125 0.3203125 0.171875
0 0.54921875 0.540625 0.3640625 0.234375
3 0.2359375 0.89921875 0.271875 0.1984375
3 0.78984375 0.85078125 0.171875 0.2109375
3 0.79375 0.45625 0.29375 0.196875
4 0.1234375 0.6109375 0.246875 0.128125
2 0.775 0.621875 0.275 0.1234375
3 0.25546875 0.34765625 0.50625 0.2375
3 0.6953125 0.25546875 0.359375 0.128125
4 0.8984375 0.57421875 0.175 0.175
3 0.20703125 0.146875 0.4 0.278125
3 0.51171875 0.9203125 0.153125 0.159375
3 0.4015625 0.9125 0.159375 0.165625
2 0.915625 0.4328125 0.16875 0.096875
4 0.86953125 0.73359375 0.15625 0.13125
4 0.34375 0.078125 0.5375 0.15625