3 0.1140625 0.83671875 0.1578125 0.3265625
0 0.540625 0.55390625 0.2375 0.3625
3 0.9 0.23671875 0.196875 0.2859375
3 0.47421875 0.75234375 0.2125 0.30625
4 0.57421875 0.90625 0.16875 0.171875
3 0.259375 0.696875 0.1125 0.353125
3 0.84609375 0.78984375 0.215625 0.165625
4 0.61171875 0.1234375 0.1265625 0.246875
3 0.365625 0.296875 0.203125 0.51875
2 0.62265625 0.7703125 0.115625 0.275
3 0.9140625 0.40234375 0.1625 0.1625
3 0.92265625 0.49609375 0.153125 0.15
4 0.73203125 0.8703125 0.1296875 0.1515625
3 0.146875 0.21328125 0.2765625 0.409375
2 0.434375 0.909375 0.096875 0.1765625
4 0.0796875 0.4140625 0.159375 0.6328125