3 0.83671875 0.1140625 0.3265625 0.1578125
0 0.55390625 0.540625 0.3625 0.2375
3 0.23671875 0.9 0.2859375 0.196875
3 0.75234375 0.47421875 0.30625 0.2125
4 0.90625 0.57421875 0.171875 0.16875
3 0.696875 0.259375 0.353125 0.1125
3 0.78984375 0.84609375 0.165625 0.215625
4 0.1234375 0.61171875 0.246875 0.1265625
3 0.296875 0.365625 0.51875 0.203125
2 0.7703125 0.62265625 0.275 0.115625
3 0.40234375 0.9140625 0.1625 0.1625
3 0.49609375 0.92265625 0.15 0.153125
4 0.8703125 0.73203125 0.1515625 0.1296875
3 0.21328125 0.146875 0.409375 0.2765625
2 0.909375 0.434375 0.1765625 0.096875
4 0.4140625 0.0796875 0.6328125 0.159375