3 0.16328125 0.11484375 0.325 0.1625
3 0.7625 0.9 0.2875 0.196875
0 0.4453125 0.540625 0.359375 0.2375
4 0.09375 0.575 0.171875 0.1671875
4 0.8765625 0.61171875 0.246875 0.1265625
3 0.25 0.48125 0.309375 0.2046875
3 0.68984375 0.36484375 0.55625 0.209375
3 0.2984375 0.25859375 0.34375 0.1109375
3 0.2109375 0.84296875 0.1671875 0.2125
2 0.084375 0.43515625 0.16875 0.0984375
3 0.59765625 0.91484375 0.1625 0.1625
2 0.228125 0.625 0.275 0.1109375
3 0.503125 0.92265625 0.14375 0.1546875
4 0.1296875 0.7328125 0.15 0.1328125
3 0.78671875 0.146875 0.40625 0.275
4 0.5890625 0.0796875 0.63125 0.159375