3 0.1140625 0.1640625 0.15703125 0.328125
3 0.9 0.7609375 0.1953125 0.28828125
0 0.53984375 0.44609375 0.2375 0.36328125
3 0.25625 0.2953125 0.11484375 0.3453125
4 0.57421875 0.09375 0.16875 0.17578125
3 0.3625 0.67578125 0.2109375 0.559375
4 0.615625 0.875 0.13203125 0.25
3 0.48828125 0.2453125 0.20625 0.29765625
3 0.8375 0.2109375 0.2125 0.16640625
2 0.4359375 0.08515625 0.1 0.16953125
3 0.92265625 0.490625 0.1546875 0.1390625
3 0.91484375 0.59765625 0.1609375 0.1609375
3 0.146875 0.78671875 0.27578125 0.40703125
4 0.73203125 0.1265625 0.12890625 0.14453125
4 0.07890625 0.5921875 0.1578125 0.621875
2 0.628125 0.22578125 0.1046875 0.275