0 0.540625 0.44765625 0.23515625 0.3671875
3 0.115625 0.1703125 0.15546875 0.340625
3 0.9 0.76328125 0.1953125 0.31015625
3 0.340625 0.684375 0.22421875 0.5046875
4 0.6109375 0.87734375 0.13125 0.2453125
3 0.25234375 0.29453125 0.134375 0.340625
4 0.5734375 0.0953125 0.16953125 0.17421875
2 0.43671875 0.0875 0.09921875 0.1734375
3 0.49375 0.2640625 0.2078125 0.3109375
3 0.92265625 0.484375 0.1546875 0.134375
3 0.91875 0.5953125 0.15625 0.15
3 0.82265625 0.209375 0.203125 0.1703125
3 0.14609375 0.78828125 0.27578125 0.4046875
4 0.73203125 0.12734375 0.1296875 0.14921875
2 0.62890625 0.2265625 0.1015625 0.26796875
4 0.078125 0.646875 0.15625 0.546875