3 0.17109375 0.11484375 0.340625 0.1578125
0 0.44921875 0.53984375 0.36875 0.234375
3 0.7609375 0.89453125 0.29375 0.20625
3 0.67265625 0.325 0.53125 0.25625
4 0.8796875 0.609375 0.240625 0.134375
4 0.10859375 0.57265625 0.171875 0.16875
2 0.084375 0.4359375 0.16875 0.1
3 0.29765625 0.25 0.34375 0.1375
3 0.190625 0.815625 0.171875 0.2
3 0.48515625 0.921875 0.134375 0.15625
3 0.26171875 0.5046875 0.2953125 0.2171875
3 0.596875 0.91484375 0.1515625 0.159375
4 0.12265625 0.72421875 0.1359375 0.1140625
3 0.790625 0.14609375 0.403125 0.275
4 0.1390625 0.86484375 0.190625 0.1734375
4 0.20703125 0.975 0.23125 0.05