3 0.10546875 0.76015625 0.2078125 0.296875
0 0.46015625 0.4453125 0.2375 0.36875
3 0.884375 0.165625 0.159375 0.33125
2 0.56328125 0.08828125 0.1 0.175
3 0.675 0.63828125 0.2625 0.5015625
4 0.390625 0.8796875 0.134375 0.240625
3 0.75 0.2953125 0.1421875 0.3375
3 0.49453125 0.2625 0.2203125 0.2875
4 0.4265625 0.10625 0.16875 0.175
3 0.18515625 0.190625 0.203125 0.175
4 0.2765625 0.11953125 0.1140625 0.13125
3 0.07734375 0.48828125 0.1546875 0.134375
3 0.0859375 0.59296875 0.1625 0.1515625
3 0.853125 0.78984375 0.278125 0.4046875
4 0.1328125 0.146875 0.1734375 0.196875