0 0.53984375 0.44453125 0.2359375 0.3640625
3 0.325 0.621875 0.2640625 0.48125
3 0.89375 0.75859375 0.2078125 0.2984375
3 0.115625 0.16484375 0.15625 0.3296875
2 0.43671875 0.08671875 0.1 0.171875
4 0.60859375 0.8796875 0.134375 0.240625
4 0.5734375 0.10625 0.1703125 0.175
3 0.25 0.29296875 0.140625 0.33125
3 0.50703125 0.26171875 0.2203125 0.2875
3 0.92265625 0.48828125 0.1546875 0.1375
3 0.81484375 0.190625 0.203125 0.1765625
4 0.72421875 0.11875 0.1140625 0.13125
3 0.915625 0.59453125 0.159375 0.15625
3 0.146875 0.78984375 0.278125 0.403125
4 0.975 0.20546875 0.05 0.234375
4 0.86328125 0.14296875 0.1734375 0.19375