3 0.89375 0.76171875 0.2078125 0.303125
3 0.32578125 0.615625 0.259375 0.471875
0 0.53984375 0.44375 0.2359375 0.371875
3 0.115625 0.17265625 0.15625 0.34375
2 0.43671875 0.0875 0.1 0.1734375
4 0.6078125 0.87890625 0.134375 0.2421875
3 0.5078125 0.26484375 0.2234375 0.284375
4 0.5734375 0.10703125 0.171875 0.1734375
3 0.2515625 0.2875 0.1390625 0.321875
3 0.921875 0.4859375 0.15625 0.140625
3 0.81484375 0.190625 0.203125 0.175
4 0.7234375 0.121875 0.115625 0.140625
3 0.91640625 0.596875 0.159375 0.153125
3 0.146875 0.78984375 0.275 0.403125
4 0.8640625 0.1421875 0.1734375 0.1921875
4 0.975 0.20546875 0.05 0.2375