3 0.3875 0.6734375 0.484375 0.259375
3 0.2375 0.1046875 0.3 0.20625
0 0.55625 0.46015625 0.378125 0.2359375
3 0.82890625 0.8828125 0.340625 0.1625
2 0.9125 0.5625 0.1734375 0.1
3 0.7375 0.48984375 0.28125 0.225
4 0.11875 0.39296875 0.2375 0.140625
4 0.89375 0.42734375 0.175 0.171875
3 0.515625 0.07890625 0.1375 0.1578125
3 0.81015625 0.184375 0.1703125 0.2
3 0.7203125 0.746875 0.315625 0.1375
4 0.87734375 0.2734375 0.134375 0.115625
3 0.4078125 0.0796875 0.15 0.15625
3 0.2109375 0.8515625 0.4015625 0.2765625
4 0.85234375 0.1328125 0.1984375 0.1765625