3 0.17109375 0.11640625 0.3421875 0.15625
3 0.7625 0.8953125 0.3015625 0.20625
3 0.615625 0.3265625 0.484375 0.2578125
2 0.0875 0.43671875 0.171875 0.1
0 0.44296875 0.53984375 0.38125 0.2359375
3 0.259375 0.5109375 0.275 0.225
4 0.10546875 0.57265625 0.175 0.171875
4 0.88203125 0.6046875 0.2359375 0.1421875
3 0.48515625 0.92109375 0.1375 0.1578125
3 0.271875 0.2546875 0.30625 0.134375
3 0.5953125 0.91640625 0.15 0.159375
4 0.121875 0.7265625 0.1390625 0.11875
3 0.196875 0.81484375 0.171875 0.203125
3 0.7890625 0.14765625 0.403125 0.275
4 0.1484375 0.86640625 0.1984375 0.1765625