3 0.11640625 0.16640625 0.15859375 0.3328125
3 0.89453125 0.76171875 0.20703125 0.30078125
0 0.5390625 0.44453125 0.2359375 0.38203125
3 0.3265625 0.61875 0.2578125 0.47734375
2 0.43671875 0.084375 0.09921875 0.165625
3 0.5140625 0.2609375 0.22421875 0.2796875
4 0.57265625 0.10703125 0.1734375 0.17734375
3 0.25390625 0.2734375 0.1375 0.31484375
3 0.92109375 0.4859375 0.1578125 0.1375
4 0.6 0.88515625 0.1578125 0.2296875
3 0.91640625 0.5953125 0.1578125 0.14921875
4 0.72890625 0.1234375 0.1203125 0.13671875
4 0.86796875 0.1390625 0.16796875 0.18671875
3 0.8109375 0.19375 0.19921875 0.17109375
3 0.146875 0.78828125 0.275 0.4015625
3 0.62734375 0.21171875 0.09296875 0.2390625
1 0.078125 0.58125 0.15625 0.659375