3 0.83359375 0.88359375 0.3328125 0.159375
3 0.23828125 0.10546875 0.3 0.20625
0 0.55546875 0.4609375 0.38125 0.2359375
3 0.38125 0.6734375 0.478125 0.2578125
2 0.915625 0.56328125 0.165625 0.1
3 0.7390625 0.4859375 0.2796875 0.225
4 0.89296875 0.42734375 0.178125 0.1734375
3 0.7265625 0.74609375 0.315625 0.1375
3 0.5140625 0.07890625 0.1375 0.1578125
4 0.11484375 0.4 0.2296875 0.1578125
3 0.4046875 0.08359375 0.15 0.1578125
4 0.8765625 0.27109375 0.1375 0.1203125
4 0.8609375 0.13203125 0.1875 0.16875
3 0.80625 0.1890625 0.171875 0.2
3 0.21171875 0.853125 0.4015625 0.275
3 0.78828125 0.37265625 0.2390625 0.09375
1 0.41875 0.921875 0.659375 0.15625