3 0.115625 0.1609375 0.1609375 0.321875
2 0.43671875 0.084375 0.09921875 0.16640625
3 0.89453125 0.7625 0.20703125 0.30078125
3 0.3265625 0.615625 0.25859375 0.47890625
0 0.5390625 0.4453125 0.2359375 0.3828125
3 0.51328125 0.2625 0.22421875 0.27890625
4 0.603125 0.88828125 0.15625 0.2234375
4 0.57265625 0.10625 0.17265625 0.17578125
3 0.92109375 0.48671875 0.1578125 0.134375
3 0.2546875 0.2703125 0.13515625 0.31328125
4 0.86796875 0.14765625 0.1625 0.19296875
3 0.91640625 0.5953125 0.1578125 0.1484375
4 0.728125 0.12109375 0.11796875 0.13203125
3 0.809375 0.19140625 0.19921875 0.16875
3 0.14765625 0.7890625 0.27578125 0.4
3 0.628125 0.21171875 0.09453125 0.24140625