3 0.15546875 0.11484375 0.309375 0.1625
2 0.0859375 0.43671875 0.16875 0.1
3 0.615625 0.3265625 0.48125 0.259375
3 0.7609375 0.89453125 0.303125 0.20625
0 0.44453125 0.5390625 0.384375 0.2359375
3 0.2625 0.51328125 0.278125 0.225
4 0.8890625 0.60234375 0.221875 0.1578125
3 0.48671875 0.92109375 0.134375 0.1578125
4 0.10625 0.57265625 0.178125 0.175
3 0.27421875 0.2546875 0.3125 0.134375
4 0.14375 0.865625 0.19375 0.1703125
3 0.5921875 0.915625 0.15 0.159375
3 0.190625 0.81015625 0.171875 0.2015625
4 0.121875 0.72734375 0.13125 0.11875
3 0.78828125 0.14765625 0.4 0.275
3 0.21171875 0.62734375 0.2375 0.09375
1 0.66953125 0.078125 0.5546875 0.15625