3 0.83828125 0.8859375 0.321875 0.1640625
3 0.2390625 0.10546875 0.296875 0.20625
3 0.38359375 0.6734375 0.484375 0.259375
2 0.915625 0.56328125 0.165625 0.1
0 0.5546875 0.4609375 0.3859375 0.2359375
3 0.73671875 0.48671875 0.278125 0.225
4 0.89296875 0.42734375 0.175 0.1734375
3 0.5140625 0.07890625 0.1375 0.1578125
4 0.11015625 0.39765625 0.2203125 0.15625
3 0.7265625 0.746875 0.3140625 0.1375
4 0.85546875 0.1359375 0.19375 0.171875
3 0.80859375 0.19140625 0.171875 0.2
3 0.4046875 0.08359375 0.15 0.159375
3 0.21171875 0.85234375 0.4 0.2765625
4 0.88046875 0.27421875 0.13125 0.115625
3 0.7875 0.371875 0.2375 0.09375