3 0.11328125 0.16015625 0.1609375 0.3203125
3 0.89453125 0.7625 0.20703125 0.2984375
3 0.32734375 0.61640625 0.25859375 0.484375
0 0.5390625 0.44453125 0.23671875 0.3796875
2 0.43671875 0.08515625 0.1 0.16796875
3 0.51328125 0.26328125 0.2265625 0.28046875
4 0.57265625 0.10703125 0.17421875 0.17578125
4 0.60234375 0.8890625 0.1578125 0.221875
3 0.92109375 0.48671875 0.1578125 0.1359375
4 0.8640625 0.14453125 0.17265625 0.19453125
3 0.2546875 0.26796875 0.134375 0.3109375
3 0.8078125 0.18984375 0.20234375 0.1734375
3 0.91484375 0.59140625 0.1609375 0.14921875
3 0.14765625 0.78828125 0.275 0.3984375
4 0.72578125 0.11953125 0.1125 0.1296875
3 0.621875 0.20859375 0.09375 0.23203125