3 0.16015625 0.11328125 0.3203125 0.1671875
3 0.7609375 0.89453125 0.3 0.20625
3 0.61484375 0.32734375 0.484375 0.259375
2 0.08515625 0.43671875 0.16875 0.1
0 0.44453125 0.5390625 0.38125 0.2375
3 0.2625 0.51328125 0.278125 0.225
4 0.8890625 0.6015625 0.221875 0.159375
3 0.4859375 0.9203125 0.1359375 0.159375
4 0.1453125 0.8640625 0.196875 0.171875
3 0.275 0.25390625 0.31875 0.1375
4 0.10546875 0.5734375 0.1765625 0.175
3 0.18984375 0.80546875 0.175 0.203125
3 0.59140625 0.915625 0.15 0.159375
3 0.78828125 0.146875 0.4 0.275
3 0.2125 0.62890625 0.2390625 0.09375
4 0.11875 0.725 0.1328125 0.1140625
4 0.66015625 0.07890625 0.54375 0.15625