3 0.1625 0.88671875 0.325 0.165625
3 0.759375 0.10546875 0.3 0.20625
3 0.615625 0.67265625 0.4875 0.259375
0 0.44609375 0.4609375 0.3828125 0.2359375
2 0.08671875 0.56328125 0.1703125 0.1
4 0.8890625 0.3984375 0.221875 0.159375
3 0.26171875 0.4875 0.278125 0.2234375
4 0.10546875 0.4265625 0.1734375 0.175
4 0.1453125 0.13671875 0.1953125 0.175
3 0.48671875 0.0796875 0.134375 0.159375
3 0.2765625 0.74609375 0.31875 0.1390625
3 0.59140625 0.08359375 0.15 0.159375
3 0.1890625 0.196875 0.175 0.2015625
3 0.78828125 0.853125 0.4 0.275
3 0.215625 0.3703125 0.24375 0.09375
4 0.1171875 0.27578125 0.13125 0.1140625
4 0.5734375 0.92109375 0.6765625 0.1578125