3 0.11328125 0.1625 0.1671875 0.325
3 0.89375 0.759375 0.20625 0.3
3 0.32734375 0.61640625 0.2578125 0.484375
2 0.43671875 0.08515625 0.1 0.1671875
0 0.5390625 0.44609375 0.2359375 0.38125
4 0.60234375 0.88984375 0.159375 0.21875
3 0.51171875 0.26171875 0.2234375 0.278125
3 0.25390625 0.2734375 0.1375 0.3140625
4 0.57265625 0.10546875 0.175 0.1765625
3 0.92109375 0.48671875 0.1578125 0.134375
4 0.86484375 0.14453125 0.171875 0.1953125
3 0.91640625 0.59296875 0.159375 0.146875
3 0.79921875 0.18828125 0.2046875 0.175
3 0.146875 0.7875 0.275 0.4
3 0.6296875 0.2171875 0.09375 0.246875
4 0.7234375 0.1203125 0.1109375 0.1390625
4 0.07890625 0.66015625 0.1578125 0.553125