3 0.1140625 0.16171875 0.16875 0.3234375
3 0.89453125 0.7609375 0.20625 0.3
3 0.32734375 0.615625 0.25859375 0.4828125
2 0.43671875 0.08515625 0.1 0.16796875
0 0.5390625 0.44375 0.23671875 0.38203125
3 0.25390625 0.275 0.13828125 0.3140625
4 0.6015625 0.88984375 0.159375 0.2203125
4 0.86328125 0.14609375 0.17421875 0.196875
4 0.57265625 0.10625 0.1734375 0.17421875
3 0.51171875 0.25703125 0.2171875 0.2765625
3 0.9203125 0.48671875 0.15859375 0.1328125
3 0.915625 0.590625 0.16015625 0.1484375
3 0.8 0.18828125 0.19921875 0.17421875
3 0.146875 0.7875 0.275 0.39921875
3 0.6296875 0.21640625 0.09375 0.24453125
4 0.7234375 0.1171875 0.1125 0.12890625
4 0.0796875 0.57734375 0.159375 0.66953125