3 0.1140625 0.16171875 0.16953125 0.3234375
3 0.328125 0.6171875 0.25703125 0.48046875
3 0.89453125 0.759375 0.20625 0.3015625
2 0.43671875 0.0859375 0.09921875 0.16875
0 0.5390625 0.44609375 0.23671875 0.38359375
4 0.6015625 0.8890625 0.159375 0.221875
4 0.5734375 0.10625 0.175 0.17578125
3 0.2546875 0.27578125 0.1375 0.31640625
3 0.79921875 0.1890625 0.2 0.175
4 0.8640625 0.14453125 0.17421875 0.196875
3 0.5203125 0.2578125 0.21953125 0.27734375
3 0.9203125 0.48671875 0.15859375 0.134375
3 0.91640625 0.59375 0.15859375 0.14765625
4 0.72265625 0.11875 0.1125 0.128125
3 0.14765625 0.78828125 0.27578125 0.4
4 0.078125 0.6578125 0.15625 0.534375
3 0.6296875 0.21640625 0.0953125 0.24609375