3 0.11328125 0.1625 0.16875 0.32421875
3 0.328125 0.61796875 0.25625 0.4828125
3 0.89609375 0.76015625 0.20390625 0.3046875
0 0.53984375 0.44609375 0.2375 0.38046875
2 0.43671875 0.08515625 0.1 0.16796875
4 0.6015625 0.88984375 0.1578125 0.2203125
3 0.25390625 0.27578125 0.13828125 0.31484375
3 0.51171875 0.26015625 0.21796875 0.28046875
4 0.8640625 0.1453125 0.1734375 0.196875
3 0.9203125 0.4859375 0.159375 0.13359375
3 0.915625 0.59140625 0.159375 0.14921875
4 0.57265625 0.109375 0.17578125 0.175
3 0.79921875 0.1890625 0.19921875 0.17734375
3 0.14609375 0.78828125 0.27421875 0.3984375
4 0.72421875 0.11796875 0.1140625 0.1328125
4 0.0796875 0.5734375 0.15859375 0.671875
3 0.6296875 0.2171875 0.09453125 0.24765625