3 0.11328125 0.1609375 0.1703125 0.321875
3 0.328125 0.615625 0.25625 0.48125
3 0.8953125 0.75859375 0.20625 0.303125
0 0.5390625 0.446875 0.2375 0.3796875
2 0.43671875 0.084375 0.1 0.165625
3 0.51171875 0.265625 0.21875 0.2859375
4 0.60078125 0.8890625 0.1578125 0.221875
3 0.25390625 0.27578125 0.1375 0.3171875
4 0.86328125 0.1453125 0.1734375 0.196875
3 0.8015625 0.18828125 0.19375 0.175
3 0.9203125 0.48671875 0.159375 0.13125
3 0.91640625 0.59375 0.1578125 0.1484375
4 0.57109375 0.10703125 0.175 0.16875
3 0.628125 0.21640625 0.0921875 0.253125
4 0.7234375 0.1171875 0.1125 0.13125
3 0.146875 0.78828125 0.275 0.4
4 0.078125 0.575 0.15625 0.66875