0 0.5390625 0.44609375 0.23671875 0.38125
3 0.8953125 0.76015625 0.20546875 0.29921875
3 0.328125 0.615625 0.25546875 0.48359375
3 0.1140625 0.1609375 0.1734375 0.321875
2 0.43671875 0.084375 0.10078125 0.16484375
3 0.51171875 0.26953125 0.21953125 0.2921875
4 0.60234375 0.88984375 0.159375 0.2203125
3 0.25390625 0.2765625 0.13828125 0.3171875
3 0.8015625 0.18984375 0.19375 0.17109375
3 0.92109375 0.48515625 0.15703125 0.1328125
4 0.86328125 0.1453125 0.17421875 0.1953125
3 0.91640625 0.59375 0.15859375 0.14765625
4 0.571875 0.1046875 0.175 0.16875
4 0.72421875 0.11796875 0.115625 0.13671875
3 0.62734375 0.21796875 0.09140625 0.25390625
3 0.146875 0.7875 0.27578125 0.4
4 0.078125 0.66015625 0.15625 0.5609375