0 0.55390625 0.4609375 0.38125 0.2375
3 0.2375 0.10546875 0.303125 0.20625
3 0.38203125 0.671875 0.484375 0.25625
3 0.8375 0.8875 0.325 0.1734375
2 0.91640625 0.56328125 0.1640625 0.1
3 0.72890625 0.48828125 0.296875 0.2171875
4 0.11015625 0.3984375 0.2203125 0.159375
3 0.5140625 0.0796875 0.1328125 0.159375
3 0.72421875 0.7453125 0.31875 0.1390625
3 0.80703125 0.19921875 0.16875 0.1953125
4 0.85546875 0.13671875 0.1953125 0.175
4 0.87890625 0.27421875 0.13125 0.115625
3 0.40625 0.08359375 0.15 0.1578125
4 0.8953125 0.4296875 0.1703125 0.175
3 0.2125 0.853125 0.4 0.2765625
3 0.7828125 0.37109375 0.259375 0.090625
4 0.340625 0.921875 0.578125 0.15625