0 0.5390625 0.44609375 0.23671875 0.38125
3 0.89453125 0.7625 0.20625 0.303125
3 0.328125 0.61796875 0.25625 0.48515625
3 0.1125 0.1625 0.1734375 0.32421875
2 0.43671875 0.08359375 0.09921875 0.1640625
3 0.51171875 0.27109375 0.2171875 0.296875
4 0.6015625 0.88984375 0.15859375 0.2203125
3 0.9203125 0.4859375 0.15859375 0.1328125
3 0.2546875 0.27578125 0.13828125 0.31875
3 0.80078125 0.19296875 0.1953125 0.16796875
4 0.86328125 0.14453125 0.175 0.1953125
4 0.72578125 0.12109375 0.115625 0.13125
3 0.91640625 0.59375 0.1578125 0.15
4 0.5703125 0.1046875 0.175 0.1703125
3 0.146875 0.7875 0.27578125 0.39921875
3 0.62890625 0.2171875 0.08984375 0.26015625
4 0.078125 0.659375 0.15625 0.578125