0 0.55546875 0.5390625 0.3828125 0.2375
3 0.3828125 0.328125 0.48125 0.25625
3 0.2421875 0.8953125 0.303125 0.2046875
3 0.83984375 0.11484375 0.3203125 0.1796875
2 0.91640625 0.43671875 0.165625 0.1
3 0.7296875 0.51171875 0.296875 0.215625
4 0.1109375 0.6015625 0.221875 0.159375
3 0.8078125 0.80234375 0.16875 0.1953125
3 0.5140625 0.9203125 0.13125 0.159375
4 0.85546875 0.86328125 0.1953125 0.175
3 0.4046875 0.91640625 0.153125 0.15625
3 0.72578125 0.25546875 0.315625 0.134375
4 0.88046875 0.72578125 0.13125 0.115625
3 0.2125 0.14765625 0.396875 0.275
4 0.89296875 0.5703125 0.16875 0.178125
3 0.7828125 0.628125 0.259375 0.090625
4 0.35546875 0.078125 0.584375 0.15625