0 0.46015625 0.44609375 0.2375 0.384375
3 0.8890625 0.16328125 0.1828125 0.3265625
3 0.1046875 0.75859375 0.20625 0.303125
3 0.6703125 0.62109375 0.25625 0.478125
2 0.56328125 0.0828125 0.1 0.1625
3 0.48828125 0.2703125 0.215625 0.296875
4 0.3984375 0.8890625 0.159375 0.221875
4 0.1359375 0.1453125 0.175 0.196875
3 0.1984375 0.19296875 0.19375 0.165625
3 0.74375 0.2703125 0.13125 0.315625
3 0.08046875 0.48515625 0.159375 0.134375
3 0.08359375 0.5953125 0.159375 0.153125
4 0.2734375 0.1203125 0.115625 0.134375
3 0.37734375 0.2171875 0.090625 0.2640625
3 0.85234375 0.78828125 0.2765625 0.4
4 0.428125 0.1078125 0.18125 0.171875
4 0.9203125 0.56640625 0.159375 0.70625