2 0.915625 0.56328125 0.165625 0.1
3 0.23828125 0.1046875 0.2984375 0.2046875
3 0.38125 0.6625 0.48125 0.2453125
0 0.5578125 0.46015625 0.36875 0.2375
3 0.83671875 0.8953125 0.3265625 0.2046875
3 0.728125 0.4875 0.3 0.215625
4 0.89296875 0.42890625 0.1796875 0.178125
4 0.1109375 0.39921875 0.221875 0.1578125
3 0.7796875 0.37578125 0.2546875 0.09375
3 0.72578125 0.74453125 0.325 0.13125
3 0.80625 0.19765625 0.165625 0.190625
3 0.51328125 0.08046875 0.134375 0.159375
4 0.85390625 0.1359375 0.1953125 0.1734375
3 0.40546875 0.08359375 0.15 0.159375
4 0.88046875 0.2734375 0.1328125 0.11875
3 0.2109375 0.85234375 0.4 0.275
4 0.43671875 0.92109375 0.6796875 0.1578125