2 0.43828125 0.0859375 0.103125 0.16875
0 0.540625 0.43828125 0.2375 0.365625
3 0.89609375 0.7609375 0.203125 0.290625
3 0.35234375 0.64765625 0.2140625 0.421875
3 0.51484375 0.2734375 0.215625 0.2984375
4 0.6015625 0.88984375 0.159375 0.2203125
4 0.57109375 0.10859375 0.175 0.18125
3 0.25625 0.2828125 0.134375 0.334375
3 0.1 0.1421875 0.2 0.284375
3 0.6265625 0.21796875 0.0875 0.246875
4 0.8640625 0.14609375 0.171875 0.196875
3 0.803125 0.19375 0.196875 0.165625
4 0.72578125 0.12109375 0.115625 0.13125
3 0.915625 0.5953125 0.159375 0.153125
3 0.9140625 0.4890625 0.1609375 0.1328125
3 0.146875 0.7890625 0.275 0.403125
4 0.07890625 0.64296875 0.15625 0.55