0 0.46953125 0.57265625 0.2375 0.3625
3 0.4828125 0.73828125 0.225 0.290625
3 0.7421875 0.71953125 0.1359375 0.346875
3 0.0984375 0.2375 0.196875 0.290625
3 0.08984375 0.4203125 0.1796875 0.15625
3 0.090625 0.5140625 0.18125 0.10625
3 0.19453125 0.80234375 0.203125 0.18125
4 0.40703125 0.115625 0.1546875 0.23125
4 0.0265625 0.79296875 0.053125 0.2203125
4 0.13203125 0.8515625 0.175 0.1875
4 0.278125 0.87265625 0.13125 0.1625
4 0.43515625 0.88359375 0.184375 0.1921875
2 0.56015625 0.92109375 0.1109375 0.1578125
1 0.91875 0.36484375 0.1625 0.4859375
3 0.8921875 0.86484375 0.215625 0.265625
3 0.65546875 0.359375 0.21875 0.440625
4 0.85859375 0.2046875 0.275 0.409375