0 0.459375 0.56015625 0.2375 0.359375
2 0.56171875 0.9125 0.103125 0.171875
3 0.103125 0.240625 0.2015625 0.296875
3 0.646875 0.35625 0.215625 0.4296875
3 0.9 0.86171875 0.2 0.2765625
3 0.74375 0.7171875 0.134375 0.3375
4 0.39765625 0.1109375 0.1578125 0.221875
3 0.48359375 0.73203125 0.2140625 0.29375
4 0.428125 0.890625 0.1765625 0.1828125
3 0.196875 0.80703125 0.1984375 0.165625
4 0.1375 0.85390625 0.175 0.196875
3 0.3734375 0.7828125 0.0875 0.24375
3 0.08359375 0.40546875 0.159375 0.15
4 0.27578125 0.87890625 0.1125 0.1328125
3 0.853125 0.2109375 0.2765625 0.403125
3 0.0859375 0.51015625 0.159375 0.134375