2 0.9125 0.5609375 0.171875 0.10625
3 0.3859375 0.65 0.49375 0.225
3 0.2390625 0.1015625 0.296875 0.1984375
0 0.56484375 0.46015625 0.3578125 0.2375
3 0.86796875 0.90859375 0.2640625 0.1828125
3 0.73203125 0.484375 0.296875 0.209375
4 0.890625 0.42890625 0.184375 0.175
4 0.85390625 0.1375 0.1984375 0.1765625
4 0.1109375 0.396875 0.221875 0.1578125
3 0.2109375 0.853125 0.4015625 0.2765625
3 0.7234375 0.7453125 0.33125 0.1296875
4 0.8796875 0.27421875 0.1375 0.115625
3 0.78515625 0.37265625 0.2390625 0.0875
3 0.8 0.19453125 0.1625 0.19375
3 0.40390625 0.08359375 0.153125 0.1578125
3 0.50625 0.08046875 0.13125 0.1609375
4 0.33515625 0.921875 0.6078125 0.15625