2 0.440625 0.91171875 0.1078125 0.175
3 0.8984375 0.2390625 0.2 0.2953125
3 0.35 0.38125 0.225 0.478125
0 0.53984375 0.565625 0.2375 0.35625
3 0.515625 0.72421875 0.2125 0.303125
4 0.57109375 0.88984375 0.1765625 0.18125
3 0.08203125 0.86875 0.1640625 0.2625
3 0.25625 0.71171875 0.1296875 0.340625
4 0.603125 0.1125 0.1578125 0.225
4 0.8625 0.85390625 0.175 0.1984375
3 0.14609375 0.21171875 0.275 0.4015625
4 0.7265625 0.8796875 0.11875 0.1375
3 0.80390625 0.80546875 0.196875 0.1640625
3 0.91875 0.50546875 0.1625 0.134375
3 0.9171875 0.40703125 0.15625 0.1546875
3 0.62890625 0.78671875 0.090625 0.25
4 0.07890625 0.3265625 0.1578125 0.603125