3 0.23828125 0.103125 0.29375 0.2
2 0.91015625 0.55859375 0.178125 0.109375
3 0.3734375 0.6484375 0.4625 0.221875
0 0.565625 0.46015625 0.3546875 0.2375
3 0.72890625 0.484375 0.3 0.209375
4 0.8921875 0.428125 0.178125 0.175
3 0.71015625 0.74375 0.3484375 0.1296875
4 0.11640625 0.39453125 0.228125 0.15625
4 0.85546875 0.1375 0.196875 0.175
3 0.2125 0.85390625 0.4 0.2765625
3 0.80625 0.1953125 0.165625 0.1984375
3 0.8703125 0.9203125 0.259375 0.159375
3 0.40703125 0.08359375 0.153125 0.159375
4 0.87734375 0.27421875 0.134375 0.1171875
3 0.50625 0.08203125 0.13125 0.1640625
4 0.3265625 0.921875 0.58125 0.15625