3 0.896875 0.23984375 0.203125 0.296875
0 0.53984375 0.56640625 0.2375 0.3515625
2 0.44453125 0.90390625 0.115625 0.190625
3 0.515625 0.7296875 0.2109375 0.3015625
3 0.3578125 0.34453125 0.20625 0.428125
3 0.2578125 0.7140625 0.134375 0.34375
4 0.60390625 0.11640625 0.1515625 0.2328125
4 0.57421875 0.890625 0.175 0.18125
4 0.8625 0.8546875 0.175 0.196875
3 0.80078125 0.80703125 0.203125 0.16875
3 0.1453125 0.21328125 0.275 0.3984375
3 0.0734375 0.85859375 0.146875 0.2546875
3 0.9203125 0.5046875 0.159375 0.128125
2 0.6359375 0.78203125 0.1015625 0.253125
4 0.72578125 0.87890625 0.115625 0.1328125
3 0.9171875 0.4078125 0.15625 0.153125