2 0.55625 0.0953125 0.115625 0.184375
3 0.103125 0.7609375 0.203125 0.296875
0 0.46015625 0.43203125 0.2375 0.35625
3 0.64296875 0.65546875 0.203125 0.43125
3 0.484375 0.2703125 0.209375 0.3
4 0.390625 0.8828125 0.1484375 0.234375
3 0.7421875 0.284375 0.134375 0.340625
4 0.13828125 0.1453125 0.1765625 0.196875
4 0.4265625 0.109375 0.178125 0.1828125
3 0.928125 0.14140625 0.14375 0.2546875
3 0.19921875 0.19375 0.203125 0.165625
3 0.8546875 0.7859375 0.275 0.396875
4 0.275 0.1203125 0.115625 0.134375
3 0.08046875 0.49453125 0.1609375 0.1296875
2 0.36640625 0.22109375 0.0984375 0.25625
3 0.0828125 0.5921875 0.15625 0.15625