3 0.7609375 0.103125 0.29375 0.2015625
2 0.09765625 0.55625 0.190625 0.115625
0 0.43359375 0.46015625 0.353125 0.2375
3 0.65546875 0.6421875 0.428125 0.2015625
3 0.26953125 0.484375 0.3 0.2125
3 0.2875 0.74140625 0.346875 0.1328125
4 0.8828125 0.390625 0.234375 0.146875
4 0.1453125 0.1375 0.196875 0.175
4 0.10859375 0.425 0.18125 0.178125
3 0.19296875 0.2 0.16875 0.203125
3 0.7859375 0.8546875 0.3984375 0.2734375
3 0.14375 0.928125 0.253125 0.14375
2 0.22109375 0.3671875 0.253125 0.1
3 0.4953125 0.08046875 0.13125 0.1609375
3 0.59140625 0.0796875 0.15625 0.15625
4 0.12109375 0.275 0.134375 0.115625
3 0.94921875 0.13046875 0.09375 0.125