3 0.89765625 0.759375 0.2 0.2953125
0 0.53984375 0.43125 0.23671875 0.3546875
2 0.44453125 0.10078125 0.11796875 0.196875
3 0.3609375 0.65234375 0.19296875 0.43359375
3 0.51640625 0.26796875 0.21171875 0.29765625
4 0.609375 0.88125 0.13359375 0.23671875
3 0.25859375 0.290625 0.13203125 0.3453125
4 0.8625 0.1453125 0.1765625 0.19765625
3 0.14453125 0.78671875 0.27421875 0.4046875
3 0.07109375 0.153125 0.1421875 0.23671875
3 0.8 0.19296875 0.20078125 0.16953125
4 0.57421875 0.11015625 0.17421875 0.1828125
3 0.91875 0.4953125 0.1625 0.12890625
3 0.9203125 0.59140625 0.15546875 0.15234375
2 0.6328125 0.221875 0.1015625 0.2484375
4 0.7265625 0.12265625 0.11640625 0.140625