2 0.55546875 0.8984375 0.11875 0.1984375
3 0.103125 0.2390625 0.203125 0.290625
0 0.459375 0.56796875 0.2375 0.3515625
3 0.6390625 0.34765625 0.19375 0.4375
3 0.48359375 0.73203125 0.2125 0.2984375
3 0.74140625 0.7125 0.134375 0.34375
4 0.3859375 0.1203125 0.1375 0.240625
4 0.1375 0.85390625 0.175 0.1984375
4 0.425 0.88984375 0.1734375 0.18125
3 0.928125 0.8453125 0.14375 0.24375
3 0.8546875 0.21171875 0.275 0.4046875
3 0.19921875 0.80859375 0.2 0.171875
3 0.08125 0.50390625 0.1625 0.1296875
3 0.08359375 0.40703125 0.1578125 0.153125
2 0.36640625 0.7796875 0.0984375 0.2453125
4 0.27421875 0.87734375 0.115625 0.1359375