3 0.89765625 0.2359375 0.2015625 0.2921875
0 0.53984375 0.56875 0.2375 0.353125
2 0.44453125 0.896875 0.1171875 0.2015625
3 0.3625 0.3609375 0.19375 0.453125
3 0.51640625 0.73125 0.2125 0.303125
4 0.609375 0.12109375 0.13125 0.2421875
3 0.25859375 0.7125 0.1328125 0.346875
4 0.86171875 0.85390625 0.178125 0.1984375
4 0.5765625 0.890625 0.1734375 0.184375
3 0.134375 0.2 0.26875 0.396875
3 0.06953125 0.84296875 0.1390625 0.246875
3 0.91875 0.50390625 0.1625 0.128125
3 0.79765625 0.8078125 0.2015625 0.16875
3 0.9203125 0.40546875 0.15625 0.1515625
4 0.72421875 0.87734375 0.1140625 0.1375