3 0.23828125 0.10390625 0.2875 0.203125
0 0.56875 0.459375 0.35 0.2375
3 0.3703125 0.6375 0.459375 0.19375
3 0.73046875 0.48359375 0.3 0.2109375
4 0.1203125 0.390625 0.240625 0.13125
2 0.9 0.55625 0.196875 0.11875
3 0.71171875 0.7421875 0.35 0.1328125
4 0.853125 0.13828125 0.2 0.178125
4 0.89140625 0.42265625 0.1859375 0.171875
3 0.19921875 0.865625 0.3984375 0.26875
3 0.50390625 0.08125 0.13125 0.1625
3 0.8109375 0.19921875 0.1734375 0.196875
3 0.84765625 0.93046875 0.259375 0.1390625
3 0.40546875 0.08359375 0.1515625 0.1578125
4 0.878125 0.27578125 0.1359375 0.1125
2 0.778125 0.36953125 0.2453125 0.103125