2 0.55 0.89609375 0.13125 0.203125
3 0.10234375 0.2390625 0.2 0.2859375
3 0.64140625 0.3796875 0.2 0.496875
0 0.46015625 0.5671875 0.2375 0.3515625
3 0.48359375 0.721875 0.215625 0.3109375
4 0.39453125 0.11640625 0.14375 0.2328125
3 0.7453125 0.71953125 0.125 0.3375
4 0.13828125 0.853125 0.178125 0.2
3 0.86484375 0.203125 0.2703125 0.40625
4 0.42421875 0.8921875 0.16875 0.1828125
3 0.08125 0.5015625 0.1625 0.14375
3 0.08359375 0.40625 0.159375 0.15625
3 0.2046875 0.8046875 0.203125 0.175
4 0.2765625 0.87890625 0.1125 0.13125
2 0.36015625 0.78125 0.08125 0.2390625