3 0.896875 0.7625 0.2015625 0.28671875
3 0.35703125 0.61875 0.20234375 0.49296875
2 0.4515625 0.103125 0.1328125 0.20234375
0 0.53984375 0.43203125 0.2375 0.3515625
3 0.515625 0.271875 0.2125 0.3046875
3 0.25390625 0.2921875 0.12421875 0.3515625
4 0.60390625 0.88359375 0.146875 0.2328125
3 0.1359375 0.79765625 0.27109375 0.40390625
4 0.86171875 0.14765625 0.17734375 0.2015625
3 0.915625 0.59296875 0.1609375 0.15625
4 0.5765625 0.1109375 0.1703125 0.184375
3 0.91796875 0.5015625 0.1640625 0.14765625
2 0.63984375 0.21875 0.08515625 0.24765625
3 0.79921875 0.190625 0.2015625 0.1734375
4 0.7234375 0.12109375 0.11484375 0.13125