3 0.103125 0.2375 0.2015625 0.2875
0 0.46015625 0.56796875 0.2390625 0.35
2 0.5484375 0.89609375 0.1328125 0.2046875
3 0.7421875 0.71171875 0.13125 0.346875
3 0.6421875 0.36875 0.2 0.4515625
3 0.48359375 0.72421875 0.2125 0.309375
4 0.396875 0.115625 0.15 0.23125
3 0.86484375 0.2015625 0.2703125 0.403125
4 0.1375 0.853125 0.1765625 0.2
3 0.08515625 0.40546875 0.1609375 0.15625
3 0.08203125 0.4984375 0.1640625 0.15
4 0.4234375 0.8890625 0.1703125 0.184375
3 0.203125 0.809375 0.203125 0.171875
2 0.36015625 0.78203125 0.084375 0.25
4 0.275 0.8796875 0.115625 0.13125
1 0.92109375 0.42265625 0.1578125 0.6890625