4 0.59609375 0.884375 0.1484375 0.23125
4 0.86484375 0.1578125 0.17890625 0.21640625
4 0.975 0.20859375 0.05 0.2171875
2 0.6375 0.2265625 0.0859375 0.26953125
2 0.45390625 0.10703125 0.140625 0.2140625
4 0.08046875 0.64375 0.15859375 0.521875
3 0.071875 0.37734375 0.13984375 0.30546875
3 0.1375 0.79375 0.2734375 0.4125
3 0.3546875 0.63671875 0.19453125 0.4484375
3 0.2609375 0.2859375 0.13359375 0.353125
0 0.528125 0.4328125 0.23515625 0.36875
3 0.5203125 0.2671875 0.21171875 0.2875
1 0.57890625 0.1109375 0.17265625 0.17890625
4 0.7265625 0.11015625 0.11640625 0.1328125
3 0.8984375 0.75859375 0.203125 0.271875
3 0.91015625 0.60234375 0.1796875 0.1609375
3 0.90546875 0.4953125 0.1890625 0.15390625