2 0.8953125 0.546875 0.20625 0.1375
3 0.23828125 0.103125 0.284375 0.2015625
0 0.56953125 0.4609375 0.346875 0.2375
3 0.71171875 0.740625 0.346875 0.1328125
3 0.35859375 0.64375 0.43125 0.203125
3 0.7265625 0.484375 0.3078125 0.2125
4 0.115625 0.39765625 0.23125 0.1484375
4 0.8546875 0.13828125 0.2 0.178125
3 0.20234375 0.86484375 0.4046875 0.2703125
3 0.4046875 0.08515625 0.159375 0.1609375
4 0.8890625 0.42265625 0.178125 0.16875
3 0.49765625 0.08125 0.1515625 0.1625
2 0.78203125 0.3625 0.2484375 0.0875
3 0.81015625 0.20234375 0.171875 0.2
1 0.4234375 0.92109375 0.690625 0.1578125