2 0.54609375 0.10390625 0.1375 0.20625
3 0.10390625 0.7609375 0.203125 0.2859375
0 0.45859375 0.4296875 0.234375 0.346875
3 0.64921875 0.64921875 0.215625 0.434375
3 0.73984375 0.28828125 0.134375 0.35
3 0.48515625 0.26953125 0.2125 0.3015625
4 0.39765625 0.88359375 0.1484375 0.2328125
4 0.13828125 0.14765625 0.178125 0.203125
3 0.86484375 0.7984375 0.2703125 0.403125
1 0.4234375 0.10703125 0.171875 0.18125
3 0.0859375 0.59453125 0.1625 0.1578125
3 0.08125 0.50078125 0.1625 0.1515625
3 0.2046875 0.19609375 0.2046875 0.175
1 0.92109375 0.57890625 0.1578125 0.684375
4 0.27578125 0.1203125 0.1140625 0.128125