2 0.89609375 0.546875 0.2046875 0.1375
0 0.5671875 0.459375 0.35 0.234375
3 0.23671875 0.103125 0.2859375 0.203125
3 0.34765625 0.65234375 0.4171875 0.2203125
3 0.7109375 0.73984375 0.3515625 0.134375
4 0.85390625 0.13828125 0.2 0.178125
4 0.11484375 0.3984375 0.228125 0.15
3 0.2015625 0.8640625 0.403125 0.271875
3 0.734375 0.484375 0.29375 0.215625
3 0.809375 0.20390625 0.1734375 0.1984375
1 0.8921875 0.43125 0.178125 0.1625
3 0.5 0.0796875 0.15625 0.159375
3 0.40234375 0.08671875 0.1625 0.1640625
3 0.5984375 0.92578125 0.296875 0.1484375
4 0.88203125 0.2765625 0.125 0.1125
1 0.41796875 0.92109375 0.6734375 0.1578125