2 0.10390625 0.45234375 0.20625 0.134375
3 0.76328125 0.89765625 0.2859375 0.2015625
0 0.4390625 0.5375 0.353125 0.240625
1 0.1140625 0.57109375 0.165625 0.1671875
3 0.6546875 0.34375 0.4171875 0.225
3 0.2890625 0.259375 0.346875 0.134375
4 0.8859375 0.60234375 0.228125 0.15
4 0.14609375 0.8609375 0.2 0.18125
3 0.796875 0.1359375 0.403125 0.271875
3 0.26484375 0.51484375 0.290625 0.2171875
3 0.5984375 0.9140625 0.1625 0.1625
3 0.18984375 0.79765625 0.1734375 0.196875
3 0.496875 0.9203125 0.140625 0.159375
3 0.38828125 0.07421875 0.265625 0.1484375
1 0.60703125 0.0796875 0.625 0.159375
4 0.11953125 0.72265625 0.128125 0.1125