2 0.89609375 0.45234375 0.20625 0.1359375
3 0.23671875 0.896875 0.284375 0.2015625
0 0.5578125 0.5375 0.35 0.240625
3 0.34609375 0.34296875 0.415625 0.225
1 0.88671875 0.56796875 0.1671875 0.1671875
3 0.7125 0.26015625 0.346875 0.134375
4 0.11484375 0.60234375 0.228125 0.1515625
4 0.85390625 0.86171875 0.2 0.1796875
3 0.20234375 0.1359375 0.4015625 0.271875
3 0.73515625 0.5140625 0.290625 0.215625
3 0.81015625 0.8 0.1734375 0.1953125
3 0.4 0.9140625 0.1640625 0.1640625
3 0.50390625 0.9203125 0.140625 0.159375
3 0.61796875 0.07421875 0.2640625 0.1484375
4 0.88125 0.7234375 0.128125 0.1140625
1 0.396875 0.0796875 0.628125 0.159375