2 0.103125 0.5515625 0.203125 0.128125
3 0.7625 0.103125 0.2875 0.203125
0 0.43984375 0.46328125 0.34375 0.2421875
1 0.11640625 0.42890625 0.165625 0.1671875
3 0.65234375 0.65703125 0.415625 0.2296875
3 0.28828125 0.73984375 0.3453125 0.134375
3 0.26484375 0.48671875 0.290625 0.215625
4 0.1453125 0.13828125 0.2 0.1796875
4 0.88515625 0.3984375 0.228125 0.153125
3 0.7984375 0.8640625 0.403125 0.271875
3 0.1953125 0.2015625 0.171875 0.2015625
3 0.5953125 0.0875 0.159375 0.165625
3 0.49375 0.0796875 0.1375 0.159375
1 0.5859375 0.92109375 0.6765625 0.1578125
3 0.3953125 0.9265625 0.2953125 0.146875
4 0.1203125 0.27578125 0.13125 0.115625
4 0.2125 0.35703125 0.2875 0.0828125