2 0.45078125 0.103125 0.13203125 0.203125
3 0.89609375 0.76171875 0.20234375 0.28671875
0 0.534375 0.440625 0.24296875 0.340625
1 0.56796875 0.11484375 0.16484375 0.1625
3 0.3421875 0.65234375 0.23046875 0.41328125
3 0.5125 0.2625 0.21484375 0.284375
4 0.6015625 0.88515625 0.15390625 0.2296875
3 0.26015625 0.28828125 0.134375 0.35
3 0.1359375 0.7984375 0.27109375 0.403125
4 0.86171875 0.1453125 0.17890625 0.19921875
3 0.91328125 0.59296875 0.1640625 0.15859375
3 0.7921875 0.1953125 0.2109375 0.171875
3 0.91484375 0.4859375 0.15859375 0.14140625
3 0.07265625 0.3796875 0.1453125 0.265625
1 0.0796875 0.6265625 0.15859375 0.59453125