2 0.103125 0.54921875 0.203125 0.1328125
3 0.76171875 0.10390625 0.2875 0.203125
0 0.440625 0.465625 0.340625 0.24375
1 0.11484375 0.43203125 0.1625 0.165625
3 0.65234375 0.6578125 0.4125 0.23125
3 0.2625 0.4875 0.284375 0.215625
4 0.88515625 0.3984375 0.2296875 0.153125
3 0.28828125 0.73984375 0.35 0.134375
3 0.7984375 0.8640625 0.403125 0.271875
4 0.1453125 0.13828125 0.2 0.178125
3 0.59296875 0.08671875 0.159375 0.1640625
3 0.1953125 0.2078125 0.171875 0.2109375
3 0.4859375 0.08515625 0.140625 0.159375
3 0.3796875 0.92734375 0.265625 0.1453125
1 0.6265625 0.9203125 0.59375 0.159375