2 0.45078125 0.89609375 0.1328125 0.203125
1 0.56796875 0.88359375 0.1640625 0.165625
3 0.89765625 0.23828125 0.2 0.284375
0 0.53515625 0.55625 0.24375 0.3453125
3 0.34296875 0.34765625 0.23125 0.4125
3 0.51328125 0.73671875 0.2171875 0.284375
3 0.26015625 0.7109375 0.1328125 0.346875
4 0.6015625 0.11484375 0.153125 0.228125
3 0.1359375 0.2015625 0.271875 0.4
4 0.86171875 0.8546875 0.1796875 0.2
3 0.7953125 0.81015625 0.2 0.1734375
3 0.9125 0.4078125 0.165625 0.1625
3 0.91875 0.515625 0.1625 0.1453125
3 0.07265625 0.625 0.1453125 0.259375
4 0.7234375 0.88046875 0.1140625 0.13125
1 0.07890625 0.3703125 0.1578125 0.590625
4 0.64296875 0.7890625 0.0828125 0.2796875