2 0.55078125 0.89765625 0.13125 0.203125
3 0.103125 0.2375 0.2015625 0.2890625
0 0.465625 0.55703125 0.246875 0.340625
1 0.4296875 0.884375 0.1671875 0.1625
3 0.6578125 0.34921875 0.23125 0.4125
3 0.48671875 0.73671875 0.2171875 0.2875
4 0.3984375 0.11484375 0.153125 0.228125
3 0.8640625 0.20078125 0.271875 0.4015625
3 0.73984375 0.71484375 0.134375 0.346875
4 0.13828125 0.853125 0.178125 0.2015625
3 0.2046875 0.81015625 0.2 0.175
3 0.08671875 0.40703125 0.165625 0.159375
3 0.08125 0.515625 0.1625 0.14375
3 0.92578125 0.62734375 0.1484375 0.2609375
1 0.92109375 0.3828125 0.15625 0.6140625
4 0.35625 0.79140625 0.0828125 0.278125