2 0.44921875 0.10234375 0.1296875 0.2015625
3 0.896875 0.7625 0.2015625 0.290625
0 0.5328125 0.4453125 0.246875 0.34375
3 0.3421875 0.6515625 0.2328125 0.4125
3 0.5140625 0.26328125 0.215625 0.284375
1 0.56796875 0.1140625 0.1671875 0.1625
3 0.26015625 0.28828125 0.134375 0.346875
4 0.60078125 0.884375 0.1515625 0.23125
3 0.1359375 0.79921875 0.271875 0.4
4 0.8625 0.14453125 0.1765625 0.196875
3 0.915625 0.48671875 0.1578125 0.146875
3 0.91875 0.5953125 0.1578125 0.159375
3 0.7921875 0.18984375 0.196875 0.175
1 0.0796875 0.5921875 0.159375 0.659375
3 0.07578125 0.378125 0.1515625 0.253125
4 0.72421875 0.12109375 0.115625 0.1296875