1 0.1171875 0.5671875 0.1609375 0.1640625
3 0.759375 0.89609375 0.29375 0.203125
2 0.1015625 0.44765625 0.2 0.128125
3 0.64921875 0.328125 0.40625 0.23125
0 0.44609375 0.53125 0.340625 0.25
3 0.26328125 0.51484375 0.2859375 0.2171875
3 0.2859375 0.2609375 0.34375 0.134375
3 0.7984375 0.1359375 0.403125 0.271875
4 0.88515625 0.60234375 0.2296875 0.1515625
3 0.4890625 0.91484375 0.1453125 0.159375
3 0.590625 0.9140625 0.165625 0.1625
3 0.1890625 0.78828125 0.175 0.1984375
4 0.14375 0.86171875 0.196875 0.1796875
1 0.5859375 0.0796875 0.68125 0.159375