1 0.56796875 0.11796875 0.16484375 0.16171875
3 0.896875 0.7578125 0.2015625 0.2921875
0 0.53125 0.44921875 0.2515625 0.34453125
3 0.328125 0.65 0.23125 0.4078125
2 0.44921875 0.103125 0.12890625 0.20234375
3 0.51484375 0.26328125 0.21640625 0.2859375
3 0.1359375 0.7984375 0.271875 0.403125
4 0.603125 0.88515625 0.14921875 0.2296875
3 0.26015625 0.28828125 0.1328125 0.3453125
3 0.9140625 0.48515625 0.16171875 0.14921875
3 0.91484375 0.59296875 0.1609375 0.1640625
4 0.86171875 0.1421875 0.1796875 0.1953125
3 0.78671875 0.18828125 0.20078125 0.175
3 0.07734375 0.3734375 0.1546875 0.23984375
1 0.0796875 0.609375 0.15859375 0.63515625