1 0.56796875 0.1203125 0.1640625 0.1609375
2 0.4484375 0.10390625 0.12734375 0.2046875
3 0.89375 0.76015625 0.2078125 0.2953125
3 0.51484375 0.253125 0.2171875 0.26875
3 0.3265625 0.6515625 0.2375 0.40625
0 0.53046875 0.45 0.25390625 0.3359375
3 0.2609375 0.2875 0.1328125 0.34765625
3 0.13671875 0.79921875 0.27265625 0.4015625
4 0.60234375 0.88515625 0.15 0.22890625
3 0.91875 0.590625 0.15703125 0.16171875
3 0.78515625 0.19296875 0.190625 0.18046875
3 0.915625 0.48203125 0.15859375 0.14921875
4 0.86484375 0.14296875 0.17421875 0.19453125
1 0.08046875 0.590625 0.1609375 0.65625
3 0.08125 0.37265625 0.1625 0.2296875