2 0.44609375 0.1046875 0.1203125 0.2046875
3 0.8953125 0.75703125 0.20625 0.2953125
3 0.515625 0.25234375 0.2203125 0.271875
3 0.325 0.6515625 0.240625 0.4078125
1 0.56875 0.11953125 0.1640625 0.159375
0 0.53046875 0.4453125 0.253125 0.3265625
3 0.2609375 0.28828125 0.134375 0.353125
4 0.603125 0.88515625 0.1515625 0.2296875
3 0.1359375 0.8 0.271875 0.4
3 0.91875 0.5921875 0.1578125 0.15625
4 0.86484375 0.14140625 0.171875 0.1921875
3 0.77734375 0.19296875 0.1984375 0.1796875
3 0.9203125 0.4828125 0.159375 0.146875
3 0.08203125 0.3765625 0.1640625 0.2328125
1 0.07890625 0.6671875 0.1578125 0.571875