2 0.10234375 0.44453125 0.2 0.11875
3 0.75859375 0.89609375 0.2921875 0.2046875
3 0.6515625 0.32578125 0.409375 0.2375
3 0.25234375 0.51484375 0.265625 0.21875
0 0.45 0.53046875 0.3375 0.2546875
3 0.2859375 0.2609375 0.346875 0.134375
1 0.11875 0.56875 0.159375 0.165625
4 0.88515625 0.60234375 0.2296875 0.1515625
3 0.79921875 0.1359375 0.4015625 0.271875
3 0.5921875 0.91875 0.153125 0.15625
3 0.378125 0.08203125 0.2375 0.1640625
3 0.1921875 0.77421875 0.18125 0.1953125
4 0.14296875 0.865625 0.19375 0.171875
1 0.67265625 0.07890625 0.55625 0.1578125
3 0.48828125 0.9203125 0.1390625 0.159375