2 0.44609375 0.1015625 0.11953125 0.1984375
3 0.8953125 0.7609375 0.20546875 0.296875
3 0.32578125 0.6515625 0.23828125 0.40703125
3 0.51640625 0.25546875 0.22109375 0.271875
1 0.5671875 0.11640625 0.16796875 0.16171875
0 0.53046875 0.44921875 0.25390625 0.334375
3 0.2609375 0.28671875 0.1328125 0.3453125
3 0.13671875 0.79921875 0.27265625 0.40078125
4 0.6015625 0.884375 0.15078125 0.23046875
3 0.915625 0.59375 0.16015625 0.1546875
3 0.92109375 0.4859375 0.1578125 0.13828125
3 0.0828125 0.3765625 0.165625 0.2328125
4 0.8703125 0.14296875 0.1625 0.1890625
3 0.7734375 0.1921875 0.19453125 0.18203125
1 0.07890625 0.671875 0.1578125 0.55390625