2 0.4453125 0.09921875 0.11640625 0.19296875
1 0.56640625 0.1171875 0.16875 0.15859375
3 0.89453125 0.7578125 0.20625 0.30234375
3 0.51640625 0.2578125 0.22109375 0.27578125
3 0.325 0.6515625 0.24140625 0.40546875
0 0.5296875 0.4515625 0.2546875 0.34140625
3 0.2609375 0.2875 0.13203125 0.34609375
4 0.6015625 0.88515625 0.15 0.2296875
3 0.13671875 0.79921875 0.2734375 0.40078125
3 0.915625 0.59375 0.159375 0.1625
3 0.921875 0.4875 0.15546875 0.1390625
4 0.871875 0.14375 0.1609375 0.19140625
3 0.0828125 0.378125 0.16484375 0.23984375
1 0.07890625 0.67421875 0.1578125 0.5609375
3 0.76875 0.19296875 0.20078125 0.1828125