1 0.11875 0.56640625 0.159375 0.1703125
3 0.75703125 0.8953125 0.309375 0.2046875
3 0.259375 0.51484375 0.278125 0.221875
3 0.65234375 0.32421875 0.40625 0.24375
2 0.08828125 0.4390625 0.175 0.10625
0 0.45 0.5296875 0.340625 0.25625
3 0.28671875 0.2609375 0.3484375 0.13125
3 0.79921875 0.13671875 0.4015625 0.271875
4 0.88515625 0.60390625 0.2296875 0.15
4 0.1453125 0.87421875 0.19375 0.1609375
3 0.5953125 0.915625 0.175 0.159375
3 0.190625 0.76796875 0.1875 0.1984375
3 0.3796875 0.0828125 0.240625 0.165625
1 0.67578125 0.07890625 0.5609375 0.1578125
3 0.49609375 0.92265625 0.13125 0.1546875