1 0.11640625 0.56328125 0.1625 0.1765625
3 0.2609375 0.51171875 0.28125 0.2109375
3 0.65078125 0.32578125 0.40625 0.240625
0 0.4484375 0.528125 0.3421875 0.2578125
3 0.74453125 0.8953125 0.275 0.203125
2 0.0890625 0.43515625 0.175 0.1
4 0.88203125 0.6109375 0.2359375 0.1375
3 0.2875 0.2625 0.35 0.134375
3 0.7984375 0.1359375 0.403125 0.271875
3 0.190625 0.76640625 0.1875 0.19375
4 0.14609375 0.87421875 0.19375 0.1609375
3 0.58125 0.91796875 0.159375 0.15625
3 0.375 0.0828125 0.2359375 0.165625
1 0.6703125 0.07890625 0.5484375 0.1578125
3 0.48359375 0.92421875 0.159375 0.15