1 0.56328125 0.1140625 0.1734375 0.16484375
3 0.5140625 0.2609375 0.21484375 0.28046875
3 0.33828125 0.65 0.2390625 0.41015625
0 0.52734375 0.45 0.25703125 0.3453125
3 0.89375 0.73828125 0.2078125 0.2796875
3 0.2625 0.28359375 0.13515625 0.3421875
3 0.76796875 0.1875 0.19296875 0.19296875
3 0.13671875 0.7984375 0.2734375 0.4
4 0.6109375 0.88125 0.134375 0.2375
4 0.87578125 0.14765625 0.15703125 0.19375
2 0.43515625 0.08984375 0.09921875 0.1765625
3 0.91796875 0.584375 0.15859375 0.16875
3 0.0828125 0.37265625 0.165625 0.234375
1 0.08046875 0.634375 0.1609375 0.578125
3 0.92421875 0.48125 0.1515625 0.159375