1 0.4359375 0.11484375 0.1734375 0.165625
3 0.48515625 0.2609375 0.2171875 0.2796875
3 0.66171875 0.65 0.240625 0.409375
0 0.47265625 0.44921875 0.25625 0.346875
3 0.1078125 0.73828125 0.2109375 0.278125
3 0.7375 0.284375 0.134375 0.34375
3 0.23203125 0.18671875 0.19375 0.19375
3 0.86328125 0.79921875 0.2734375 0.4015625
4 0.38828125 0.88125 0.134375 0.2375
4 0.12421875 0.146875 0.15625 0.190625
3 0.08203125 0.584375 0.159375 0.1671875
3 0.91640625 0.36953125 0.1671875 0.228125
1 0.91953125 0.65234375 0.1609375 0.5421875
2 0.56484375 0.090625 0.1 0.178125
3 0.07578125 0.48046875 0.1515625 0.1609375