1 0.5640625 0.88515625 0.171875 0.165625
3 0.51484375 0.7390625 0.2171875 0.28125
3 0.32578125 0.35078125 0.2390625 0.409375
0 0.52734375 0.5484375 0.25625 0.346875
3 0.2625 0.71484375 0.134375 0.34375
3 0.89921875 0.2609375 0.196875 0.2765625
3 0.76796875 0.8140625 0.19375 0.196875
4 0.6125 0.11953125 0.1375 0.2390625
3 0.13671875 0.20078125 0.2734375 0.4015625
2 0.4359375 0.91015625 0.1 0.1765625
4 0.8671875 0.85859375 0.16875 0.196875
3 0.91796875 0.41484375 0.159375 0.175
3 0.08359375 0.62421875 0.1671875 0.2390625
1 0.08125 0.365625 0.1625 0.5734375