1 0.5640625 0.88359375 0.171875 0.165625
3 0.5140625 0.7375 0.2171875 0.2828125
3 0.32578125 0.35078125 0.240625 0.409375
3 0.2625 0.715625 0.1328125 0.3421875
0 0.52734375 0.55 0.2578125 0.346875
3 0.896875 0.259375 0.2015625 0.2828125
2 0.4359375 0.91015625 0.1 0.1765625
3 0.7671875 0.81484375 0.196875 0.1984375
4 0.6125 0.11875 0.1359375 0.2375
3 0.13671875 0.2015625 0.2734375 0.403125
4 0.86796875 0.85859375 0.165625 0.196875
3 0.0828125 0.628125 0.165625 0.234375
3 0.91796875 0.41875 0.1578125 0.16875
1 0.0796875 0.3640625 0.159375 0.571875