1 0.4359375 0.1140625 0.1734375 0.165625
3 0.48515625 0.26171875 0.21875 0.28125
3 0.6625 0.64921875 0.240625 0.4125
2 0.5640625 0.08828125 0.1015625 0.175
3 0.7390625 0.284375 0.1328125 0.3421875
0 0.47265625 0.44921875 0.2578125 0.34375
3 0.10234375 0.73828125 0.2 0.2765625
4 0.3875 0.8796875 0.1359375 0.240625
3 0.2328125 0.18671875 0.196875 0.19375
3 0.8625 0.79921875 0.275 0.4015625
4 0.12578125 0.14453125 0.159375 0.1921875
3 0.0828125 0.578125 0.1609375 0.18125
3 0.9171875 0.37578125 0.165625 0.2421875
1 0.91953125 0.621875 0.1609375 0.596875