1 0.43515625 0.88515625 0.175 0.165625
3 0.4859375 0.7390625 0.2171875 0.2796875
2 0.5640625 0.9109375 0.1015625 0.175
3 0.66328125 0.34609375 0.240625 0.4125
3 0.7375 0.715625 0.1328125 0.346875
0 0.47265625 0.55234375 0.2578125 0.340625
3 0.2328125 0.81640625 0.196875 0.203125
3 0.10234375 0.2578125 0.1984375 0.275
4 0.3875 0.11953125 0.1375 0.2390625
3 0.86328125 0.20078125 0.2734375 0.4015625
4 0.125 0.85625 0.1546875 0.190625
3 0.08984375 0.42265625 0.171875 0.190625
3 0.9171875 0.62421875 0.165625 0.24375
1 0.92109375 0.3265625 0.1578125 0.5546875