3 0.26171875 0.4859375 0.28125 0.21875
1 0.1140625 0.434375 0.16875 0.171875
3 0.6484375 0.6765625 0.409375 0.24375
2 0.08984375 0.56171875 0.178125 0.1046875
0 0.44765625 0.47265625 0.3421875 0.2578125
3 0.18203125 0.234375 0.2046875 0.2
3 0.28125 0.73828125 0.346875 0.1328125
3 0.7375 0.09921875 0.278125 0.19375
4 0.8796875 0.38828125 0.240625 0.134375
3 0.79765625 0.86328125 0.4015625 0.2734375
4 0.14375 0.125 0.190625 0.1546875
3 0.57734375 0.0890625 0.178125 0.16875
3 0.37734375 0.9171875 0.24375 0.165625
1 0.6703125 0.92109375 0.55 0.1578125