1 0.565625 0.11328125 0.171875 0.16796875
3 0.51484375 0.26171875 0.21875 0.28125
3 0.32421875 0.64921875 0.24296875 0.4125
3 0.90078125 0.73828125 0.19375 0.2796875
0 0.52734375 0.44921875 0.2578125 0.3453125
2 0.43828125 0.0890625 0.1046875 0.17578125
3 0.76484375 0.1796875 0.20078125 0.209375
3 0.2609375 0.28046875 0.13125 0.34296875
4 0.60859375 0.88125 0.13125 0.2375
3 0.13671875 0.7984375 0.2734375 0.40234375
4 0.875 0.14375 0.1546875 0.1890625
3 0.91953125 0.578125 0.15546875 0.16484375
3 0.08359375 0.37265625 0.1671875 0.234375
1 0.08046875 0.63984375 0.1609375 0.5609375