1 0.88359375 0.56484375 0.1671875 0.16875
3 0.73671875 0.5125 0.284375 0.215625
3 0.3515625 0.3234375 0.409375 0.24375
3 0.26171875 0.89765625 0.28125 0.2
0 0.5515625 0.52734375 0.3421875 0.2578125
2 0.909375 0.4390625 0.178125 0.10625
3 0.8203125 0.76484375 0.209375 0.2015625
3 0.7234375 0.26171875 0.3515625 0.13125
3 0.20078125 0.13671875 0.4015625 0.2734375
4 0.1203125 0.61171875 0.240625 0.1359375
4 0.85625 0.875 0.1921875 0.1546875
3 0.42890625 0.91328125 0.16875 0.1625
3 0.63359375 0.08515625 0.225 0.16875
1 0.33203125 0.07890625 0.559375 0.1578125