1 0.56484375 0.11328125 0.171875 0.1671875
3 0.5125 0.26484375 0.215625 0.2875
3 0.325 0.64921875 0.240625 0.4109375
3 0.9 0.7359375 0.19375 0.28125
3 0.26171875 0.2796875 0.134375 0.35
0 0.5265625 0.4484375 0.25625 0.340625
3 0.765625 0.1796875 0.2015625 0.2109375
2 0.4390625 0.0890625 0.10625 0.175
4 0.6125 0.87890625 0.134375 0.240625
3 0.13671875 0.79921875 0.2734375 0.4015625
4 0.87421875 0.14375 0.15625 0.190625
3 0.91640625 0.5703125 0.159375 0.1625
3 0.084375 0.3671875 0.16875 0.23125
1 0.08046875 0.64140625 0.1609375 0.5640625