1 0.8859375 0.5640625 0.171875 0.16875
3 0.7328125 0.5078125 0.2921875 0.209375
3 0.346875 0.340625 0.4125 0.23125
3 0.26953125 0.89375 0.3 0.2078125
3 0.81875 0.765625 0.20625 0.2
0 0.5484375 0.52734375 0.35 0.2578125
2 0.90859375 0.4390625 0.18125 0.10625
3 0.7203125 0.2609375 0.35625 0.13125
3 0.2015625 0.1359375 0.403125 0.271875
4 0.11875 0.60859375 0.2375 0.13125
4 0.85546875 0.8765625 0.1875 0.15
3 0.42890625 0.915625 0.1671875 0.1640625
3 0.63203125 0.08359375 0.228125 0.1671875
1 0.353125 0.08046875 0.55 0.1609375
3 0.58984375 0.88359375 0.1703125 0.11875