3 0.89375 0.72265625 0.20859375 0.3125
3 0.33984375 0.65390625 0.234375 0.409375
3 0.51328125 0.26796875 0.221875 0.29296875
0 0.5265625 0.4546875 0.25703125 0.35859375
3 0.7671875 0.178125 0.196875 0.21328125
1 0.565625 0.11171875 0.1734375 0.178125
3 0.2609375 0.27890625 0.13125 0.35546875
2 0.4390625 0.090625 0.10546875 0.17890625
3 0.13671875 0.79921875 0.2734375 0.4015625
4 0.609375 0.88203125 0.1328125 0.2359375
4 0.87890625 0.14375 0.14765625 0.19140625
3 0.88359375 0.4046875 0.12109375 0.1671875
3 0.0828125 0.36953125 0.165625 0.234375
4 0.4640625 0.9453125 0.09765625 0.109375
3 0.9078125 0.56484375 0.17578125 0.1828125
1 0.08046875 0.64375 0.1609375 0.56640625
2 0.634375 0.20625 0.0921875 0.25703125