3 0.3390625 0.65234375 0.23515625 0.4078125
3 0.89375 0.72109375 0.2078125 0.31328125
1 0.56640625 0.11171875 0.17421875 0.1765625
3 0.51328125 0.26796875 0.22265625 0.29375
0 0.52734375 0.4515625 0.25703125 0.35390625
3 0.765625 0.17890625 0.2 0.2109375
3 0.26171875 0.2796875 0.1328125 0.3515625
2 0.4390625 0.09140625 0.10625 0.18125
4 0.609375 0.88125 0.1328125 0.2375
3 0.1359375 0.7984375 0.271875 0.4
4 0.87734375 0.14375 0.15078125 0.19140625
3 0.88359375 0.4046875 0.12265625 0.16953125
3 0.0828125 0.36796875 0.16484375 0.2296875
3 0.90859375 0.55859375 0.175 0.19296875
1 0.08046875 0.64375 0.1609375 0.559375
2 0.634375 0.21015625 0.09296875 0.259375