3 0.6484375 0.328125 0.40625 0.234375
3 0.709375 0.89453125 0.3 0.20625
3 0.2765625 0.5125 0.3125 0.221875
3 0.18125 0.76875 0.20625 0.1953125
0 0.45 0.52734375 0.353125 0.25625
3 0.2828125 0.2609375 0.3515625 0.13125
2 0.08984375 0.4390625 0.178125 0.1046875
4 0.88125 0.60859375 0.2375 0.1328125
1 0.1109375 0.56953125 0.175 0.1828125
3 0.7984375 0.13671875 0.403125 0.2734375
3 0.36171875 0.084375 0.2203125 0.16875
4 0.14375 0.87734375 0.1890625 0.15
3 0.4015625 0.884375 0.16875 0.121875
1 0.64921875 0.08046875 0.553125 0.1609375
3 0.55 0.91171875 0.190625 0.16875
2 0.2203125 0.63359375 0.2640625 0.09375