3 0.33984375 0.6546875 0.234375 0.409375
3 0.5109375 0.278125 0.21875 0.315625
3 0.76953125 0.18125 0.1953125 0.2046875
0 0.52734375 0.44921875 0.2578125 0.353125
3 0.89375 0.7015625 0.20625 0.2828125
2 0.4390625 0.090625 0.10625 0.178125
3 0.26015625 0.28359375 0.1328125 0.35
4 0.60859375 0.88203125 0.1328125 0.2359375
1 0.57109375 0.11015625 0.1859375 0.1765625
3 0.13671875 0.7984375 0.2734375 0.403125
4 0.878125 0.14453125 0.1484375 0.1890625
3 0.08359375 0.359375 0.1671875 0.2171875
3 0.91015625 0.5421875 0.171875 0.2046875
1 0.0796875 0.64140625 0.159375 0.5703125
2 0.6328125 0.22109375 0.096875 0.2625