3 0.296875 0.10625 0.2765625 0.2078125
3 0.3515625 0.68046875 0.40625 0.2515625
3 0.7234375 0.49453125 0.3125 0.203125
0 0.54921875 0.47265625 0.35625 0.25625
2 0.91015625 0.56015625 0.178125 0.1078125
3 0.81953125 0.23203125 0.20625 0.1984375
3 0.71796875 0.7421875 0.34375 0.1359375
3 0.20078125 0.8625 0.4 0.275
4 0.11875 0.390625 0.2375 0.1359375
1 0.890625 0.42890625 0.178125 0.1875
3 0.44453125 0.08046875 0.1625 0.15
4 0.85703125 0.1234375 0.190625 0.15
3 0.6359375 0.915625 0.228125 0.16875
2 0.77734375 0.36640625 0.265625 0.096875
1 0.33671875 0.92109375 0.5734375 0.1578125