3 0.35546875 0.33046875 0.440625 0.2625
3 0.2921875 0.89375 0.2703125 0.209375
3 0.72265625 0.50625 0.315625 0.2015625
0 0.546875 0.5265625 0.359375 0.25625
2 0.91015625 0.43984375 0.178125 0.10625
3 0.81875 0.76640625 0.2046875 0.203125
1 0.8890625 0.56953125 0.178125 0.1828125
3 0.71796875 0.25234375 0.33125 0.140625
4 0.11875 0.609375 0.2375 0.1359375
3 0.2 0.1359375 0.4 0.271875
4 0.85703125 0.87578125 0.19375 0.153125
3 0.6375 0.0828125 0.221875 0.165625
4 0.13046875 0.4578125 0.259375 0.171875
2 0.77578125 0.6328125 0.265625 0.1