3 0.33046875 0.64453125 0.26171875 0.440625
3 0.89375 0.7078125 0.20859375 0.2703125
3 0.50625 0.27734375 0.2015625 0.31484375
0 0.5265625 0.453125 0.25625 0.36015625
2 0.43984375 0.08984375 0.10703125 0.17734375
3 0.76640625 0.18125 0.20234375 0.2046875
1 0.56953125 0.1109375 0.1828125 0.17890625
3 0.25234375 0.28203125 0.13984375 0.33125
4 0.609375 0.88125 0.1359375 0.2375
3 0.1359375 0.8 0.271875 0.4
4 0.87578125 0.14296875 0.15234375 0.19296875
3 0.0828125 0.3625 0.165625 0.221875
4 0.4578125 0.86953125 0.17265625 0.26015625
2 0.6328125 0.22421875 0.09921875 0.265625