3 0.10625 0.29140625 0.2078125 0.271875
3 0.671875 0.35546875 0.2609375 0.44375
3 0.49453125 0.7234375 0.2 0.3125
2 0.56015625 0.9109375 0.10625 0.175
3 0.23203125 0.81796875 0.2 0.203125
3 0.7484375 0.7203125 0.140625 0.33125
0 0.4734375 0.54765625 0.25625 0.3609375
1 0.4296875 0.8890625 0.184375 0.178125
4 0.38984375 0.11796875 0.134375 0.2359375
3 0.86328125 0.2 0.2734375 0.4
3 0.9171875 0.63671875 0.165625 0.2203125
4 0.1234375 0.8578125 0.153125 0.19375
4 0.36640625 0.77109375 0.096875 0.2703125
3 0.1078125 0.59765625 0.1015625 0.190625
4 0.5421875 0.13671875 0.1796875 0.2734375