3 0.89375 0.70859375 0.2078125 0.271875
3 0.328125 0.64453125 0.2609375 0.44375
3 0.50546875 0.2765625 0.19921875 0.31328125
2 0.43984375 0.0890625 0.10703125 0.17578125
3 0.76796875 0.18203125 0.19921875 0.20390625
3 0.2515625 0.2796875 0.13984375 0.33046875
0 0.5265625 0.45234375 0.25625 0.3609375
1 0.5703125 0.1109375 0.18359375 0.178125
4 0.61015625 0.88203125 0.134375 0.2359375
3 0.13671875 0.8 0.2734375 0.39921875
3 0.0828125 0.36328125 0.165625 0.2203125
4 0.8765625 0.1421875 0.15234375 0.19296875
4 0.63359375 0.22890625 0.09765625 0.2703125
3 0.8921875 0.40234375 0.1015625 0.19140625
4 0.4578125 0.86328125 0.1796875 0.2734375