3 0.67421875 0.64296875 0.2671875 0.4484375
3 0.49296875 0.2765625 0.2 0.3125
3 0.10625 0.7109375 0.2078125 0.271875
2 0.5609375 0.08828125 0.1078125 0.175
0 0.47265625 0.45234375 0.2578125 0.3625
1 0.43515625 0.11171875 0.1734375 0.1765625
3 0.75 0.27734375 0.1375 0.328125
4 0.38984375 0.88515625 0.1328125 0.2296875
3 0.23359375 0.18046875 0.1984375 0.20625
3 0.86328125 0.8 0.2734375 0.4
3 0.9171875 0.3609375 0.165625 0.21875
4 0.121875 0.14296875 0.15 0.19375
3 0.1125 0.43203125 0.1140625 0.24375
4 0.36640625 0.22734375 0.096875 0.275
1 0.9203125 0.6453125 0.159375 0.559375
0 0.54765625 0.84140625 0.184375 0.309375