3 0.64453125 0.325 0.453125 0.26875
3 0.7109375 0.89375 0.2734375 0.20625
3 0.2765625 0.50703125 0.3125 0.2015625
1 0.1125 0.5640625 0.1765625 0.1703125
2 0.08984375 0.43984375 0.1765625 0.1078125
0 0.45390625 0.52734375 0.3625 0.25625
4 0.8859375 0.61015625 0.228125 0.134375
3 0.275 0.2484375 0.328125 0.1375
3 0.18125 0.765625 0.20625 0.2
3 0.80078125 0.13671875 0.3984375 0.2734375
3 0.4390625 0.88828125 0.25625 0.1125
4 0.14453125 0.878125 0.1921875 0.15
3 0.359375 0.0828125 0.215625 0.165625
4 0.2265625 0.63359375 0.271875 0.096875
1 0.6453125 0.0796875 0.55625 0.159375