3 0.325 0.35546875 0.26875 0.453125
3 0.89375 0.2890625 0.20625 0.2734375
3 0.50703125 0.7234375 0.2015625 0.3125
1 0.5640625 0.8875 0.1703125 0.1765625
2 0.43984375 0.91015625 0.1078125 0.1765625
0 0.52734375 0.54609375 0.25625 0.3625
4 0.61015625 0.1140625 0.134375 0.228125
3 0.2484375 0.725 0.1390625 0.328125
3 0.765625 0.81875 0.2 0.20625
3 0.13671875 0.19921875 0.2734375 0.3984375
3 0.88828125 0.5609375 0.1125 0.25625
4 0.878125 0.85546875 0.15 0.1921875
3 0.0828125 0.640625 0.165625 0.215625
4 0.63359375 0.7734375 0.0984375 0.271875
1 0.0796875 0.3546875 0.159375 0.55625