3 0.328125 0.64296875 0.265625 0.4515625
1 0.565625 0.115625 0.17265625 0.16484375
4 0.6125 0.89140625 0.128125 0.2171875
3 0.50859375 0.2796875 0.203125 0.315625
3 0.8953125 0.7078125 0.2015625 0.26484375
0 0.5265625 0.4546875 0.25546875 0.365625
2 0.4390625 0.09140625 0.10703125 0.18125
3 0.25078125 0.27734375 0.13828125 0.33203125
3 0.76640625 0.18125 0.2 0.20546875
3 0.1375 0.8 0.27421875 0.4
4 0.87734375 0.14375 0.1515625 0.18984375
4 0.63359375 0.2171875 0.09921875 0.2953125
3 0.0828125 0.3640625 0.165625 0.225
1 0.08046875 0.625 0.1609375 0.603125