3 0.3609375 0.66953125 0.45 0.265625
1 0.88515625 0.434375 0.165625 0.171875
3 0.7203125 0.49140625 0.3125 0.2
4 0.1125 0.38359375 0.215625 0.134375
3 0.81796875 0.2328125 0.203125 0.196875
0 0.5453125 0.4734375 0.3640625 0.25625
3 0.29140625 0.1046875 0.259375 0.203125
3 0.72421875 0.75 0.3328125 0.1390625
2 0.9078125 0.5609375 0.18125 0.10625
3 0.20078125 0.86328125 0.4015625 0.2734375
4 0.85625 0.121875 0.1921875 0.15
4 0.78203125 0.36640625 0.29375 0.1
3 0.6359375 0.9171875 0.225 0.165625
3 0.509375 0.075 0.33125 0.146875
1 0.36015625 0.91875 0.5703125 0.1625