3 0.63515625 0.66640625 0.44375 0.26875
1 0.11484375 0.434375 0.165625 0.1734375
3 0.27890625 0.490625 0.309375 0.2
3 0.71328125 0.10234375 0.259375 0.2
2 0.09140625 0.5609375 0.18125 0.10625
0 0.4546875 0.4734375 0.3671875 0.25625
4 0.88203125 0.38671875 0.2359375 0.128125
3 0.18046875 0.2328125 0.2078125 0.1984375
3 0.26796875 0.746875 0.346875 0.1296875
3 0.8 0.8625 0.4 0.275
4 0.14375 0.1203125 0.190625 0.146875
4 0.21640625 0.365625 0.296875 0.1
3 0.365625 0.91640625 0.228125 0.1671875
0 0.78046875 0.55390625 0.4390625 0.3109375
1 0.62734375 0.91875 0.590625 0.1625