3 0.36640625 0.665625 0.440625 0.26875
1 0.88515625 0.434375 0.165625 0.175
3 0.7203125 0.49140625 0.3109375 0.2
4 0.115625 0.3875 0.23125 0.13125
3 0.2859375 0.10078125 0.25625 0.196875
0 0.5453125 0.4734375 0.365625 0.25625
2 0.90859375 0.56171875 0.18125 0.10625
3 0.81875 0.234375 0.2078125 0.2
3 0.73203125 0.74609375 0.35 0.13125
3 0.20078125 0.8625 0.4015625 0.275
4 0.85546875 0.12109375 0.1921875 0.146875
3 0.50625 0.08125 0.3125 0.15625
3 0.6375 0.91640625 0.221875 0.1671875
0 0.221875 0.55 0.44375 0.30625
4 0.78359375 0.365625 0.296875 0.1
1 0.3625 0.91953125 0.578125 0.1609375