3 0.334375 0.63359375 0.26796875 0.43984375
1 0.565625 0.11484375 0.17421875 0.165625
3 0.50859375 0.2796875 0.2 0.3109375
4 0.6125 0.884375 0.13125 0.23125
3 0.89921875 0.7140625 0.19765625 0.25625
0 0.5265625 0.4546875 0.25703125 0.365625
2 0.43828125 0.09140625 0.10625 0.18046875
3 0.765625 0.18125 0.20078125 0.2078125
3 0.25390625 0.26796875 0.13046875 0.34921875
3 0.1375 0.79921875 0.27421875 0.4015625
4 0.87890625 0.14453125 0.146875 0.1921875
3 0.91875 0.49375 0.15625 0.3125
3 0.08359375 0.3625 0.16640625 0.22265625
0 0.45 0.778125 0.30546875 0.44375
4 0.634375 0.21640625 0.1 0.29609375
1 0.08046875 0.6375 0.1609375 0.578125