3 0.33515625 0.6359375 0.26875 0.44375
1 0.565625 0.11484375 0.1734375 0.165625
3 0.50859375 0.27890625 0.2 0.309375
4 0.6140625 0.88671875 0.1296875 0.2265625
2 0.43828125 0.0921875 0.10625 0.18125
0 0.5265625 0.453125 0.25625 0.3625
3 0.8984375 0.7125 0.1984375 0.2625
3 0.76796875 0.18359375 0.1953125 0.203125
3 0.25390625 0.27109375 0.1328125 0.35
3 0.1375 0.79921875 0.275 0.4015625
4 0.8796875 0.14375 0.146875 0.19375
3 0.915625 0.48984375 0.1625 0.3015625
3 0.08359375 0.36171875 0.165625 0.21875
0 0.453125 0.775 0.296875 0.45
4 0.634375 0.2171875 0.1 0.296875
1 0.07890625 0.6609375 0.1578125 0.575