3 0.67890625 0.6546875 0.284375 0.390625
1 0.434375 0.1140625 0.175 0.165625
4 0.378125 0.87890625 0.125 0.2375
3 0.49140625 0.278125 0.2 0.3125
3 0.1015625 0.7140625 0.2 0.2546875
0 0.47421875 0.453125 0.25625 0.365625
3 0.2328125 0.1796875 0.196875 0.209375
2 0.56484375 0.09140625 0.1 0.18125
3 0.8640625 0.80234375 0.271875 0.3953125
3 0.74296875 0.2734375 0.134375 0.328125
3 0.08515625 0.490625 0.1625 0.30625
4 0.11953125 0.14453125 0.146875 0.190625
3 0.91640625 0.36171875 0.1671875 0.21875
0 0.525 0.771875 0.296875 0.45625
1 0.91953125 0.64375 0.159375 0.5609375
4 0.365625 0.215625 0.1 0.3