3 0.3203125 0.6609375 0.2875 0.3859375
4 0.62265625 0.878125 0.121875 0.23828125
1 0.56484375 0.115625 0.175 0.1640625
3 0.51015625 0.28125 0.2015625 0.31640625
2 0.43515625 0.0921875 0.09765625 0.18203125
3 0.8984375 0.71484375 0.196875 0.25
0 0.52578125 0.45390625 0.25703125 0.36640625
3 0.765625 0.18125 0.2 0.20703125
3 0.14453125 0.80390625 0.27734375 0.38828125
3 0.915625 0.4921875 0.16328125 0.3125
3 0.2578125 0.2859375 0.1328125 0.33515625
4 0.87890625 0.1453125 0.14921875 0.19140625
3 0.08359375 0.3609375 0.1671875 0.22109375
0 0.478125 0.7734375 0.296875 0.453125
4 0.63515625 0.2140625 0.1 0.30390625
1 0.08046875 0.6390625 0.16015625 0.57421875