3 0.3140625 0.678125 0.30625 0.36875
2 0.43359375 0.0953125 0.096875 0.1875
1 0.56328125 0.11484375 0.178125 0.165625
4 0.621875 0.88671875 0.1265625 0.2265625
3 0.509375 0.27890625 0.203125 0.315625
3 0.9 0.71640625 0.196875 0.2515625
0 0.52578125 0.45 0.2578125 0.35625
3 0.765625 0.178125 0.203125 0.2140625
3 0.915625 0.49296875 0.1625 0.3171875
3 0.13125 0.8234375 0.2625 0.353125
4 0.87734375 0.14375 0.15 0.1921875
4 0.6359375 0.21875 0.1 0.29375
0 0.50859375 0.76796875 0.271875 0.4484375
3 0.26328125 0.27421875 0.1265625 0.3234375
3 0.08359375 0.359375 0.1671875 0.2171875
1 0.08046875 0.64609375 0.1609375 0.56875