3 0.31796875 0.6859375 0.3625 0.309375
2 0.90390625 0.56640625 0.1890625 0.096875
1 0.88671875 0.43671875 0.1640625 0.178125
4 0.1140625 0.378125 0.228125 0.128125
3 0.72109375 0.490625 0.315625 0.2
3 0.284375 0.09921875 0.253125 0.1953125
0 0.55234375 0.4734375 0.353125 0.2578125
3 0.50703125 0.08359375 0.315625 0.1609375
3 0.81640625 0.234375 0.203125 0.2015625
3 0.18046875 0.86953125 0.3609375 0.2609375
0 0.23359375 0.48984375 0.4515625 0.26875
4 0.7734375 0.36484375 0.28125 0.1
3 0.7171875 0.7328125 0.321875 0.1234375
4 0.85703125 0.1234375 0.1890625 0.15
3 0.63828125 0.91484375 0.215625 0.1703125
1 0.334375 0.921875 0.571875 0.15625