3 0.315625 0.68671875 0.359375 0.3109375
1 0.88515625 0.4359375 0.165625 0.178125
2 0.90390625 0.56484375 0.1890625 0.096875
4 0.11171875 0.378125 0.221875 0.1265625
3 0.284375 0.10078125 0.2515625 0.196875
3 0.721875 0.490625 0.31875 0.2015625
3 0.8171875 0.23203125 0.203125 0.1984375
0 0.55234375 0.4734375 0.353125 0.25625
3 0.17109375 0.87109375 0.340625 0.2578125
0 0.234375 0.4890625 0.4546875 0.2703125
3 0.51171875 0.08359375 0.303125 0.1609375
4 0.7765625 0.3640625 0.2859375 0.096875
3 0.72890625 0.72578125 0.309375 0.11875
4 0.8578125 0.12890625 0.1921875 0.159375
3 0.63984375 0.91484375 0.215625 0.1703125
1 0.3515625 0.91953125 0.55625 0.1609375