1 0.88515625 0.56328125 0.165625 0.178125
3 0.31484375 0.3078125 0.3375 0.325
2 0.9046875 0.4328125 0.1875 0.09375
4 0.1125 0.621875 0.225 0.1265625
3 0.2859375 0.8984375 0.25625 0.2
3 0.71875 0.509375 0.3234375 0.20625
3 0.15703125 0.128125 0.3140625 0.25625
3 0.51171875 0.91640625 0.30625 0.1609375
0 0.55234375 0.5265625 0.353125 0.25625
3 0.81875 0.76484375 0.203125 0.203125
0 0.23671875 0.51171875 0.459375 0.2703125
3 0.73046875 0.2765625 0.309375 0.1203125
4 0.77421875 0.63515625 0.278125 0.096875
1 0.34765625 0.08046875 0.5515625 0.1609375
4 0.8578125 0.87109375 0.19375 0.1609375
3 0.6390625 0.0859375 0.215625 0.171875