1 0.56328125 0.11484375 0.1796875 0.1640625
2 0.43125 0.09609375 0.0890625 0.1875
4 0.62109375 0.88828125 0.128125 0.2234375
3 0.3015625 0.690625 0.3359375 0.328125
3 0.11953125 0.85859375 0.2390625 0.2828125
3 0.509375 0.28203125 0.20625 0.3203125
3 0.896875 0.7109375 0.2 0.2484375
0 0.5265625 0.446875 0.2578125 0.353125
3 0.76484375 0.184375 0.20625 0.2
3 0.9171875 0.48984375 0.1578125 0.3078125
0 0.51171875 0.7625 0.2734375 0.459375
1 0.0796875 0.66796875 0.159375 0.5484375
4 0.86875 0.14140625 0.1640625 0.19375
3 0.28203125 0.26796875 0.125 0.309375
4 0.63515625 0.22578125 0.096875 0.2796875
3 0.084375 0.3640625 0.16875 0.221875