1 0.5625 0.88515625 0.178125 0.165625
4 0.61796875 0.1125 0.1296875 0.225
2 0.4328125 0.90546875 0.0890625 0.1828125
3 0.51171875 0.71640625 0.2078125 0.3296875
3 0.896875 0.2875 0.2 0.253125
3 0.128125 0.121875 0.24375 0.24375
0 0.5265625 0.559375 0.2578125 0.346875
3 0.2984375 0.30625 0.34375 0.309375
3 0.76640625 0.82421875 0.203125 0.215625
3 0.284375 0.7359375 0.13125 0.321875
0 0.5125 0.240625 0.2765625 0.465625
4 0.63515625 0.7796875 0.096875 0.290625
4 0.86875 0.85859375 0.1640625 0.19375
3 0.0859375 0.63828125 0.171875 0.215625
1 0.08125 0.35234375 0.1625 0.5625
3 0.9140625 0.5265625 0.15 0.29375