1 0.43671875 0.884375 0.1796875 0.165625
2 0.5671875 0.90546875 0.0890625 0.1828125
4 0.38359375 0.1125 0.1265625 0.225
3 0.4875 0.715625 0.2078125 0.33125
3 0.1015625 0.28359375 0.2 0.259375
0 0.4734375 0.56015625 0.259375 0.346875
3 0.70625 0.29609375 0.3546875 0.321875
3 0.88125 0.1609375 0.2375 0.321875
0 0.4875 0.24296875 0.2765625 0.471875
3 0.090625 0.53359375 0.140625 0.2765625
3 0.234375 0.8203125 0.2046875 0.2078125
3 0.71484375 0.73984375 0.1328125 0.328125
4 0.13203125 0.8578125 0.165625 0.19375
1 0.92109375 0.32890625 0.1578125 0.5671875
4 0.36484375 0.78125 0.0984375 0.290625
3 0.915625 0.6359375 0.16875 0.2203125