2 0.57421875 0.0984375 0.0875 0.190625
1 0.4375 0.115625 0.1796875 0.16875
4 0.3859375 0.88984375 0.128125 0.2203125
3 0.4875 0.2828125 0.20625 0.328125
3 0.09921875 0.71640625 0.1953125 0.25625
0 0.47421875 0.44765625 0.259375 0.359375
3 0.23515625 0.17890625 0.2046875 0.2078125
1 0.9203125 0.6796875 0.159375 0.5921875
3 0.65 0.78359375 0.2484375 0.40625
3 0.8515625 0.8 0.28125 0.4
3 0.8984375 0.903125 0.203125 0.1875
4 0.12578125 0.14296875 0.15625 0.19375
3 0.7171875 0.26875 0.1390625 0.321875
0 0.4984375 0.75625 0.259375 0.471875
4 0.365625 0.228125 0.1 0.26875
3 0.915625 0.3625 0.16875 0.21875
3 0.09921875 0.46484375 0.11875 0.278125