2 0.5765625 0.90234375 0.090625 0.190625
1 0.4359375 0.88359375 0.1796875 0.165625
4 0.3859375 0.11171875 0.128125 0.221875
3 0.48828125 0.7203125 0.2078125 0.3328125
3 0.10234375 0.28515625 0.2015625 0.2546875
0 0.47421875 0.55546875 0.2578125 0.353125
3 0.85078125 0.21015625 0.2859375 0.40625
3 0.2359375 0.82578125 0.20625 0.2171875
1 0.9203125 0.32265625 0.159375 0.5921875
0 0.49609375 0.2421875 0.2625 0.46875
3 0.66875 0.21015625 0.284375 0.409375
3 0.71640625 0.72890625 0.1390625 0.3234375
4 0.1265625 0.85625 0.1578125 0.19375
4 0.36484375 0.77265625 0.1 0.271875
3 0.915625 0.640625 0.16875 0.215625
4 0.02578125 0.79296875 0.0515625 0.228125