1 0.88125 0.434375 0.159375 0.175
2 0.89765625 0.590625 0.2 0.10625
4 0.1140625 0.3859375 0.228125 0.128125
3 0.72265625 0.4890625 0.3375 0.20625
3 0.2859375 0.10078125 0.2546875 0.196875
3 0.20546875 0.85390625 0.4109375 0.2828125
0 0.54921875 0.4734375 0.35625 0.25625
3 0.21015625 0.6640625 0.3921875 0.25
1 0.3234375 0.92109375 0.58125 0.1578125
3 0.828125 0.2359375 0.21875 0.20625
3 0.7296875 0.71171875 0.321875 0.15625
4 0.8546875 0.12578125 0.19375 0.1578125
4 0.7796875 0.365625 0.28125 0.1
0 0.23359375 0.50234375 0.45 0.2453125
3 0.63515625 0.91640625 0.215625 0.1671875
3 0.61640625 0.10625 0.228125 0.209375