1 0.43671875 0.88125 0.171875 0.159375
4 0.3859375 0.1125 0.128125 0.225
3 0.48828125 0.721875 0.209375 0.334375
2 0.5921875 0.9 0.10625 0.196875
3 0.10078125 0.28515625 0.196875 0.253125
3 0.8546875 0.20546875 0.2796875 0.4109375
0 0.4734375 0.5515625 0.25625 0.3515625
3 0.2359375 0.8296875 0.20625 0.221875
3 0.67109375 0.2078125 0.253125 0.396875
1 0.92109375 0.3296875 0.1578125 0.565625
3 0.71328125 0.73046875 0.153125 0.321875
4 0.12578125 0.85546875 0.15625 0.190625
4 0.365625 0.78125 0.1 0.284375
3 0.91640625 0.63359375 0.1671875 0.221875
0 0.50390625 0.234375 0.240625 0.453125
3 0.10234375 0.609375 0.2 0.2375