1 0.56328125 0.11953125 0.17265625 0.1578125
4 0.6140625 0.88671875 0.12578125 0.22578125
3 0.5109375 0.27578125 0.20703125 0.334375
2 0.40859375 0.1015625 0.10859375 0.1984375
3 0.9 0.715625 0.196875 0.25859375
3 0.14609375 0.79453125 0.28125 0.41015625
0 0.5265625 0.45 0.25703125 0.3546875
3 0.32734375 0.79296875 0.2484375 0.396875
1 0.07890625 0.6703125 0.1578125 0.5625
3 0.76328125 0.171875 0.20625 0.21796875
3 0.89765625 0.38671875 0.19921875 0.228125
4 0.634375 0.21484375 0.1 0.29140625
4 0.875 0.1453125 0.15703125 0.19140625
3 0.2859375 0.26875 0.15546875 0.31875
0 0.49765625 0.7609375 0.2421875 0.46171875
3 0.08359375 0.3671875 0.1671875 0.221875