1 0.1203125 0.56015625 0.15625 0.1671875
4 0.88671875 0.61640625 0.2265625 0.1265625
3 0.2765625 0.51484375 0.3375 0.2125
2 0.10625 0.4046875 0.20625 0.103125
3 0.46796875 0.88359375 0.23125 0.09375
3 0.709375 0.896875 0.25625 0.203125
3 0.79765625 0.32265625 0.390625 0.23125
3 0.796875 0.13671875 0.40625 0.2734375
0 0.44453125 0.52734375 0.3515625 0.25625
1 0.6828125 0.078125 0.571875 0.15625
4 0.14609375 0.875 0.1921875 0.1578125
0 0.76953125 0.49921875 0.44375 0.2390625
3 0.27109375 0.2890625 0.31875 0.16875
3 0.17734375 0.76328125 0.203125 0.20625
3 0.36796875 0.0796875 0.2203125 0.159375
3 0.38203125 0.8921875 0.23125 0.1984375
4 0.21328125 0.63515625 0.29375 0.1