1 0.56015625 0.1203125 0.1703125 0.15546875
2 0.4046875 0.10390625 0.10078125 0.20234375
4 0.61484375 0.8859375 0.12578125 0.228125
3 0.88359375 0.46796875 0.09296875 0.22109375
3 0.5140625 0.2765625 0.2125 0.33515625
3 0.28671875 0.80390625 0.3015625 0.39140625
3 0.896875 0.71171875 0.2015625 0.2625
3 0.1375 0.79609375 0.275 0.4078125
0 0.52734375 0.4484375 0.25625 0.35
4 0.87421875 0.14609375 0.15859375 0.19375
1 0.078125 0.68125 0.15625 0.571875
0 0.5 0.7734375 0.23984375 0.43515625
3 0.28671875 0.27734375 0.1734375 0.32109375
3 0.765625 0.15625 0.20546875 0.23671875
3 0.07890625 0.3671875 0.1578125 0.22109375
4 0.634375 0.2125 0.0984375 0.29140625
3 0.88984375 0.38046875 0.18984375 0.22421875