1 0.878125 0.559375 0.15625 0.171875
4 0.11171875 0.61640625 0.221875 0.1265625
3 0.19453125 0.27421875 0.3875 0.303125
2 0.903125 0.4046875 0.190625 0.103125
3 0.7234375 0.5140625 0.328125 0.2125
3 0.29140625 0.8953125 0.265625 0.20625
3 0.53515625 0.8828125 0.209375 0.0921875
0 0.546875 0.52734375 0.359375 0.25625
3 0.20390625 0.13828125 0.40625 0.2765625
4 0.85390625 0.875 0.190625 0.1578125
3 0.721875 0.290625 0.3203125 0.178125
0 0.225 0.5015625 0.43125 0.24375
1 0.32109375 0.07890625 0.5625 0.1578125
3 0.63046875 0.08359375 0.2109375 0.165625
3 0.8265625 0.7625 0.215625 0.203125
4 0.78515625 0.63515625 0.2890625 0.0984375
3 0.634375 0.8828125 0.175 0.1796875