1 0.43984375 0.87890625 0.171875 0.15625
2 0.596875 0.903125 0.1078125 0.190625
4 0.38359375 0.11328125 0.125 0.2265625
3 0.4859375 0.72109375 0.2125 0.33125
3 0.72578125 0.19375 0.3015625 0.3875
3 0.1046875 0.2984375 0.2046875 0.25625
3 0.1171875 0.534375 0.09375 0.20625
0 0.47265625 0.54921875 0.25625 0.3546875
3 0.86171875 0.203125 0.2765625 0.40625
3 0.7078125 0.721875 0.184375 0.31875
4 0.12421875 0.85390625 0.15625 0.19375
0 0.49765625 0.225 0.24375 0.43125
1 0.92109375 0.31953125 0.15625 0.578125
3 0.23515625 0.83203125 0.20625 0.228125
4 0.36484375 0.78359375 0.0984375 0.290625
3 0.91640625 0.62734375 0.165625 0.2125