1 0.12109375 0.43984375 0.15625 0.171875
2 0.09375 0.59765625 0.184375 0.1078125
4 0.8859375 0.384375 0.228125 0.125
3 0.80703125 0.7265625 0.384375 0.3015625
3 0.278125 0.48671875 0.328125 0.2109375
3 0.703125 0.10546875 0.259375 0.20625
3 0.4671875 0.1171875 0.203125 0.09375
0 0.4453125 0.48671875 0.346875 0.2546875
3 0.79765625 0.86171875 0.4046875 0.2765625
4 0.1453125 0.12578125 0.1921875 0.15625
0 0.775 0.496875 0.43125 0.2453125
3 0.278125 0.70703125 0.31875 0.184375
1 0.67890625 0.92109375 0.56875 0.1578125
4 0.2171875 0.3640625 0.290625 0.096875
3 0.1578125 0.2375 0.2375 0.20625
3 0.3734375 0.9171875 0.2140625 0.165625
3 0.36484375 0.11953125 0.171875 0.175