1 0.43984375 0.87890625 0.171875 0.15625
2 0.59765625 0.90625 0.1078125 0.184375
4 0.384375 0.1140625 0.125 0.228125
3 0.7265625 0.19296875 0.3015625 0.384375
3 0.48671875 0.721875 0.2109375 0.328125
3 0.10546875 0.296875 0.20625 0.259375
3 0.1171875 0.5328125 0.09375 0.203125
0 0.48671875 0.5546875 0.2546875 0.346875
3 0.86171875 0.20234375 0.275 0.4046875
4 0.12578125 0.8546875 0.15625 0.1921875
0 0.496875 0.225 0.24375 0.43125
3 0.70703125 0.721875 0.184375 0.31875
1 0.92109375 0.32109375 0.1578125 0.56875
4 0.3640625 0.7828125 0.096875 0.290625
3 0.2375 0.8421875 0.20625 0.2375
3 0.9171875 0.6265625 0.165625 0.2140625
3 0.11953125 0.63515625 0.175 0.171875