1 0.87890625 0.5609375 0.15625 0.171875
2 0.90625 0.40078125 0.184375 0.1125
4 0.1125 0.6171875 0.225 0.125
3 0.72109375 0.5140625 0.328125 0.2125
3 0.19296875 0.27265625 0.3859375 0.3
3 0.30390625 0.8953125 0.25 0.2046875
3 0.53359375 0.8828125 0.196875 0.0953125
3 0.20234375 0.13828125 0.4046875 0.275
0 0.55859375 0.52734375 0.34375 0.2546875
0 0.2265625 0.50234375 0.4328125 0.24375
3 0.721875 0.29375 0.315625 0.184375
4 0.85234375 0.875 0.19375 0.159375
1 0.315625 0.07890625 0.5734375 0.1578125
4 0.78203125 0.63515625 0.2875 0.0984375
3 0.8328125 0.7640625 0.2296875 0.20625
3 0.62734375 0.0828125 0.2125 0.165625