1 0.5625 0.12109375 0.171875 0.15546875
4 0.61796875 0.8875 0.1234375 0.22421875
3 0.5140625 0.27734375 0.21171875 0.33046875
3 0.8953125 0.69296875 0.2046875 0.246875
3 0.271875 0.80625 0.3 0.3875
2 0.4015625 0.09453125 0.1109375 0.1859375
0 0.52734375 0.4421875 0.25390625 0.3453125
3 0.88359375 0.4671875 0.0953125 0.19609375
3 0.1375 0.796875 0.275 0.40546875
4 0.87421875 0.1453125 0.159375 0.1921875
0 0.5015625 0.77421875 0.24296875 0.43203125
3 0.29375 0.27734375 0.184375 0.3140625
4 0.63515625 0.21796875 0.09765625 0.2890625
1 0.07890625 0.67734375 0.1578125 0.5796875
3 0.0828125 0.371875 0.165625 0.20703125
3 0.76328125 0.1671875 0.20625 0.2296875
3 0.88046875 0.36328125 0.171875 0.16171875