1 0.5625 0.12109375 0.17578125 0.15546875
4 0.6171875 0.8875 0.12265625 0.22421875
3 0.51328125 0.2765625 0.209375 0.33046875
3 0.8953125 0.690625 0.20625 0.24453125
0 0.5265625 0.45 0.25546875 0.3609375
3 0.26640625 0.80546875 0.29453125 0.3890625
3 0.8828125 0.46796875 0.09453125 0.19765625
3 0.1375 0.796875 0.275 0.40625
4 0.8734375 0.14609375 0.1609375 0.19140625
3 0.2953125 0.278125 0.18515625 0.3140625
2 0.4015625 0.09765625 0.109375 0.18984375
4 0.63515625 0.21875 0.0984375 0.2859375
0 0.50234375 0.77421875 0.2453125 0.43125
3 0.7609375 0.1703125 0.2015625 0.22578125
1 0.07890625 0.67421875 0.1578125 0.56328125
3 0.08359375 0.375 0.16640625 0.20625
3 0.88046875 0.36953125 0.17109375 0.16953125