1 0.121875 0.4390625 0.15625 0.171875
4 0.88671875 0.38359375 0.2265625 0.125
2 0.08984375 0.6 0.1796875 0.1171875
3 0.27890625 0.48828125 0.3328125 0.209375
3 0.69140625 0.10390625 0.24375 0.2015625
0 0.4578125 0.4734375 0.3671875 0.253125
3 0.46328125 0.115625 0.19375 0.103125
3 0.79765625 0.8625 0.403125 0.275
4 0.14609375 0.12578125 0.190625 0.159375
3 0.80390625 0.75703125 0.3921875 0.325
4 0.215625 0.365625 0.290625 0.0984375
3 0.16640625 0.2375 0.23125 0.203125
0 0.77265625 0.49296875 0.4359375 0.25625
3 0.271875 0.696875 0.315625 0.1828125
1 0.6765625 0.92109375 0.5625 0.1578125
3 0.375 0.9171875 0.20625 0.165625
3 0.36015625 0.11953125 0.14375 0.16875