1 0.56171875 0.12109375 0.17421875 0.15546875
2 0.3921875 0.0953125 0.13125 0.18828125
4 0.61328125 0.8890625 0.1359375 0.221875
3 0.5109375 0.28203125 0.20625 0.3375
3 0.89296875 0.67734375 0.21015625 0.2484375
3 0.87890625 0.46328125 0.10078125 0.1828125
0 0.52734375 0.45546875 0.2546875 0.3640625
4 0.875 0.1453125 0.16015625 0.1921875
3 0.13671875 0.79765625 0.2734375 0.4046875
0 0.49609375 0.76953125 0.2578125 0.44609375
4 0.63515625 0.2203125 0.09765625 0.2875
3 0.759375 0.16171875 0.19765625 0.21328125
3 0.23828125 0.80078125 0.3171875 0.3984375
3 0.29609375 0.27421875 0.19296875 0.30703125
3 0.878125 0.35859375 0.1609375 0.14375
1 0.07890625 0.678125 0.1578125 0.5640625
3 0.0828125 0.37734375 0.165625 0.215625