1 0.56171875 0.121875 0.175 0.15546875
4 0.61328125 0.88828125 0.13671875 0.2234375
2 0.38984375 0.0953125 0.1359375 0.18828125
3 0.89375 0.678125 0.20703125 0.25703125
3 0.51171875 0.28125 0.20625 0.3375
0 0.52734375 0.45546875 0.25546875 0.3640625
3 0.88046875 0.46171875 0.1 0.18203125
3 0.13671875 0.79609375 0.2734375 0.4078125
4 0.87734375 0.146875 0.15859375 0.1953125
0 0.496875 0.76875 0.25859375 0.446875
3 0.7578125 0.1640625 0.1984375 0.221875
3 0.2359375 0.80078125 0.31796875 0.3984375
4 0.63515625 0.22109375 0.0984375 0.28359375
3 0.08359375 0.37578125 0.1671875 0.2078125
1 0.07890625 0.6796875 0.15703125 0.56328125
3 0.8796875 0.36171875 0.15546875 0.1515625
3 0.29921875 0.26796875 0.1921875 0.3015625