1 0.4390625 0.121875 0.1734375 0.15625
3 0.4875 0.28125 0.20625 0.3390625
4 0.38984375 0.8859375 0.1359375 0.228125
3 0.2484375 0.15546875 0.184375 0.2125
0 0.47265625 0.453125 0.2546875 0.35625
4 0.121875 0.146875 0.15625 0.1875
2 0.61640625 0.103125 0.1515625 0.1984375
3 0.103125 0.66328125 0.20625 0.2546875
3 0.11875 0.4546875 0.103125 0.1640625
3 0.8640625 0.79609375 0.271875 0.4078125
4 0.36640625 0.21875 0.0984375 0.2875
0 0.503125 0.7703125 0.259375 0.4515625
3 0.12421875 0.34453125 0.1515625 0.1578125
3 0.9140625 0.37578125 0.171875 0.2078125
1 0.92109375 0.6765625 0.1578125 0.5609375
3 0.70703125 0.2625 0.20625 0.2859375
3 0.77265625 0.80625 0.31875 0.3875