1 0.878125 0.4390625 0.15625 0.1734375
4 0.11328125 0.38984375 0.2265625 0.1375
3 0.71875 0.4875 0.34375 0.20625
3 0.84375 0.24765625 0.21875 0.18125
4 0.85390625 0.12265625 0.1875 0.1578125
3 0.54609375 0.11875 0.1640625 0.103125
0 0.54765625 0.47265625 0.353125 0.253125
3 0.340625 0.1015625 0.2484375 0.203125
2 0.896875 0.61640625 0.1984375 0.1515625
3 0.2046875 0.8640625 0.409375 0.271875
0 0.2296875 0.50234375 0.4515625 0.2578125
3 0.65625 0.1234375 0.1609375 0.146875
4 0.78125 0.36640625 0.2875 0.0984375
3 0.6234375 0.915625 0.2078125 0.16875
1 0.33046875 0.92109375 0.55 0.1578125
3 0.73515625 0.70625 0.290625 0.2078125
3 0.20234375 0.74140625 0.3953125 0.2453125