1 0.5609375 0.12109375 0.1734375 0.15625
4 0.609375 0.8859375 0.1390625 0.228125
3 0.5125 0.28125 0.20625 0.3375
0 0.5265625 0.45078125 0.2546875 0.3515625
3 0.75078125 0.16328125 0.1890625 0.21875
4 0.634375 0.21875 0.1 0.290625
3 0.87578125 0.34453125 0.14375 0.1671875
3 0.14609375 0.79765625 0.2828125 0.403125
0 0.4984375 0.77109375 0.25625 0.45
3 0.88203125 0.45390625 0.103125 0.1625
4 0.878125 0.146875 0.15625 0.1890625
3 0.89921875 0.65859375 0.2 0.25
1 0.07890625 0.6734375 0.1578125 0.55
3 0.084375 0.3765625 0.16875 0.2078125
3 0.2921875 0.2546875 0.2125 0.271875
3 0.3765625 0.10078125 0.15 0.2