1 0.87890625 0.43984375 0.15625 0.175
4 0.11484375 0.390625 0.228125 0.140625
3 0.84296875 0.2484375 0.221875 0.18125
3 0.7203125 0.48671875 0.3421875 0.2078125
0 0.5515625 0.47265625 0.35 0.25625
3 0.54453125 0.1203125 0.165625 0.1
3 0.34453125 0.1015625 0.246875 0.2
4 0.78125 0.36640625 0.2890625 0.0984375
3 0.65546875 0.1265625 0.16875 0.1453125
0 0.23046875 0.50234375 0.446875 0.253125
3 0.20390625 0.85546875 0.4078125 0.2828125
4 0.8515625 0.12109375 0.1875 0.15625
3 0.62578125 0.91640625 0.2078125 0.1671875
3 0.740625 0.7078125 0.284375 0.2140625
1 0.33203125 0.9203125 0.540625 0.159375
3 0.8984375 0.6265625 0.2 0.146875