1 0.12109375 0.5609375 0.15625 0.175
4 0.88515625 0.6078125 0.2296875 0.140625
3 0.15625 0.75078125 0.2125 0.178125
3 0.27734375 0.51171875 0.346875 0.2078125
0 0.44921875 0.52734375 0.35 0.25625
3 0.45703125 0.88125 0.159375 0.1
0 0.76796875 0.5 0.44375 0.25625
4 0.2203125 0.63359375 0.2875 0.1
3 0.796875 0.14609375 0.40625 0.2828125
4 0.14609375 0.88046875 0.1859375 0.153125
3 0.659375 0.8984375 0.246875 0.2015625
3 0.34453125 0.8734375 0.171875 0.1421875
3 0.37265625 0.08359375 0.20625 0.1671875
2 0.10234375 0.37421875 0.2 0.1484375
3 0.26640625 0.290625 0.296875 0.2125
1 0.6609375 0.07890625 0.528125 0.1578125