1 0.87890625 0.43984375 0.1546875 0.1734375
3 0.84140625 0.2515625 0.21875 0.178125
3 0.72421875 0.4875 0.3421875 0.20625
4 0.115625 0.3921875 0.23125 0.14375
0 0.55703125 0.4859375 0.340625 0.25625
3 0.53984375 0.11953125 0.165625 0.1
4 0.85234375 0.11953125 0.1875 0.153125
0 0.23359375 0.4984375 0.446875 0.25625
4 0.78125 0.36640625 0.2875 0.1
3 0.203125 0.8640625 0.40625 0.271875
3 0.6546875 0.12578125 0.175 0.140625
3 0.34296875 0.10078125 0.24375 0.2
3 0.73125 0.70859375 0.3 0.2125
2 0.90546875 0.6328125 0.1890625 0.146875
1 0.3265625 0.92109375 0.553125 0.1578125
3 0.625 0.91484375 0.2125 0.1703125