1 0.56171875 0.12109375 0.1765625 0.15625
2 0.37421875 0.10234375 0.15078125 0.19921875
3 0.5125 0.2734375 0.20859375 0.33671875
3 0.296875 0.27265625 0.225 0.29140625
4 0.6078125 0.8828125 0.140625 0.234375
3 0.746875 0.15703125 0.17734375 0.21953125
0 0.5140625 0.43984375 0.25546875 0.3359375
4 0.88046875 0.14765625 0.1515625 0.18671875
3 0.8953125 0.65390625 0.2046875 0.2375
3 0.88203125 0.46328125 0.09921875 0.15625
3 0.1375 0.796875 0.275 0.40390625
3 0.87421875 0.34765625 0.1390625 0.175
4 0.63359375 0.22265625 0.0984375 0.27734375
0 0.503125 0.759375 0.24609375 0.446875
3 0.084375 0.37109375 0.16796875 0.2109375
1 0.07890625 0.67578125 0.1578125 0.5625