1 0.87890625 0.56171875 0.15625 0.1765625
2 0.89765625 0.37421875 0.2 0.15
3 0.7265625 0.5125 0.3375 0.209375
3 0.72734375 0.296875 0.290625 0.225
4 0.1171875 0.6078125 0.234375 0.140625
3 0.84296875 0.746875 0.21875 0.178125
0 0.56015625 0.5140625 0.3359375 0.25625
4 0.85234375 0.88046875 0.1875 0.1515625
3 0.34609375 0.8953125 0.2375 0.2046875
3 0.53671875 0.88203125 0.15625 0.1
3 0.203125 0.1375 0.403125 0.275
3 0.65234375 0.87421875 0.175 0.1390625
4 0.77734375 0.63359375 0.278125 0.0984375
0 0.240625 0.503125 0.446875 0.246875
3 0.62890625 0.084375 0.2109375 0.16875
1 0.32421875 0.07890625 0.5625 0.1578125