1 0.88125 0.4390625 0.159375 0.178125
2 0.91015625 0.63359375 0.178125 0.1484375
3 0.72578125 0.48671875 0.334375 0.209375
3 0.84453125 0.25234375 0.221875 0.175
4 0.1171875 0.39140625 0.234375 0.140625
3 0.53671875 0.11875 0.1546875 0.1
0 0.55546875 0.471875 0.3421875 0.25625
3 0.7328125 0.70234375 0.284375 0.221875
4 0.77734375 0.36640625 0.275 0.0984375
3 0.203125 0.8625 0.40625 0.275
0 0.240625 0.49765625 0.4484375 0.24375
3 0.34765625 0.1 0.2375 0.1984375
3 0.65234375 0.125 0.175 0.1375
4 0.85 0.11796875 0.184375 0.153125
3 0.62734375 0.91484375 0.209375 0.1703125
1 0.32734375 0.92109375 0.559375 0.1578125