1 0.5609375 0.12109375 0.17578125 0.15546875
2 0.36640625 0.0890625 0.15390625 0.178125
3 0.74765625 0.15703125 0.17734375 0.221875
3 0.5125 0.275 0.20625 0.33203125
4 0.61015625 0.88359375 0.13828125 0.23203125
3 0.30859375 0.26015625 0.228125 0.26328125
0 0.50078125 0.76015625 0.2390625 0.45078125
4 0.634375 0.22109375 0.096875 0.28203125
3 0.1375 0.79609375 0.275 0.4078125
0 0.528125 0.44296875 0.25546875 0.33515625
3 0.89453125 0.6578125 0.20625 0.24375
3 0.88046875 0.4609375 0.096875 0.153125
4 0.8828125 0.14765625 0.14765625 0.1859375
3 0.87578125 0.346875 0.1359375 0.171875
3 0.08203125 0.36875 0.1640625 0.2125
1 0.0796875 0.675 0.159375 0.575