2 0.10078125 0.63828125 0.19375 0.171875
1 0.121875 0.43828125 0.15625 0.178125
3 0.159375 0.253125 0.21875 0.178125
3 0.27734375 0.48671875 0.3328125 0.20625
4 0.87890625 0.390625 0.2421875 0.1328125
0 0.7609375 0.50234375 0.453125 0.2328125
3 0.271875 0.69765625 0.271875 0.23125
4 0.22265625 0.36640625 0.2765625 0.096875
0 0.4390625 0.48515625 0.3328125 0.25625
3 0.79609375 0.8625 0.4078125 0.275
3 0.6609375 0.1078125 0.2546875 0.209375
4 0.1484375 0.11796875 0.184375 0.1515625
3 0.346875 0.12578125 0.175 0.134375
3 0.365625 0.91640625 0.2109375 0.1671875
1 0.67734375 0.9203125 0.56875 0.159375
3 0.46328125 0.11875 0.14375 0.096875