2 0.36171875 0.10078125 0.171875 0.19453125
1 0.56171875 0.121875 0.17734375 0.15625
3 0.746875 0.159375 0.17890625 0.21875
3 0.51328125 0.27734375 0.20546875 0.3328125
4 0.609375 0.87890625 0.1328125 0.2421875
0 0.49765625 0.7609375 0.2328125 0.45234375
3 0.30234375 0.271875 0.23046875 0.27265625
4 0.63359375 0.22265625 0.096875 0.2765625
0 0.51484375 0.4390625 0.25546875 0.3328125
3 0.1375 0.79609375 0.275 0.4078125
3 0.8921875 0.6609375 0.21015625 0.2546875
4 0.88203125 0.1484375 0.1515625 0.184375
3 0.87421875 0.346875 0.134375 0.17421875
3 0.08359375 0.365625 0.1671875 0.2109375
1 0.0796875 0.67734375 0.159375 0.56953125
3 0.88125 0.46328125 0.09765625 0.14296875