1 0.12109375 0.43828125 0.15625 0.178125
2 0.10234375 0.6453125 0.184375 0.1796875
3 0.1578125 0.25078125 0.21875 0.18125
3 0.27578125 0.48203125 0.325 0.2078125
4 0.87890625 0.38828125 0.2421875 0.13125
3 0.65234375 0.103125 0.2515625 0.2015625
0 0.76015625 0.50390625 0.45 0.2328125
0 0.4390625 0.47109375 0.3375 0.2546875
3 0.7953125 0.8609375 0.40625 0.278125
3 0.27734375 0.6984375 0.265625 0.225
4 0.22109375 0.36484375 0.2734375 0.09375
4 0.14765625 0.11953125 0.1875 0.153125
3 0.3421875 0.1296875 0.1828125 0.128125
1 0.678125 0.9203125 0.565625 0.159375
3 0.36953125 0.91640625 0.225 0.1671875