1 0.5625 0.87890625 0.178125 0.15625
2 0.353125 0.89609375 0.18125 0.184375
4 0.88203125 0.853125 0.15 0.1875
3 0.7484375 0.84453125 0.178125 0.221875
3 0.5171875 0.72265625 0.209375 0.328125
4 0.61015625 0.1203125 0.134375 0.240625
0 0.5 0.24296875 0.2375 0.446875
3 0.303125 0.72578125 0.21875 0.259375
3 0.86328125 0.6765625 0.1171875 0.16875
0 0.528125 0.5625 0.2546875 0.3328125
3 0.89375 0.34375 0.2078125 0.265625
4 0.634375 0.77890625 0.096875 0.271875
3 0.14765625 0.2125 0.2796875 0.4078125
3 0.0828125 0.628125 0.165625 0.225
1 0.07890625 0.3359375 0.1578125 0.5390625
3 0.91640625 0.4953125 0.15625 0.215625