2 0.35546875 0.89453125 0.178125 0.1859375
1 0.56171875 0.88203125 0.1796875 0.159375
3 0.74921875 0.84296875 0.18125 0.2171875
3 0.515625 0.72265625 0.2125 0.334375
0 0.50703125 0.24609375 0.2421875 0.440625
3 0.3140625 0.721875 0.2234375 0.2578125
3 0.86171875 0.68515625 0.11875 0.15625
4 0.88203125 0.853125 0.15 0.1875
4 0.60859375 0.11875 0.1359375 0.2375
0 0.52890625 0.56484375 0.253125 0.328125
3 0.90234375 0.3640625 0.190625 0.246875
4 0.63515625 0.77578125 0.0953125 0.275
3 0.14765625 0.2109375 0.2796875 0.4109375
3 0.08515625 0.6296875 0.1703125 0.2234375
1 0.07890625 0.3234375 0.1578125 0.5640625
3 0.9109375 0.50703125 0.16875 0.2359375