2 0.10546875 0.64375 0.184375 0.178125
1 0.11796875 0.4375 0.159375 0.18125
0 0.753125 0.49453125 0.440625 0.2390625
4 0.1484375 0.1171875 0.184375 0.1484375
3 0.27578125 0.484375 0.334375 0.2125
3 0.2765625 0.69453125 0.2640625 0.21875
3 0.31328125 0.1390625 0.153125 0.11875
4 0.8796875 0.38984375 0.240625 0.1390625
3 0.15390625 0.2515625 0.21875 0.18125
3 0.63515625 0.09765625 0.2453125 0.190625
0 0.4375 0.4703125 0.33125 0.253125
4 0.22421875 0.365625 0.275 0.096875
3 0.78984375 0.85234375 0.409375 0.2796875
3 0.3703125 0.9140625 0.221875 0.171875
1 0.67734375 0.92109375 0.5625 0.1578125
3 0.490625 0.0890625 0.225 0.16875