2 0.35703125 0.10625 0.178125 0.1875
1 0.56328125 0.121875 0.18125 0.15625
0 0.50546875 0.75390625 0.240625 0.440625
3 0.515625 0.2765625 0.2125 0.33125
3 0.8609375 0.31328125 0.11875 0.153125
3 0.30390625 0.275 0.2203125 0.2609375
4 0.609375 0.8796875 0.1390625 0.240625
4 0.88203125 0.14765625 0.1484375 0.1859375
3 0.75 0.15703125 0.18125 0.2171875
0 0.52890625 0.43671875 0.2546875 0.33125
3 0.90390625 0.62734375 0.1875 0.2421875
4 0.63515625 0.2234375 0.0953125 0.275
3 0.14765625 0.78984375 0.2796875 0.4125
3 0.084375 0.36640625 0.16875 0.21875
1 0.07890625 0.6765625 0.1578125 0.565625
3 0.9109375 0.4921875 0.16875 0.2234375