2 0.35703125 0.10625 0.175 0.1875
1 0.56328125 0.12109375 0.18125 0.15625
3 0.515625 0.27578125 0.2125 0.334375
0 0.503125 0.75390625 0.240625 0.440625
3 0.75 0.15859375 0.18125 0.215625
3 0.85703125 0.31171875 0.128125 0.15
3 0.30234375 0.27578125 0.221875 0.259375
4 0.8828125 0.146875 0.1484375 0.184375
4 0.61015625 0.87890625 0.1390625 0.2421875
3 0.90390625 0.62578125 0.1875 0.240625
0 0.52890625 0.43671875 0.253125 0.33125
4 0.634375 0.2234375 0.096875 0.275
3 0.14765625 0.7890625 0.2796875 0.4125
3 0.084375 0.365625 0.16875 0.2140625
1 0.07890625 0.6734375 0.1578125 0.55625
3 0.91171875 0.4828125 0.165625 0.18125