2 0.89296875 0.64140625 0.1875 0.175
1 0.87890625 0.43671875 0.15625 0.1796875
0 0.25078125 0.49921875 0.434375 0.2453125
3 0.71953125 0.7015625 0.275 0.221875
3 0.725 0.48515625 0.3375 0.215625
3 0.6875 0.14453125 0.15 0.134375
4 0.12109375 0.390625 0.240625 0.1375
4 0.8546875 0.115625 0.184375 0.140625
0 0.56328125 0.484375 0.3234375 0.253125
3 0.83828125 0.24921875 0.21875 0.1859375
3 0.3734375 0.09765625 0.25625 0.1875
4 0.778125 0.365625 0.275 0.096875
3 0.21015625 0.85234375 0.4125 0.2796875
3 0.634375 0.91171875 0.2125 0.1765625
3 0.52109375 0.08671875 0.190625 0.1625
1 0.3234375 0.92109375 0.56875 0.1578125