2 0.10703125 0.3578125 0.190625 0.175
1 0.121875 0.56328125 0.15625 0.18125
3 0.28125 0.29921875 0.275 0.2234375
0 0.74921875 0.50078125 0.434375 0.246875
3 0.3125 0.85625 0.15 0.134375
3 0.2765625 0.51484375 0.3375 0.215625
4 0.88125 0.6078125 0.2375 0.1375
3 0.16171875 0.75 0.21875 0.1875
0 0.434375 0.5296875 0.321875 0.253125
4 0.14296875 0.88359375 0.1875 0.14375
4 0.22109375 0.634375 0.278125 0.096875
3 0.64375 0.8984375 0.275 0.196875
3 0.7953125 0.14140625 0.409375 0.2828125
3 0.36484375 0.090625 0.209375 0.18125
1 0.6796875 0.07890625 0.565625 0.1578125
3 0.47890625 0.9125 0.1890625 0.1640625