3 0.71328125 0.3015625 0.290625 0.2125
2 0.896875 0.36015625 0.190625 0.178125
3 0.71640625 0.51953125 0.35625 0.21875
0 0.56328125 0.525 0.321875 0.25
0 0.25390625 0.50078125 0.44375 0.2453125
4 0.2046875 0.140625 0.409375 0.28125
1 0.37890625 0.08125 0.4640625 0.1625
3 0.64453125 0.09140625 0.2109375 0.1828125
4 0.12421875 0.60390625 0.246875 0.1484375
3 0.35390625 0.9 0.26875 0.2
3 0.53359375 0.9171875 0.171875 0.165625
3 0.690625 0.85234375 0.146875 0.140625
3 0.840625 0.75 0.2125 0.18125
1 0.87890625 0.56640625 0.175 0.178125
4 0.79296875 0.63046875 0.259375 0.103125
4 0.8515625 0.87890625 0.190625 0.1484375
4 0.765625 0.9734375 0.2625 0.053125