2 0.6421875 0.89375 0.175 0.1875
1 0.4359375 0.878125 0.18125 0.1546875
3 0.70390625 0.70546875 0.21875 0.3015625
0 0.5 0.253125 0.246875 0.43125
4 0.390625 0.11953125 0.140625 0.2390625
3 0.4859375 0.7234375 0.215625 0.340625
3 0.14296875 0.6875 0.1328125 0.15
3 0.24921875 0.834375 0.1875 0.2125
4 0.115625 0.85625 0.1421875 0.184375
0 0.46953125 0.565625 0.2515625 0.325
3 0.10234375 0.35390625 0.2 0.275
3 0.85234375 0.2109375 0.278125 0.4125
4 0.365625 0.78125 0.096875 0.2796875
3 0.91015625 0.6328125 0.1796875 0.2125
1 0.92109375 0.32578125 0.1578125 0.553125
3 0.08828125 0.5234375 0.165625 0.165625