2 0.35625 0.89296875 0.1734375 0.190625
1 0.5640625 0.878125 0.1796875 0.15625
3 0.2953125 0.684375 0.215625 0.3375
0 0.49453125 0.2546875 0.234375 0.43125
3 0.5140625 0.72421875 0.2171875 0.340625
3 0.85859375 0.6875 0.1234375 0.153125
4 0.6078125 0.1171875 0.1375 0.234375
3 0.8984375 0.35078125 0.196875 0.26875
0 0.5296875 0.5640625 0.253125 0.325
3 0.75078125 0.8375 0.1875 0.215625
4 0.88515625 0.8546875 0.140625 0.184375
4 0.634375 0.77734375 0.096875 0.278125
3 0.0921875 0.634375 0.184375 0.209375
3 0.1484375 0.21015625 0.2796875 0.4125
3 0.91328125 0.51875 0.1640625 0.1625
1 0.07890625 0.32578125 0.1578125 0.559375