2 0.64296875 0.1078125 0.175 0.190625
1 0.43671875 0.121875 0.18125 0.15625
3 0.70078125 0.31796875 0.2125 0.3375
0 0.5 0.74453125 0.2453125 0.4328125
3 0.48515625 0.27734375 0.2171875 0.340625
3 0.103125 0.65234375 0.2015625 0.265625
3 0.1421875 0.31328125 0.121875 0.15625
4 0.3921875 0.88203125 0.1375 0.2359375
3 0.25 0.16171875 0.1859375 0.215625
0 0.46953125 0.43671875 0.253125 0.328125
4 0.115625 0.14296875 0.140625 0.1875
4 0.365625 0.221875 0.096875 0.278125
3 0.909375 0.365625 0.18125 0.209375
3 0.853125 0.7890625 0.278125 0.4125
3 0.08046875 0.4953125 0.1609375 0.1984375
1 0.92109375 0.67265625 0.1578125 0.55625