2 0.35703125 0.10859375 0.1765625 0.1921875
1 0.5625 0.12109375 0.1796875 0.15546875
3 0.3 0.32109375 0.2125 0.3375
0 0.5015625 0.74375 0.246875 0.43125
3 0.51484375 0.2765625 0.21640625 0.340625
3 0.85859375 0.315625 0.1203125 0.1609375
3 0.89609375 0.65234375 0.20234375 0.26640625
4 0.6078125 0.88203125 0.1375 0.2359375
0 0.53046875 0.4359375 0.253125 0.3265625
3 0.75 0.1609375 0.18515625 0.22109375
4 0.88515625 0.146875 0.13984375 0.184375
3 0.09140625 0.36640625 0.1828125 0.2109375
4 0.634375 0.221875 0.096875 0.2765625
3 0.14765625 0.7890625 0.27890625 0.4125
1 0.07890625 0.671875 0.1578125 0.546875
3 0.91875 0.48984375 0.1625 0.1890625