2 0.10859375 0.35703125 0.1921875 0.1765625
1 0.12109375 0.5625 0.15625 0.1796875
3 0.32109375 0.3 0.3375 0.2125
0 0.74375 0.5015625 0.43125 0.246875
3 0.2765625 0.51484375 0.340625 0.2171875
3 0.315625 0.85859375 0.1609375 0.1203125
3 0.65234375 0.89609375 0.265625 0.203125
4 0.88203125 0.6078125 0.2359375 0.1375
0 0.4359375 0.53046875 0.3265625 0.253125
3 0.1609375 0.75 0.221875 0.1859375
4 0.146875 0.88515625 0.184375 0.140625
3 0.36640625 0.09140625 0.2109375 0.1828125
4 0.221875 0.634375 0.2765625 0.096875
3 0.7890625 0.14765625 0.4125 0.278125
1 0.671875 0.07890625 0.546875 0.1578125
3 0.48984375 0.91875 0.1890625 0.1625