2 0.3546875 0.11015625 0.175 0.19375
1 0.5625 0.12109375 0.17890625 0.1546875
3 0.51484375 0.275 0.2171875 0.33828125
0 0.5015625 0.74453125 0.24765625 0.4328125
3 0.30546875 0.325 0.20859375 0.303125
3 0.859375 0.3171875 0.11953125 0.1625
3 0.896875 0.6546875 0.20078125 0.26875
4 0.60859375 0.88203125 0.13671875 0.23515625
4 0.8828125 0.1484375 0.15 0.1859375
0 0.51640625 0.4359375 0.25390625 0.32109375
3 0.75078125 0.15703125 0.184375 0.228125
3 0.090625 0.365625 0.18046875 0.209375
4 0.634375 0.22109375 0.096875 0.27109375
3 0.146875 0.78828125 0.27734375 0.409375
1 0.07890625 0.66796875 0.1578125 0.5359375
3 0.91953125 0.49296875 0.1609375 0.1921875