2 0.88984375 0.6453125 0.19375 0.175
1 0.87890625 0.4375 0.1546875 0.178125
3 0.725 0.48515625 0.3375 0.2171875
0 0.25546875 0.4984375 0.4328125 0.2484375
3 0.675 0.69453125 0.303125 0.209375
3 0.6828125 0.140625 0.1625 0.11875
3 0.3453125 0.103125 0.26875 0.2
4 0.11796875 0.39140625 0.234375 0.1375
4 0.8515625 0.1171875 0.1859375 0.15
0 0.5640625 0.48359375 0.321875 0.253125
3 0.84296875 0.24921875 0.228125 0.184375
3 0.634375 0.909375 0.209375 0.18125
4 0.77890625 0.365625 0.271875 0.096875
3 0.21171875 0.853125 0.409375 0.278125
1 0.33203125 0.92109375 0.5359375 0.1578125
3 0.50703125 0.08046875 0.1921875 0.1609375