2 0.3546875 0.88984375 0.175 0.19375
1 0.5625 0.87890625 0.178125 0.1546875
3 0.51484375 0.725 0.2171875 0.3375
0 0.5015625 0.25546875 0.246875 0.4328125
3 0.30546875 0.675 0.209375 0.303125
3 0.859375 0.6828125 0.11875 0.1625
3 0.896875 0.3453125 0.2 0.26875
4 0.60859375 0.11796875 0.1375 0.234375
4 0.8828125 0.8515625 0.15 0.1859375
0 0.51640625 0.5640625 0.253125 0.321875
3 0.75078125 0.84296875 0.184375 0.228125
3 0.090625 0.634375 0.18125 0.209375
4 0.634375 0.77890625 0.096875 0.271875
3 0.146875 0.21171875 0.278125 0.409375
1 0.07890625 0.33203125 0.1578125 0.5359375
3 0.91953125 0.50703125 0.1609375 0.1921875