2 0.3546875 0.11171875 0.178125 0.2
1 0.5625 0.121875 0.1796875 0.1546875
3 0.51484375 0.27578125 0.215625 0.340625
4 0.6078125 0.88125 0.1390625 0.2375
0 0.50078125 0.74609375 0.246875 0.434375
3 0.30625 0.33203125 0.209375 0.3125
3 0.8609375 0.31796875 0.115625 0.1671875
3 0.89453125 0.65703125 0.20625 0.265625
4 0.88203125 0.14765625 0.15 0.184375
0 0.53046875 0.43515625 0.253125 0.3234375
3 0.7484375 0.16171875 0.1875 0.21875
3 0.08984375 0.3671875 0.1796875 0.2109375
4 0.63515625 0.21796875 0.0953125 0.278125
3 0.14609375 0.78671875 0.278125 0.409375
1 0.0796875 0.66796875 0.159375 0.54375
3 0.91484375 0.49296875 0.159375 0.1765625