2 0.6453125 0.88828125 0.178125 0.196875
1 0.43671875 0.87890625 0.18125 0.1546875
3 0.484375 0.72421875 0.215625 0.340625
0 0.4984375 0.253125 0.246875 0.434375
3 0.10390625 0.34375 0.203125 0.2609375
3 0.69375 0.6671875 0.209375 0.309375
3 0.1375 0.68203125 0.1140625 0.165625
4 0.39140625 0.11796875 0.1375 0.234375
3 0.25 0.83671875 0.1859375 0.2171875
0 0.4703125 0.565625 0.2546875 0.321875
4 0.11875 0.853125 0.15 0.1859375
4 0.365625 0.78046875 0.096875 0.275
3 0.9078125 0.63125 0.184375 0.215625
3 0.853125 0.2125 0.278125 0.40625
3 0.0859375 0.5046875 0.1609375 0.175
1 0.92109375 0.334375 0.1578125 0.540625