2 0.11171875 0.3546875 0.196875 0.178125
1 0.12109375 0.56328125 0.1546875 0.18125
3 0.27578125 0.515625 0.340625 0.2171875
0 0.746875 0.5015625 0.434375 0.246875
3 0.65625 0.89609375 0.2609375 0.203125
3 0.3328125 0.30625 0.309375 0.209375
3 0.31796875 0.8625 0.165625 0.1140625
4 0.88203125 0.60859375 0.234375 0.1375
3 0.16328125 0.75 0.2171875 0.1859375
0 0.434375 0.5296875 0.321875 0.2546875
4 0.146875 0.88125 0.1859375 0.15
4 0.21953125 0.634375 0.275 0.096875
3 0.36875 0.0921875 0.215625 0.184375
3 0.7875 0.146875 0.40625 0.278125
3 0.4953125 0.9140625 0.175 0.1609375
1 0.665625 0.07890625 0.540625 0.1578125