2 0.11171875 0.35546875 0.2 0.178125
1 0.121875 0.56328125 0.15625 0.18125
3 0.27890625 0.51484375 0.340625 0.2140625
3 0.3390625 0.30390625 0.328125 0.19375
0 0.74765625 0.50234375 0.4375 0.246875
4 0.88125 0.6078125 0.2375 0.1375
4 0.14453125 0.884375 0.184375 0.140625
3 0.64765625 0.89921875 0.24375 0.196875
3 0.321875 0.86171875 0.178125 0.1125
0 0.4359375 0.52890625 0.321875 0.2546875
3 0.17109375 0.75234375 0.203125 0.1875
3 0.36953125 0.0890625 0.209375 0.178125
3 0.49375 0.91484375 0.1765625 0.159375
3 0.7875 0.14609375 0.40625 0.278125
4 0.21953125 0.63515625 0.28125 0.096875
1 0.67109375 0.078125 0.5578125 0.15625