2 0.64453125 0.88828125 0.178125 0.2
1 0.43828125 0.87890625 0.1796875 0.15625
3 0.484375 0.72109375 0.2125 0.3375
0 0.4984375 0.253125 0.2484375 0.4375
3 0.69140625 0.65390625 0.2 0.340625
3 0.1390625 0.678125 0.1125 0.178125
4 0.3921875 0.11796875 0.1390625 0.2359375
4 0.1171875 0.8515625 0.146875 0.1859375
3 0.0984375 0.3546875 0.1890625 0.2359375
0 0.4703125 0.55859375 0.25625 0.31875
3 0.24921875 0.8296875 0.190625 0.2046875
3 0.90703125 0.63125 0.1859375 0.20625
3 0.08515625 0.49296875 0.1609375 0.1875
4 0.36484375 0.7796875 0.0953125 0.275
3 0.85390625 0.21171875 0.278125 0.409375
1 0.92109375 0.3265625 0.1578125 0.5546875