2 0.88828125 0.64453125 0.2 0.178125
1 0.87890625 0.43828125 0.15625 0.178125
3 0.72109375 0.484375 0.3375 0.2125
0 0.253125 0.4984375 0.4375 0.2484375
3 0.65390625 0.69140625 0.340625 0.2
3 0.678125 0.1390625 0.178125 0.1125
4 0.11796875 0.3921875 0.2359375 0.1375
4 0.8515625 0.1171875 0.1859375 0.146875
3 0.3546875 0.0984375 0.2359375 0.1890625
0 0.55859375 0.4703125 0.31875 0.25625
3 0.8296875 0.24921875 0.2046875 0.190625
3 0.63125 0.90703125 0.20625 0.1859375
3 0.49296875 0.08515625 0.1875 0.1609375
4 0.7796875 0.36484375 0.275 0.09375
3 0.21171875 0.85390625 0.409375 0.278125
1 0.3265625 0.92109375 0.5546875 0.1578125