2 0.35546875 0.11171875 0.17734375 0.19921875
1 0.56171875 0.12109375 0.17890625 0.15546875
3 0.515625 0.27890625 0.2125 0.33671875
0 0.5015625 0.746875 0.24765625 0.4375
3 0.30859375 0.34609375 0.2 0.33984375
3 0.8609375 0.321875 0.11328125 0.17734375
4 0.6078125 0.88203125 0.13828125 0.2359375
4 0.8828125 0.1484375 0.14765625 0.1859375
3 0.9015625 0.6453125 0.1890625 0.2359375
0 0.5296875 0.44140625 0.25546875 0.31875
3 0.75078125 0.1703125 0.18984375 0.2046875
3 0.09296875 0.36875 0.1859375 0.20546875
3 0.91484375 0.50703125 0.1609375 0.1875
4 0.63515625 0.2203125 0.09453125 0.275
3 0.14609375 0.78828125 0.27734375 0.40859375
1 0.07890625 0.6734375 0.1578125 0.5546875