2 0.35625 0.1125 0.175 0.2
1 0.5625 0.12109375 0.1796875 0.15546875
3 0.515625 0.278125 0.2125 0.3390625
0 0.50078125 0.74921875 0.2484375 0.440625
3 0.3078125 0.3453125 0.1984375 0.3375
3 0.8609375 0.32109375 0.11328125 0.17734375
4 0.88203125 0.14765625 0.14921875 0.1875
4 0.6078125 0.8828125 0.13828125 0.234375
3 0.9015625 0.646875 0.18984375 0.23828125
3 0.75078125 0.16875 0.190625 0.2109375
0 0.5296875 0.43671875 0.25546875 0.31953125
3 0.0921875 0.36953125 0.184375 0.2109375
3 0.91484375 0.50625 0.1609375 0.18203125
4 0.63515625 0.221875 0.09375 0.275
3 0.1453125 0.7875 0.27734375 0.40859375
1 0.07890625 0.67109375 0.1578125 0.5515625