2 0.8875 0.64453125 0.2 0.1765625
1 0.87890625 0.4375 0.15625 0.178125
3 0.72265625 0.48359375 0.334375 0.2125
0 0.25078125 0.49765625 0.440625 0.25
3 0.65078125 0.69609375 0.3453125 0.190625
3 0.3515625 0.09921875 0.240625 0.190625
4 0.11796875 0.39140625 0.2359375 0.1359375
3 0.67890625 0.1390625 0.1765625 0.115625
0 0.5640625 0.47109375 0.31875 0.25625
3 0.8328125 0.24921875 0.2125 0.1890625
4 0.85546875 0.11640625 0.1890625 0.140625
3 0.63203125 0.90859375 0.20625 0.1828125
3 0.4953125 0.08671875 0.1734375 0.1640625
4 0.77734375 0.36484375 0.275 0.09375
3 0.21171875 0.853125 0.409375 0.2796875
1 0.32734375 0.92109375 0.553125 0.1578125