2 0.64375 0.1125 0.178125 0.2
1 0.4375 0.121875 0.1796875 0.15625
3 0.48359375 0.27578125 0.2125 0.33125
3 0.69609375 0.35234375 0.190625 0.35
0 0.496875 0.7484375 0.2515625 0.4390625
3 0.1 0.6515625 0.1921875 0.2453125
4 0.39140625 0.88203125 0.1375 0.2359375
3 0.2484375 0.16640625 0.1875 0.215625
3 0.140625 0.32109375 0.115625 0.178125
4 0.11484375 0.14609375 0.140625 0.184375
0 0.47109375 0.43515625 0.25625 0.31875
3 0.9078125 0.36640625 0.184375 0.20625
3 0.0859375 0.50625 0.1625 0.178125
3 0.853125 0.7890625 0.2796875 0.4078125
4 0.36484375 0.221875 0.09375 0.271875
1 0.92109375 0.6671875 0.15625 0.5421875