2 0.35625 0.1125 0.17734375 0.19921875
1 0.5625 0.121875 0.1796875 0.15546875
3 0.51640625 0.27578125 0.21171875 0.33203125
3 0.30390625 0.35234375 0.18984375 0.35078125
0 0.503125 0.7484375 0.2515625 0.4390625
3 0.9 0.6515625 0.1921875 0.2453125
4 0.60859375 0.88203125 0.1375 0.2359375
3 0.7515625 0.16640625 0.1875 0.215625
3 0.859375 0.32109375 0.11640625 0.178125
4 0.88515625 0.14609375 0.140625 0.184375
0 0.52890625 0.43515625 0.25625 0.31796875
3 0.0921875 0.36640625 0.184375 0.20546875
3 0.9140625 0.50625 0.1625 0.17734375
3 0.146875 0.7890625 0.2796875 0.4078125
4 0.63515625 0.221875 0.09453125 0.271875
1 0.07890625 0.6671875 0.15703125 0.5421875