2 0.35546875 0.88828125 0.1765625 0.1984375
1 0.5625 0.88046875 0.18125 0.159375
3 0.30859375 0.64453125 0.1984375 0.3546875
3 0.5171875 0.721875 0.209375 0.3296875
0 0.5 0.25078125 0.246875 0.440625
4 0.609375 0.11796875 0.1359375 0.234375
3 0.86171875 0.67890625 0.1125 0.1765625
3 0.89921875 0.3453125 0.1953125 0.2484375
0 0.52890625 0.55390625 0.2578125 0.328125
3 0.74921875 0.83203125 0.190625 0.209375
4 0.88515625 0.85546875 0.140625 0.1890625
3 0.0921875 0.63203125 0.184375 0.209375
3 0.146875 0.21171875 0.278125 0.409375
4 0.63515625 0.77890625 0.09375 0.2734375
3 0.91484375 0.4921875 0.1609375 0.175
1 0.07890625 0.325 0.1578125 0.55625