2 0.1125 0.64375 0.2 0.178125
1 0.12109375 0.4375 0.15625 0.1796875
3 0.35859375 0.68671875 0.3578125 0.203125
3 0.28125 0.48203125 0.33125 0.20625
0 0.74765625 0.4984375 0.4375 0.25
4 0.88203125 0.3921875 0.2359375 0.1375
3 0.15703125 0.25 0.215625 0.1828125
3 0.3203125 0.13984375 0.1765625 0.115625
0 0.43671875 0.471875 0.3203125 0.259375
3 0.65546875 0.1 0.2453125 0.19375
4 0.14765625 0.11953125 0.1875 0.153125
3 0.36875 0.9109375 0.20625 0.178125
3 0.79609375 0.8640625 0.4046875 0.271875
4 0.2234375 0.3640625 0.275 0.09375
3 0.5390625 0.08203125 0.225 0.1640625
1 0.67421875 0.92109375 0.5546875 0.1578125