2 0.35703125 0.1125 0.1765625 0.20078125
1 0.5625 0.121875 0.18046875 0.15703125
3 0.31640625 0.3625 0.20859375 0.36328125
3 0.51796875 0.28046875 0.20703125 0.32578125
0 0.50234375 0.74765625 0.25234375 0.43828125
3 0.74921875 0.16484375 0.1859375 0.2203125
3 0.9 0.653125 0.19375 0.24296875
4 0.61015625 0.88125 0.13984375 0.2375
3 0.86171875 0.31953125 0.1140625 0.17265625
0 0.528125 0.43671875 0.25859375 0.3296875
4 0.88359375 0.14453125 0.14296875 0.18515625
3 0.08671875 0.36953125 0.1734375 0.20859375
3 0.13671875 0.796875 0.2734375 0.40546875
4 0.6359375 0.22421875 0.09296875 0.27734375
3 0.9125 0.5046875 0.16640625 0.1671875
1 0.07890625 0.6734375 0.1578125 0.5609375