2 0.35625 0.11328125 0.178125 0.20234375
3 0.3171875 0.37421875 0.21484375 0.38203125
1 0.56171875 0.11875 0.1828125 0.1578125
3 0.51640625 0.28125 0.20546875 0.31796875
0 0.49765625 0.746875 0.24375 0.43828125
4 0.609375 0.88125 0.13671875 0.2375
3 0.86171875 0.31875 0.11484375 0.16953125
3 0.9015625 0.64921875 0.19140625 0.246875
0 0.528125 0.44375 0.25859375 0.3375
3 0.75078125 0.16328125 0.18203125 0.21953125
4 0.88125 0.146875 0.15234375 0.1875
3 0.91171875 0.5046875 0.16796875 0.16875
3 0.1359375 0.79765625 0.271875 0.4046875
3 0.08359375 0.3703125 0.16640625 0.22421875
4 0.6359375 0.22265625 0.09296875 0.2796875
1 0.0796875 0.67109375 0.159375 0.5578125