2 0.6421875 0.8859375 0.1765625 0.203125
1 0.4375 0.878125 0.18125 0.1546875
3 0.68203125 0.61484375 0.21875 0.39375
3 0.48203125 0.7171875 0.20625 0.31875
0 0.50546875 0.253125 0.240625 0.440625
3 0.0984375 0.3515625 0.1921875 0.2453125
0 0.47265625 0.55234375 0.259375 0.3421875
4 0.390625 0.11796875 0.1375 0.2359375
3 0.13828125 0.68125 0.1140625 0.16875
3 0.24921875 0.840625 0.1828125 0.225
4 0.1171875 0.85234375 0.1484375 0.1859375
3 0.08828125 0.4984375 0.1671875 0.1640625
3 0.86328125 0.203125 0.2734375 0.40625
4 0.36328125 0.7765625 0.0921875 0.278125
3 0.921875 0.63203125 0.15625 0.2359375
1 0.92109375 0.328125 0.1578125 0.55