2 0.1140625 0.3578125 0.203125 0.175
1 0.121875 0.56171875 0.1546875 0.18125
0 0.74296875 0.49765625 0.45 0.246875
3 0.39921875 0.32109375 0.3875 0.228125
3 0.2828125 0.51953125 0.2984375 0.20625
3 0.31796875 0.86015625 0.1671875 0.1171875
4 0.88046875 0.609375 0.2375 0.1359375
0 0.44453125 0.52734375 0.3328125 0.259375
3 0.6515625 0.8984375 0.25 0.196875
4 0.1484375 0.88203125 0.1875 0.15
3 0.15859375 0.75078125 0.225 0.1828125
3 0.5015625 0.9125 0.16875 0.165625
3 0.796875 0.13671875 0.40625 0.2734375
4 0.21953125 0.63671875 0.275 0.090625
3 0.34765625 0.0796875 0.2984375 0.159375
1 0.6640625 0.0796875 0.5375 0.159375