2 0.35859375 0.1140625 0.175 0.203125
1 0.5625 0.121875 0.1828125 0.15625
3 0.325 0.40546875 0.2234375 0.403125
0 0.4953125 0.74453125 0.24375 0.45
3 0.51796875 0.284375 0.2109375 0.278125
3 0.90078125 0.65390625 0.196875 0.25
3 0.8609375 0.32109375 0.115625 0.175
4 0.609375 0.88203125 0.1359375 0.2359375
4 0.88203125 0.1484375 0.15 0.1875
0 0.52734375 0.44453125 0.2609375 0.334375
3 0.7515625 0.165625 0.1859375 0.2125
4 0.63671875 0.22109375 0.0921875 0.2734375
3 0.91328125 0.5078125 0.1625 0.1703125
3 0.0828125 0.37578125 0.165625 0.3453125
3 0.1375 0.796875 0.275 0.40625
1 0.07890625 0.67265625 0.1578125 0.5390625