2 0.35859375 0.11484375 0.1734375 0.203125
1 0.56328125 0.121875 0.18203125 0.1546875
3 0.33359375 0.40390625 0.23125 0.40546875
0 0.49140625 0.74609375 0.2359375 0.44609375
3 0.86015625 0.321875 0.11484375 0.17734375
3 0.51953125 0.284375 0.209375 0.26875
0 0.52734375 0.44921875 0.259375 0.34375
4 0.6078125 0.88046875 0.1375 0.2390625
3 0.753125 0.1640625 0.1875 0.215625
3 0.90078125 0.65625 0.1953125 0.2453125
4 0.88515625 0.14453125 0.13984375 0.18671875
3 0.0921875 0.3578125 0.184375 0.3890625
3 0.1375 0.79765625 0.275 0.40390625
3 0.91953125 0.5390625 0.16015625 0.21953125
4 0.63671875 0.21875 0.090625 0.27109375
1 0.07890625 0.67109375 0.1578125 0.534375
3 0.87578125 0.4328125 0.090625 0.12734375