2 0.359375 0.1140625 0.1734375 0.203125
1 0.56328125 0.121875 0.18359375 0.15546875
3 0.328125 0.4015625 0.22734375 0.3984375
0 0.49296875 0.74609375 0.23828125 0.4484375
3 0.51953125 0.284375 0.2109375 0.265625
0 0.52734375 0.4484375 0.25859375 0.34296875
4 0.609375 0.88203125 0.13671875 0.2359375
3 0.8609375 0.321875 0.11328125 0.1765625
3 0.90078125 0.65390625 0.19609375 0.2390625
4 0.8859375 0.14609375 0.13828125 0.184375
3 0.09375 0.3484375 0.18671875 0.38671875
3 0.75234375 0.1703125 0.1875 0.20546875
3 0.13671875 0.79765625 0.2734375 0.4046875
4 0.63671875 0.21953125 0.090625 0.27109375
3 0.91953125 0.5390625 0.1609375 0.221875
1 0.0796875 0.678125 0.15859375 0.54453125