2 0.359375 0.1140625 0.1734375 0.20234375
1 0.5625 0.121875 0.18203125 0.1546875
0 0.4953125 0.7453125 0.24375 0.44765625
3 0.32890625 0.40390625 0.22734375 0.403125
3 0.86015625 0.32265625 0.115625 0.17734375
4 0.60859375 0.88203125 0.1375 0.2359375
0 0.5265625 0.4453125 0.259375 0.33671875
3 0.096875 0.346875 0.19375 0.403125
4 0.8859375 0.146875 0.1390625 0.184375
3 0.90078125 0.65625 0.1953125 0.24140625
3 0.7546875 0.171875 0.184375 0.2
3 0.52421875 0.284375 0.2078125 0.2609375
3 0.13828125 0.79765625 0.27578125 0.40390625
3 0.91953125 0.5375 0.16015625 0.21640625
4 0.63671875 0.2140625 0.08984375 0.2703125
1 0.07890625 0.67734375 0.1578125 0.5390625