2 0.359375 0.8859375 0.1734375 0.203125
1 0.5625 0.878125 0.184375 0.1546875
3 0.32890625 0.59921875 0.2296875 0.3953125
0 0.49453125 0.253125 0.2421875 0.440625
3 0.86171875 0.6765625 0.1109375 0.178125
0 0.52734375 0.553125 0.2609375 0.340625
4 0.88515625 0.8515625 0.1390625 0.1796875
4 0.60859375 0.11796875 0.1375 0.234375
3 0.5234375 0.7125 0.2140625 0.253125
3 0.90078125 0.34140625 0.196875 0.2421875
3 0.75625 0.84140625 0.190625 0.221875
3 0.10234375 0.6578125 0.2046875 0.378125
3 0.1375 0.203125 0.275 0.40625
4 0.6375 0.7875 0.0890625 0.2640625
3 0.9203125 0.4625 0.159375 0.2140625
1 0.07890625 0.33515625 0.1578125 0.515625
3 0.87578125 0.56484375 0.0890625 0.1328125