2 0.88515625 0.64140625 0.203125 0.1734375
1 0.87734375 0.43828125 0.15625 0.18125
0 0.253125 0.5046875 0.440625 0.240625
3 0.60078125 0.6703125 0.390625 0.23125
3 0.67578125 0.1375 0.1796875 0.1078125
4 0.11875 0.3921875 0.2375 0.1375
4 0.8515625 0.115625 0.184375 0.1421875
0 0.55703125 0.4734375 0.33125 0.259375
3 0.71171875 0.47734375 0.25 0.215625
3 0.84375 0.2421875 0.228125 0.19375
3 0.34140625 0.09921875 0.240625 0.196875
3 0.67734375 0.896875 0.34375 0.20625
3 0.203125 0.8625 0.40625 0.275
4 0.78671875 0.3625 0.2625 0.0875
3 0.46484375 0.0796875 0.2078125 0.159375
1 0.32421875 0.92109375 0.5390625 0.1578125