2 0.88671875 0.640625 0.203125 0.171875
1 0.878125 0.43671875 0.1546875 0.184375
0 0.25234375 0.50703125 0.4421875 0.2375
3 0.675 0.1390625 0.1796875 0.1109375
3 0.59921875 0.66953125 0.39375 0.2328125
3 0.71171875 0.47734375 0.246875 0.2171875
4 0.11875 0.3921875 0.2375 0.1375
4 0.85234375 0.115625 0.1875 0.14375
0 0.5546875 0.4734375 0.3328125 0.259375
3 0.34140625 0.09921875 0.2390625 0.196875
3 0.8390625 0.240625 0.2203125 0.196875
3 0.67890625 0.8984375 0.3421875 0.203125
3 0.20234375 0.8625 0.4046875 0.275
4 0.78828125 0.36171875 0.25625 0.0875
3 0.47734375 0.08046875 0.190625 0.159375
1 0.3234375 0.9203125 0.540625 0.159375
3 0.5640625 0.1234375 0.13125 0.0890625