2 0.359375 0.11328125 0.171875 0.20234375
1 0.56328125 0.121875 0.184375 0.1546875
0 0.49296875 0.74765625 0.23828125 0.4421875
3 0.8609375 0.325 0.1109375 0.1796875
3 0.33046875 0.40078125 0.2328125 0.39296875
3 0.52265625 0.28828125 0.2171875 0.246875
4 0.6078125 0.88125 0.13671875 0.2375
4 0.884375 0.14765625 0.14375 0.18671875
0 0.5265625 0.4453125 0.259375 0.3328125
3 0.90078125 0.65859375 0.196875 0.2390625
3 0.759375 0.1609375 0.19765625 0.2203125
3 0.1015625 0.32109375 0.203125 0.3421875
3 0.1375 0.79765625 0.275 0.4046875
4 0.63828125 0.21171875 0.0875 0.25703125
3 0.91953125 0.52265625 0.16015625 0.18984375
1 0.0796875 0.6765625 0.15859375 0.54140625
3 0.8765625 0.4359375 0.0890625 0.13046875