2 0.359375 0.1140625 0.17265625 0.203125
1 0.5625 0.121875 0.1828125 0.1546875
0 0.49375 0.74609375 0.23984375 0.44140625
3 0.33046875 0.40078125 0.23125 0.3921875
3 0.8609375 0.325 0.11015625 0.1796875
4 0.8828125 0.14765625 0.14453125 0.18515625
3 0.5234375 0.28828125 0.2171875 0.24375
4 0.6078125 0.88125 0.1375 0.2375
0 0.5265625 0.44296875 0.259375 0.3265625
3 0.7578125 0.1578125 0.19375 0.21796875
3 0.9 0.66015625 0.19765625 0.24140625
3 0.10234375 0.31953125 0.2046875 0.3390625
4 0.63828125 0.20703125 0.08671875 0.25234375
3 0.1375 0.7984375 0.275 0.403125
3 0.91953125 0.5328125 0.1609375 0.21015625
1 0.0796875 0.6734375 0.15859375 0.5359375
3 0.8765625 0.4359375 0.08828125 0.1296875