2 0.359375 0.8859375 0.1734375 0.203125
1 0.5625 0.878125 0.1828125 0.1546875
0 0.49375 0.25390625 0.240625 0.440625
3 0.33046875 0.59921875 0.23125 0.3921875
3 0.8609375 0.675 0.109375 0.1796875
4 0.8828125 0.85234375 0.14375 0.1859375
3 0.5234375 0.71171875 0.2171875 0.24375
4 0.6078125 0.11875 0.1375 0.2375
0 0.5265625 0.55703125 0.259375 0.3265625
3 0.7578125 0.8421875 0.19375 0.21875
3 0.9 0.33984375 0.196875 0.2421875
3 0.10234375 0.68046875 0.2046875 0.3390625
4 0.63828125 0.79296875 0.0875 0.253125
3 0.1375 0.2015625 0.275 0.403125
3 0.91953125 0.4671875 0.1609375 0.2109375
1 0.0796875 0.3265625 0.159375 0.5359375
3 0.8765625 0.5640625 0.0875 0.1296875