2 0.640625 0.88671875 0.171875 0.203125
1 0.43828125 0.878125 0.18125 0.1546875
0 0.50546875 0.25390625 0.240625 0.440625
3 0.1390625 0.675 0.109375 0.18125
3 0.66953125 0.6 0.23125 0.39375
4 0.3921875 0.11953125 0.1375 0.2390625
3 0.47578125 0.71015625 0.21875 0.24375
4 0.1171875 0.853125 0.14375 0.184375
0 0.4734375 0.55625 0.259375 0.33125
3 0.24140625 0.84609375 0.1953125 0.2234375
3 0.09921875 0.33984375 0.196875 0.2421875
4 0.3609375 0.79453125 0.084375 0.25
3 0.896875 0.68515625 0.20625 0.334375
3 0.86328125 0.20234375 0.2734375 0.4046875
3 0.08046875 0.46875 0.159375 0.2046875
1 0.92109375 0.33359375 0.1578125 0.51875
3 0.1234375 0.5625 0.0890625 0.128125