2 0.64140625 0.11328125 0.1734375 0.203125
1 0.4375 0.12265625 0.1828125 0.15625
3 0.6703125 0.4 0.23125 0.39375
0 0.5015625 0.74609375 0.2453125 0.440625
3 0.1421875 0.33046875 0.109375 0.19375
4 0.11953125 0.14921875 0.15 0.184375
3 0.89765625 0.2671875 0.2046875 0.321875
4 0.3890625 0.8796875 0.1390625 0.240625
0 0.47421875 0.43984375 0.259375 0.321875
3 0.4734375 0.2984375 0.21875 0.225
3 0.1 0.66640625 0.196875 0.2359375
3 0.07890625 0.51875 0.1578125 0.16875
3 0.8625 0.796875 0.275 0.40625
3 0.23984375 0.171875 0.196875 0.2078125
4 0.3625 0.20546875 0.090625 0.253125
1 0.92109375 0.67421875 0.1578125 0.534375