2 0.35859375 0.88671875 0.1734375 0.2015625
1 0.5625 0.87734375 0.1828125 0.15625
3 0.32890625 0.59921875 0.23125 0.39375
0 0.49765625 0.25390625 0.24375 0.44375
3 0.85859375 0.66796875 0.10625 0.1953125
3 0.1046875 0.73515625 0.209375 0.3265625
4 0.87890625 0.85078125 0.15 0.1875
4 0.609375 0.11796875 0.1390625 0.2359375
0 0.52578125 0.5578125 0.259375 0.328125
3 0.89921875 0.33359375 0.1984375 0.2359375
3 0.528125 0.7 0.21875 0.225
3 0.921875 0.48046875 0.15625 0.16875
3 0.7609375 0.83359375 0.1953125 0.2140625
3 0.1375 0.203125 0.275 0.403125
4 0.6375 0.7984375 0.0890625 0.25
3 0.87890625 0.5546875 0.0875 0.1265625
1 0.07890625 0.33046875 0.1578125 0.540625