2 0.36015625 0.1140625 0.17109375 0.20234375
3 0.32890625 0.40546875 0.23203125 0.40234375
0 0.49609375 0.74296875 0.2421875 0.44453125
1 0.56328125 0.1234375 0.18203125 0.15859375
3 0.1046875 0.265625 0.209375 0.31796875
3 0.85859375 0.3328125 0.10546875 0.1984375
4 0.61171875 0.87890625 0.13984375 0.24140625
4 0.87890625 0.1484375 0.153125 0.18828125
0 0.525 0.44296875 0.259375 0.33125
3 0.89609375 0.66953125 0.20390625 0.23203125
3 0.76015625 0.15625 0.1953125 0.22265625
3 0.528125 0.30234375 0.21953125 0.221875
4 0.63828125 0.2 0.08671875 0.23984375
3 0.13671875 0.796875 0.2734375 0.40625
3 0.92265625 0.52421875 0.1546875 0.16015625
4 0.07890625 0.678125 0.1578125 0.540625
3 0.88046875 0.4484375 0.09140625 0.12578125