2 0.8859375 0.63984375 0.203125 0.171875
3 0.59453125 0.67109375 0.403125 0.23125
0 0.25703125 0.50390625 0.44375 0.2421875
1 0.8765625 0.43671875 0.159375 0.18125
3 0.734375 0.8953125 0.31875 0.209375
3 0.6671875 0.14140625 0.1984375 0.10625
4 0.12109375 0.38828125 0.240625 0.140625
4 0.8515625 0.12109375 0.1875 0.153125
0 0.55703125 0.475 0.33125 0.259375
3 0.33046875 0.10390625 0.23125 0.203125
3 0.84375 0.23984375 0.221875 0.1953125
3 0.69765625 0.471875 0.221875 0.21875
4 0.8 0.36171875 0.240625 0.0875
3 0.203125 0.86328125 0.40625 0.2734375
3 0.47578125 0.07734375 0.159375 0.1546875
4 0.321875 0.92109375 0.540625 0.1578125
3 0.5515625 0.11953125 0.125 0.090625