2 0.359375 0.88671875 0.175 0.203125
1 0.5625 0.8765625 0.1828125 0.15625
3 0.32890625 0.5953125 0.23125 0.4046875
0 0.49609375 0.25703125 0.24375 0.4484375
3 0.11328125 0.73359375 0.209375 0.3015625
3 0.859375 0.66640625 0.10625 0.2
4 0.609375 0.11953125 0.1375 0.2390625
3 0.76171875 0.840625 0.190625 0.21875
3 0.8953125 0.32109375 0.2046875 0.25
4 0.87890625 0.8515625 0.153125 0.1875
0 0.52421875 0.5546875 0.2578125 0.334375
3 0.5296875 0.69765625 0.225 0.221875
4 0.63828125 0.80546875 0.084375 0.2359375
3 0.13671875 0.203125 0.2734375 0.40625
3 0.92265625 0.47265625 0.1546875 0.1609375
3 0.88125 0.5484375 0.090625 0.134375
4 0.07890625 0.32109375 0.1578125 0.5390625