0 0.50625 0.25 0.2453125 0.4640625
0 0.48125 0.565625 0.259375 0.3296875
3 0.8578125 0.20703125 0.284375 0.4140625
3 0.6765625 0.609375 0.21875 0.396875
3 0.471875 0.7140625 0.221875 0.203125
3 0.1453125 0.66640625 0.1125 0.203125
3 0.1015625 0.31953125 0.203125 0.2515625
3 0.075 0.49609375 0.15 0.125
3 0.23125 0.8421875 0.1921875 0.225
3 0.87734375 0.7421875 0.21875 0.2984375
2 0.6359375 0.88359375 0.1796875 0.2046875
1 0.434375 0.87890625 0.1828125 0.1546875
4 0.36484375 0.8234375 0.0828125 0.25
4 0.3953125 0.121875 0.1359375 0.24375
4 0.0265625 0.790625 0.053125 0.1921875
4 0.128125 0.853125 0.1609375 0.1875