2 0.36171875 0.11328125 0.16953125 0.20390625
3 0.32421875 0.4078125 0.2203125 0.4078125
3 0.12265625 0.2625 0.21875 0.3125
1 0.5625 0.12265625 0.18203125 0.15625
0 0.4984375 0.74921875 0.25078125 0.44296875
3 0.8953125 0.6890625 0.2046875 0.24296875
4 0.8796875 0.14765625 0.153125 0.190625
4 0.609375 0.8828125 0.1359375 0.234375
3 0.85703125 0.33359375 0.1015625 0.209375
3 0.75859375 0.15546875 0.19140625 0.2234375
0 0.525 0.43359375 0.25703125 0.32421875
3 0.5375 0.303125 0.209375 0.2171875
3 0.1375 0.79765625 0.275 0.40390625
4 0.63515625 0.1921875 0.08359375 0.23671875
3 0.92265625 0.5125 0.1546875 0.13671875
3 0.8828125 0.46015625 0.0953125 0.13359375
4 0.07890625 0.675 0.1578125 0.5390625