2 0.11328125 0.3609375 0.203125 0.16875
3 0.40625 0.32421875 0.4046875 0.2203125
3 0.26328125 0.121875 0.3171875 0.215625
1 0.12265625 0.56328125 0.15625 0.1828125
0 0.75078125 0.49765625 0.44375 0.2515625
3 0.68984375 0.89609375 0.240625 0.203125
4 0.88125 0.6109375 0.2375 0.140625
4 0.14765625 0.8796875 0.190625 0.153125
3 0.33046875 0.859375 0.2125 0.103125
0 0.440625 0.52421875 0.328125 0.259375
3 0.15546875 0.75703125 0.2265625 0.1921875
3 0.303125 0.53828125 0.215625 0.2078125
4 0.19375 0.63515625 0.2328125 0.084375
3 0.79765625 0.1375 0.403125 0.275
3 0.46015625 0.88359375 0.1296875 0.09375
3 0.5125 0.921875 0.1390625 0.15625
4 0.67734375 0.07890625 0.540625 0.1578125