2 0.3609375 0.11328125 0.16953125 0.20390625
3 0.32421875 0.40625 0.2203125 0.4046875
3 0.121875 0.26328125 0.21640625 0.3171875
1 0.56328125 0.12265625 0.1828125 0.15703125
0 0.49765625 0.75078125 0.25078125 0.44296875
3 0.89609375 0.68984375 0.203125 0.240625
4 0.6109375 0.88125 0.13984375 0.2375
4 0.8796875 0.14765625 0.153125 0.190625
3 0.859375 0.33046875 0.10234375 0.2125
0 0.52421875 0.440625 0.259375 0.328125
3 0.75703125 0.15546875 0.19140625 0.2265625
3 0.53828125 0.303125 0.2078125 0.21640625
4 0.63515625 0.19375 0.08359375 0.2328125
3 0.1375 0.79765625 0.275 0.40390625
3 0.88359375 0.46015625 0.09453125 0.1296875
3 0.921875 0.5125 0.15625 0.1390625
4 0.07890625 0.67734375 0.1578125 0.540625