2 0.1125 0.63984375 0.2046875 0.171875
3 0.4078125 0.67890625 0.4078125 0.215625
1 0.12265625 0.4375 0.15625 0.1828125
3 0.259375 0.8796875 0.31875 0.2125
0 0.75078125 0.503125 0.4421875 0.2484375
3 0.15546875 0.24140625 0.228125 0.1890625
4 0.88203125 0.38828125 0.2359375 0.140625
3 0.69140625 0.10234375 0.2359375 0.2
4 0.14765625 0.11953125 0.1875 0.15
3 0.33203125 0.140625 0.21875 0.103125
0 0.44609375 0.4765625 0.34375 0.259375
3 0.30546875 0.46171875 0.2140625 0.209375
4 0.19453125 0.365625 0.23125 0.0828125
3 0.796875 0.8625 0.40625 0.275
3 0.46328125 0.11640625 0.13125 0.09375
3 0.5109375 0.075 0.140625 0.15
1 0.66796875 0.9203125 0.521875 0.159375