2 0.11328125 0.63828125 0.203125 0.16875
3 0.41015625 0.6796875 0.409375 0.2140625
1 0.12265625 0.4375 0.15625 0.1828125
0 0.7515625 0.5015625 0.440625 0.2515625
3 0.25703125 0.88125 0.321875 0.2078125
3 0.15625 0.24296875 0.2265625 0.1921875
4 0.88203125 0.3890625 0.2359375 0.140625
3 0.69375 0.103125 0.240625 0.2
3 0.33359375 0.140625 0.2234375 0.103125
4 0.146875 0.11953125 0.1875 0.15
0 0.44609375 0.4765625 0.34375 0.259375
4 0.19296875 0.365625 0.2375 0.0828125
3 0.30546875 0.4609375 0.2125 0.2078125
3 0.79609375 0.8625 0.4078125 0.275
3 0.5125 0.07421875 0.1421875 0.1484375
3 0.4671875 0.115625 0.134375 0.0921875
4 0.67578125 0.92109375 0.5375 0.1578125