2 0.36015625 0.11328125 0.17109375 0.203125
3 0.31953125 0.409375 0.21328125 0.41328125
1 0.5625 0.12265625 0.18203125 0.15625
3 0.11875 0.2578125 0.2109375 0.31875
0 0.496875 0.75078125 0.2484375 0.44296875
4 0.8796875 0.14765625 0.1515625 0.1890625
4 0.61171875 0.88125 0.140625 0.2375
3 0.7578125 0.16015625 0.19375 0.2203125
3 0.85859375 0.3359375 0.1046875 0.228125
0 0.52265625 0.44453125 0.2609375 0.34453125
3 0.8984375 0.6984375 0.19921875 0.2375
4 0.634375 0.19375 0.0828125 0.234375
3 0.5390625 0.30546875 0.20546875 0.21328125
3 0.1375 0.79609375 0.275 0.4046875
3 0.92890625 0.52578125 0.14140625 0.14765625
4 0.07890625 0.665625 0.1578125 0.521875