2 0.1125 0.6390625 0.203125 0.171875
3 0.4046875 0.68046875 0.403125 0.2125
3 0.26796875 0.88203125 0.296875 0.2109375
1 0.1234375 0.4375 0.15625 0.184375
4 0.146875 0.1203125 0.190625 0.153125
0 0.75 0.503125 0.446875 0.25
4 0.88203125 0.390625 0.2359375 0.1375
3 0.1578125 0.24140625 0.2203125 0.1921875
3 0.73203125 0.1046875 0.234375 0.203125
0 0.44296875 0.47734375 0.34375 0.259375
3 0.33359375 0.1421875 0.2171875 0.1078125
4 0.196875 0.36640625 0.24375 0.0828125
3 0.30546875 0.46015625 0.2125 0.203125
3 0.7984375 0.8625 0.403125 0.275
3 0.54375 0.06875 0.178125 0.1375
3 0.50078125 0.11015625 0.1515625 0.0921875
1 0.678125 0.92109375 0.540625 0.1578125