2 0.8875 0.6390625 0.2046875 0.16875
3 0.596875 0.68046875 0.4 0.2125
1 0.8765625 0.43671875 0.15625 0.1828125
3 0.73125 0.8828125 0.29375 0.2078125
4 0.853125 0.121875 0.190625 0.153125
0 0.24921875 0.50546875 0.446875 0.2453125
4 0.11796875 0.38984375 0.2359375 0.1390625
3 0.84453125 0.240625 0.225 0.190625
0 0.559375 0.4765625 0.3375 0.259375
3 0.27109375 0.1046875 0.2359375 0.2046875
3 0.66640625 0.1421875 0.21875 0.109375
3 0.69375 0.46015625 0.2125 0.203125
3 0.203125 0.8625 0.403125 0.275
4 0.8046875 0.36640625 0.240625 0.0828125
3 0.4859375 0.10859375 0.1640625 0.09375
3 0.45390625 0.0671875 0.1921875 0.134375
4 0.328125 0.92109375 0.5359375 0.1578125