2 0.3609375 0.11328125 0.17109375 0.203125
3 0.31953125 0.40546875 0.21171875 0.3984375
1 0.56328125 0.12265625 0.18203125 0.15625
3 0.1171875 0.26953125 0.20625 0.296875
0 0.49375 0.75078125 0.2421875 0.446875
4 0.8796875 0.1484375 0.1515625 0.1890625
4 0.61171875 0.8828125 0.14140625 0.234375
3 0.89765625 0.73046875 0.19609375 0.23828125
3 0.75859375 0.15703125 0.19296875 0.22578125
0 0.52265625 0.44140625 0.26015625 0.340625
3 0.85859375 0.3328125 0.1078125 0.21640625
3 0.1375 0.79765625 0.275 0.40390625
4 0.63359375 0.19453125 0.0828125 0.23828125
3 0.54140625 0.3109375 0.203125 0.21484375
1 0.07890625 0.67265625 0.1578125 0.5328125