2 0.36015625 0.11328125 0.17109375 0.2046875
3 0.3203125 0.40390625 0.21328125 0.39609375
1 0.56328125 0.12265625 0.1828125 0.15625
3 0.11640625 0.26875 0.20546875 0.29296875
0 0.49375 0.75078125 0.24296875 0.446875
4 0.6109375 0.8828125 0.140625 0.234375
4 0.87890625 0.14765625 0.1546875 0.19453125
0 0.5234375 0.44140625 0.259375 0.340625
3 0.85859375 0.3328125 0.10625 0.215625
3 0.89765625 0.73671875 0.196875 0.246875
3 0.7578125 0.1578125 0.19375 0.225
4 0.63359375 0.1953125 0.0828125 0.2453125
3 0.13828125 0.79765625 0.2765625 0.4046875
3 0.540625 0.30625 0.20234375 0.21171875
4 0.07890625 0.67578125 0.1578125 0.54609375