2 0.11328125 0.6375 0.203125 0.16875
3 0.403125 0.6796875 0.396875 0.2125
1 0.12265625 0.43671875 0.15625 0.184375
3 0.26796875 0.884375 0.2953125 0.203125
0 0.7515625 0.50703125 0.446875 0.240625
4 0.8828125 0.38984375 0.234375 0.1421875
4 0.146875 0.1203125 0.190625 0.153125
3 0.74921875 0.103125 0.271875 0.2
3 0.15625 0.2421875 0.2234375 0.19375
3 0.33359375 0.1421875 0.2171875 0.109375
0 0.44140625 0.4765625 0.340625 0.259375
4 0.1953125 0.36640625 0.24375 0.0828125
3 0.79765625 0.86171875 0.4046875 0.2765625
3 0.3109375 0.46171875 0.221875 0.203125
3 0.559375 0.06953125 0.20625 0.13125
4 0.67578125 0.92109375 0.54375 0.1578125