2 0.88671875 0.63828125 0.203125 0.171875
3 0.59609375 0.67890625 0.39375 0.215625
1 0.87734375 0.4375 0.15625 0.18125
3 0.73203125 0.88359375 0.29375 0.2046875
0 0.246875 0.5078125 0.4453125 0.2375
4 0.11640625 0.38828125 0.2328125 0.140625
3 0.25390625 0.1015625 0.271875 0.1984375
3 0.84296875 0.24296875 0.221875 0.190625
4 0.853125 0.1203125 0.19375 0.153125
0 0.5578125 0.4765625 0.3421875 0.259375
3 0.66640625 0.1421875 0.21875 0.109375
4 0.80390625 0.365625 0.240625 0.0828125
3 0.69453125 0.459375 0.2125 0.2015625
3 0.20234375 0.8625 0.4046875 0.275
4 0.3234375 0.92109375 0.54375 0.1578125