2 0.88671875 0.6375 0.203125 0.16875
3 0.609375 0.68046875 0.39375 0.2125
1 0.87734375 0.4375 0.15625 0.18125
3 0.73203125 0.88359375 0.29375 0.2046875
0 0.24609375 0.5078125 0.44375 0.2375
3 0.25625 0.10078125 0.271875 0.196875
4 0.1171875 0.3890625 0.234375 0.140625
4 0.853125 0.11953125 0.190625 0.1515625
3 0.84375 0.24296875 0.225 0.190625
0 0.5578125 0.4765625 0.34375 0.259375
3 0.665625 0.1421875 0.21875 0.1078125
4 0.80546875 0.36640625 0.2421875 0.084375
3 0.69453125 0.459375 0.2125 0.2
3 0.2015625 0.86171875 0.403125 0.2765625
3 0.46953125 0.10625 0.1703125 0.096875
1 0.32578125 0.92109375 0.5375 0.1578125