2 0.36171875 0.11328125 0.16875 0.203125
3 0.31953125 0.390625 0.2109375 0.39375
1 0.5625 0.12265625 0.18203125 0.15625
3 0.11328125 0.26875 0.20078125 0.29453125
3 0.75625 0.15703125 0.1875 0.221875
4 0.87890625 0.14609375 0.153125 0.19140625
0 0.49140625 0.753125 0.23515625 0.4453125
3 0.8984375 0.7484375 0.1984375 0.28046875
4 0.6109375 0.8828125 0.140625 0.234375
0 0.52265625 0.4453125 0.25859375 0.35
3 0.859375 0.334375 0.10390625 0.21953125
4 0.63359375 0.1953125 0.08359375 0.24453125
3 0.146875 0.79765625 0.275 0.40390625
3 0.540625 0.30625 0.2015625 0.215625
3 0.89609375 0.53125 0.1 0.16875
1 0.07890625 0.675 0.1578125 0.53984375