2 0.6390625 0.11328125 0.171875 0.203125
3 0.68125 0.3890625 0.2125 0.39375
1 0.4375 0.1234375 0.18125 0.15625
4 0.11953125 0.146875 0.153125 0.190625
3 0.88671875 0.26875 0.2 0.290625
3 0.24609375 0.15625 0.1890625 0.225
0 0.50859375 0.7515625 0.234375 0.446875
3 0.10234375 0.7484375 0.2 0.278125
4 0.390625 0.8828125 0.140625 0.234375
0 0.47734375 0.44609375 0.2578125 0.3515625
3 0.1421875 0.3359375 0.1078125 0.221875
4 0.365625 0.1921875 0.084375 0.240625
3 0.853125 0.79765625 0.275 0.4046875
3 0.459375 0.30703125 0.2 0.215625
3 0.103125 0.53203125 0.103125 0.1703125
1 0.92109375 0.66953125 0.1578125 0.540625