2 0.3609375 0.11328125 0.17109375 0.203125
3 0.31953125 0.3890625 0.21015625 0.396875
1 0.56328125 0.12265625 0.18125 0.15546875
3 0.11015625 0.26875 0.1984375 0.29296875
3 0.75234375 0.15703125 0.184375 0.21875
0 0.49296875 0.7515625 0.2375 0.446875
3 0.896875 0.7515625 0.2 0.27734375
4 0.6109375 0.88359375 0.14140625 0.2328125
4 0.88046875 0.146875 0.1515625 0.18984375
0 0.52265625 0.44375 0.259375 0.34765625
3 0.85703125 0.3359375 0.1078125 0.22421875
3 0.53984375 0.30625 0.2015625 0.21328125
4 0.63359375 0.1953125 0.084375 0.24375
3 0.1375 0.796875 0.275 0.40546875
3 0.9015625 0.54453125 0.10625 0.171875
4 0.07890625 0.67578125 0.1578125 0.5421875