2 0.3625 0.11328125 0.16875 0.203125
1 0.5625 0.12265625 0.18125 0.15625
3 0.109375 0.26875 0.1921875 0.2890625
3 0.31015625 0.4078125 0.190625 0.409375
0 0.4921875 0.7515625 0.2328125 0.446875
3 0.7484375 0.1546875 0.178125 0.215625
3 0.89609375 0.7453125 0.2015625 0.28125
4 0.8828125 0.14765625 0.15 0.190625
4 0.6109375 0.884375 0.140625 0.23125
0 0.52109375 0.44765625 0.25625 0.3546875
3 0.859375 0.33984375 0.103125 0.2328125
4 0.63359375 0.1953125 0.084375 0.24375
3 0.53984375 0.30625 0.203125 0.215625
3 0.1375 0.7984375 0.275 0.403125
4 0.07890625 0.6703125 0.1578125 0.5359375