2 0.88671875 0.36171875 0.203125 0.165625
3 0.7296875 0.10859375 0.284375 0.1890625
1 0.87734375 0.5625 0.15625 0.1828125
3 0.59296875 0.31015625 0.4125 0.190625
3 0.25390625 0.896875 0.284375 0.2015625
0 0.25 0.490625 0.453125 0.23125
3 0.84609375 0.7484375 0.2140625 0.178125
4 0.115625 0.6109375 0.23125 0.1421875
4 0.85234375 0.8828125 0.190625 0.1484375
3 0.6609375 0.85859375 0.2328125 0.10625
0 0.55390625 0.52109375 0.353125 0.259375
4 0.80546875 0.63359375 0.246875 0.0859375
3 0.69296875 0.53984375 0.215625 0.203125
3 0.2015625 0.13828125 0.403125 0.2765625
4 0.32265625 0.07890625 0.540625 0.1578125