2 0.36171875 0.11328125 0.165625 0.203125
3 0.10859375 0.2703125 0.1890625 0.28515625
1 0.5625 0.12265625 0.1828125 0.15625
3 0.31015625 0.40703125 0.19140625 0.41171875
3 0.896875 0.74609375 0.2015625 0.284375
0 0.490625 0.75 0.23046875 0.453125
3 0.7484375 0.15390625 0.178125 0.2140625
4 0.6109375 0.884375 0.14140625 0.23046875
4 0.8828125 0.14765625 0.1484375 0.18984375
3 0.85859375 0.3390625 0.10625 0.2328125
0 0.52109375 0.44609375 0.25859375 0.353125
4 0.63359375 0.19453125 0.0859375 0.24609375
3 0.53984375 0.30703125 0.20234375 0.21484375
3 0.13828125 0.7984375 0.2765625 0.403125
4 0.07890625 0.67734375 0.1578125 0.54140625