2 0.63984375 0.8875 0.171875 0.203125
1 0.4375 0.87734375 0.1828125 0.15625
3 0.890625 0.73203125 0.1875 0.290625
3 0.6953125 0.5859375 0.18125 0.41875
3 0.103125 0.2546875 0.2015625 0.2859375
0 0.51015625 0.2515625 0.2296875 0.459375
4 0.1171875 0.8515625 0.15 0.190625
4 0.38828125 0.115625 0.1421875 0.23125
3 0.13984375 0.66171875 0.10625 0.2328125
3 0.459375 0.69140625 0.2046875 0.2171875
0 0.47890625 0.55390625 0.25625 0.35
4 0.36640625 0.80546875 0.0859375 0.246875
3 0.253125 0.8484375 0.1796875 0.2125
3 0.8625 0.2015625 0.275 0.403125
3 0.09296875 0.45390625 0.1234375 0.15625
4 0.92109375 0.31953125 0.15625 0.5484375