2 0.8875 0.36015625 0.203125 0.171875
1 0.87734375 0.5625 0.15625 0.1828125
3 0.73359375 0.109375 0.290625 0.190625
3 0.58515625 0.303125 0.421875 0.178125
3 0.25625 0.89609375 0.284375 0.203125
0 0.253125 0.49140625 0.4578125 0.234375
4 0.11484375 0.61171875 0.2296875 0.1421875
4 0.853125 0.88359375 0.1859375 0.14375
3 0.8453125 0.74765625 0.215625 0.1765625
3 0.66171875 0.859375 0.234375 0.10625
4 0.80625 0.63359375 0.240625 0.0859375
0 0.55234375 0.521875 0.353125 0.2578125
3 0.69140625 0.53984375 0.21875 0.203125
3 0.2015625 0.1375 0.403125 0.275
3 0.45625 0.90625 0.159375 0.125
4 0.3296875 0.07890625 0.525 0.1578125