2 0.36015625 0.11328125 0.17109375 0.203125
3 0.10859375 0.26484375 0.190625 0.28984375
3 0.30234375 0.41484375 0.17578125 0.4203125
1 0.5625 0.12265625 0.18203125 0.15625
3 0.8953125 0.74453125 0.20390625 0.28515625
0 0.48984375 0.74765625 0.23046875 0.45703125
4 0.61171875 0.88515625 0.1421875 0.2296875
3 0.74765625 0.1515625 0.1765625 0.2140625
4 0.8828125 0.14765625 0.14921875 0.190625
3 0.859375 0.33828125 0.10703125 0.23359375
3 0.53984375 0.30859375 0.20234375 0.21796875
4 0.63359375 0.19140625 0.084375 0.2375
0 0.521875 0.4453125 0.2578125 0.34765625
3 0.1375 0.79765625 0.275 0.40390625
3 0.90625 0.54375 0.1234375 0.15703125
4 0.07890625 0.67265625 0.1578125 0.5296875