2 0.36015625 0.11328125 0.17265625 0.2046875
3 0.10859375 0.26640625 0.1890625 0.29296875
1 0.5625 0.12265625 0.18125 0.15703125
3 0.3015625 0.41796875 0.1734375 0.428125
3 0.8953125 0.74375 0.20390625 0.28359375
0 0.490625 0.7484375 0.2328125 0.4578125
4 0.6109375 0.88515625 0.1421875 0.2296875
3 0.746875 0.15390625 0.17734375 0.21484375
4 0.88359375 0.14921875 0.14921875 0.1890625
3 0.86015625 0.3390625 0.10625 0.23515625
3 0.53984375 0.30859375 0.20234375 0.21796875
4 0.63359375 0.1921875 0.08515625 0.2328125
0 0.521875 0.44453125 0.2578125 0.346875
3 0.14609375 0.79765625 0.27421875 0.4046875
3 0.90703125 0.54453125 0.12265625 0.1578125
4 0.078125 0.66796875 0.15625 0.5265625