2 0.88671875 0.36015625 0.2046875 0.171875
3 0.73359375 0.10859375 0.29375 0.1890625
1 0.87734375 0.5625 0.15625 0.18125
3 0.58203125 0.3015625 0.428125 0.1734375
3 0.25625 0.8953125 0.284375 0.2046875
0 0.2515625 0.490625 0.4578125 0.2328125
4 0.11484375 0.6109375 0.2296875 0.1421875
3 0.84609375 0.746875 0.215625 0.178125
4 0.85078125 0.88359375 0.1890625 0.15
3 0.6609375 0.86015625 0.234375 0.10625
3 0.69140625 0.53984375 0.21875 0.203125
4 0.8078125 0.63359375 0.2328125 0.0859375
0 0.55546875 0.521875 0.346875 0.2578125
3 0.20234375 0.14609375 0.4046875 0.275
3 0.45546875 0.90703125 0.1578125 0.121875
4 0.33203125 0.078125 0.5265625 0.15625