2 0.88671875 0.3609375 0.203125 0.16875
3 0.73515625 0.11171875 0.2921875 0.1875
3 0.584375 0.30078125 0.4328125 0.16875
3 0.25625 0.89609375 0.284375 0.203125
0 0.253125 0.4921875 0.459375 0.2359375
1 0.8765625 0.5625 0.15625 0.18125
4 0.115625 0.6109375 0.23125 0.14375
3 0.65703125 0.86171875 0.24375 0.10625
4 0.8515625 0.8828125 0.1875 0.15
3 0.8453125 0.74609375 0.209375 0.178125
4 0.81171875 0.634375 0.23125 0.0859375
0 0.55546875 0.521875 0.346875 0.259375
3 0.6921875 0.540625 0.215625 0.20625
3 0.2015625 0.146875 0.403125 0.275
3 0.4546875 0.90859375 0.1515625 0.125
4 0.32578125 0.07890625 0.525 0.1578125