2 0.88671875 0.6390625 0.203125 0.1703125
3 0.73515625 0.88828125 0.29375 0.1828125
3 0.575 0.69921875 0.446875 0.1671875
1 0.8765625 0.4375 0.15625 0.1828125
3 0.25625 0.1046875 0.284375 0.2046875
0 0.2515625 0.50859375 0.459375 0.234375
4 0.1140625 0.390625 0.228125 0.14375
3 0.8453125 0.25390625 0.2046875 0.175
4 0.85234375 0.1171875 0.1890625 0.15
3 0.65703125 0.13828125 0.240625 0.103125
3 0.6921875 0.459375 0.215625 0.2046875
0 0.55703125 0.478125 0.346875 0.2625
4 0.81171875 0.36640625 0.23125 0.0859375
3 0.209375 0.85234375 0.4078125 0.28125
3 0.45859375 0.0921875 0.15625 0.1265625
4 0.325 0.92109375 0.5328125 0.1578125