2 0.36015625 0.11328125 0.1734375 0.203125
3 0.1234375 0.27578125 0.17109375 0.315625
1 0.5625 0.12265625 0.18203125 0.15546875
3 0.3046875 0.4265625 0.16015625 0.4453125
0 0.49140625 0.7484375 0.23828125 0.45703125
3 0.74765625 0.15546875 0.175 0.2140625
3 0.89765625 0.740625 0.19921875 0.2875
4 0.61015625 0.8859375 0.1453125 0.22734375
3 0.865625 0.35859375 0.10078125 0.26328125
4 0.88359375 0.14921875 0.14921875 0.1875
3 0.54140625 0.30625 0.2015625 0.20859375
0 0.5234375 0.4453125 0.2578125 0.3515625
4 0.63359375 0.18515625 0.08515625 0.22890625
3 0.14609375 0.79765625 0.27421875 0.40390625
3 0.9078125 0.5265625 0.1234375 0.146875