2 0.11328125 0.36015625 0.203125 0.1734375
3 0.27578125 0.1234375 0.315625 0.171875
1 0.12265625 0.5625 0.15625 0.18125
3 0.4265625 0.3046875 0.4453125 0.159375
0 0.7484375 0.49140625 0.45625 0.2390625
3 0.15546875 0.74765625 0.2140625 0.175
3 0.740625 0.89765625 0.2875 0.2
4 0.8859375 0.61015625 0.228125 0.1453125
3 0.35859375 0.865625 0.2625 0.1015625
4 0.14921875 0.88359375 0.1875 0.15
3 0.30625 0.54140625 0.209375 0.2015625
0 0.4453125 0.5234375 0.3515625 0.2578125
4 0.18515625 0.63359375 0.228125 0.084375
3 0.79765625 0.14609375 0.403125 0.275
3 0.5265625 0.9078125 0.146875 0.1234375