2 0.88671875 0.63984375 0.203125 0.1734375
3 0.7265625 0.87734375 0.3125 0.1703125
1 0.87734375 0.4375 0.15625 0.18125
3 0.57578125 0.6953125 0.440625 0.159375
0 0.25078125 0.5078125 0.459375 0.240625
4 0.1140625 0.38984375 0.228125 0.146875
3 0.63984375 0.13359375 0.2640625 0.096875
3 0.259375 0.10234375 0.2875 0.2
3 0.84375 0.25390625 0.215625 0.178125
4 0.85078125 0.1171875 0.1875 0.15
0 0.55546875 0.47734375 0.35 0.25625
3 0.69375 0.45859375 0.2078125 0.203125
4 0.81015625 0.36640625 0.234375 0.0859375
3 0.20234375 0.85390625 0.403125 0.275
3 0.46875 0.09140625 0.146875 0.125