2 0.36015625 0.11328125 0.1734375 0.203125
3 0.12265625 0.2734375 0.16953125 0.31328125
1 0.5625 0.12265625 0.18203125 0.15625
3 0.3046875 0.42421875 0.16015625 0.440625
0 0.4921875 0.74921875 0.23984375 0.459375
4 0.61015625 0.8859375 0.14609375 0.22734375
3 0.86640625 0.36015625 0.09765625 0.2640625
3 0.89765625 0.740625 0.19921875 0.2875
3 0.74609375 0.15625 0.17890625 0.215625
4 0.8828125 0.14921875 0.14921875 0.18828125
0 0.52265625 0.44453125 0.25546875 0.35078125
3 0.54140625 0.30625 0.20234375 0.2078125
4 0.63359375 0.18984375 0.0859375 0.23359375
3 0.14609375 0.79765625 0.275 0.40390625
3 0.90859375 0.53125 0.125 0.14765625