2 0.11328125 0.63984375 0.203125 0.1734375
3 0.73671875 0.09921875 0.284375 0.19375
1 0.12265625 0.4375 0.15625 0.18125
3 0.27578125 0.87265625 0.31875 0.1640625
0 0.74765625 0.503125 0.45625 0.25
3 0.4234375 0.6953125 0.446875 0.159375
3 0.15703125 0.2515625 0.2140625 0.1796875
4 0.8859375 0.390625 0.228125 0.1453125
3 0.36328125 0.13203125 0.259375 0.0984375
4 0.1484375 0.11796875 0.1875 0.15
3 0.3046875 0.46015625 0.2078125 0.203125
0 0.44453125 0.47890625 0.346875 0.25625
3 0.7984375 0.85390625 0.403125 0.2734375
4 0.18984375 0.3671875 0.225 0.0859375
3 0.53125 0.0921875 0.1515625 0.1234375