2 0.36015625 0.11328125 0.1734375 0.20234375
3 0.90078125 0.73671875 0.19453125 0.284375
1 0.5625 0.12265625 0.18125 0.15625
3 0.12734375 0.27578125 0.1640625 0.31953125
0 0.496875 0.74765625 0.24921875 0.45625
3 0.3046875 0.4234375 0.159375 0.44609375
3 0.7484375 0.15703125 0.1796875 0.2140625
4 0.609375 0.8859375 0.1453125 0.228125
3 0.86796875 0.36328125 0.0984375 0.25859375
4 0.88203125 0.1484375 0.14921875 0.18828125
3 0.53984375 0.3046875 0.20390625 0.2078125
0 0.52109375 0.44453125 0.25625 0.346875
3 0.14609375 0.7984375 0.2734375 0.403125
4 0.6328125 0.18984375 0.0859375 0.22421875
3 0.9078125 0.53125 0.1234375 0.1515625