2 0.63984375 0.88671875 0.175 0.203125
1 0.43828125 0.87734375 0.18125 0.15625
3 0.10078125 0.26015625 0.196875 0.284375
0 0.50234375 0.2515625 0.25 0.459375
3 0.6953125 0.57578125 0.159375 0.4453125
3 0.87265625 0.725 0.15625 0.31875
3 0.25078125 0.84453125 0.1796875 0.2171875
4 0.390625 0.1140625 0.146875 0.228125
3 0.13203125 0.6359375 0.0984375 0.2578125
4 0.1171875 0.8546875 0.14375 0.1890625
3 0.46015625 0.69453125 0.2046875 0.2109375
0 0.478125 0.55625 0.259375 0.346875
3 0.853125 0.2015625 0.2734375 0.403125
4 0.3671875 0.81015625 0.0875 0.21875
3 0.0921875 0.4671875 0.121875 0.1515625
4 0.921875 0.33828125 0.15625 0.5203125