2 0.359375 0.11328125 0.175 0.203125
1 0.5625 0.12265625 0.18203125 0.15625
0 0.49765625 0.74765625 0.25 0.45859375
3 0.3046875 0.42265625 0.159375 0.446875
4 0.60859375 0.88671875 0.1484375 0.2265625
4 0.88203125 0.1484375 0.15 0.1890625
3 0.1296875 0.278125 0.1578125 0.3203125
3 0.74921875 0.15625 0.18046875 0.21171875
3 0.89609375 0.74296875 0.20390625 0.26953125
3 0.86796875 0.36640625 0.0984375 0.25546875
3 0.5390625 0.30546875 0.2046875 0.21015625
0 0.52109375 0.44375 0.25703125 0.346875
3 0.14609375 0.7984375 0.275 0.403125
4 0.6328125 0.18984375 0.0875 0.2171875
3 0.9078125 0.546875 0.1203125 0.16640625