2 0.36015625 0.1125 0.175 0.20390625
1 0.56171875 0.1234375 0.18046875 0.15625
0 0.49375 0.74765625 0.2421875 0.45703125
3 0.3046875 0.421875 0.159375 0.4453125
4 0.609375 0.8859375 0.14375 0.228125
3 0.13046875 0.27578125 0.15546875 0.3171875
4 0.88203125 0.14921875 0.15078125 0.18515625
3 0.74921875 0.1546875 0.1796875 0.21328125
3 0.86796875 0.36875 0.0984375 0.25546875
3 0.896875 0.75390625 0.196875 0.25390625
3 0.5375 0.30546875 0.20234375 0.21171875
0 0.521875 0.4421875 0.259375 0.34453125
3 0.1375 0.8 0.275 0.4
4 0.6328125 0.18671875 0.08671875 0.22421875
3 0.909375 0.553125 0.121875 0.17265625
4 0.07890625 0.671875 0.15703125 0.540625