2 0.8875 0.36015625 0.203125 0.175
1 0.8765625 0.56171875 0.15625 0.18125
0 0.25234375 0.49375 0.45625 0.2421875
3 0.578125 0.3046875 0.4453125 0.159375
4 0.1140625 0.609375 0.228125 0.14375
3 0.72421875 0.13046875 0.3171875 0.15625
4 0.85078125 0.88203125 0.184375 0.15
3 0.8453125 0.74921875 0.2125 0.1796875
3 0.63125 0.86796875 0.25625 0.0984375
3 0.24609375 0.896875 0.253125 0.196875
3 0.69453125 0.5375 0.2125 0.203125
0 0.5578125 0.521875 0.34375 0.259375
3 0.2 0.1375 0.4 0.275
4 0.81328125 0.6328125 0.225 0.0875
3 0.446875 0.909375 0.171875 0.121875
4 0.328125 0.07890625 0.540625 0.15625