2 0.36015625 0.1140625 0.171875 0.20625
1 0.5625 0.12265625 0.18125 0.15625
0 0.49375 0.7484375 0.2421875 0.45625
3 0.3046875 0.42265625 0.159375 0.446875
4 0.609375 0.8859375 0.14375 0.228125
3 0.75 0.1546875 0.175 0.2125
4 0.88359375 0.1484375 0.14375 0.1828125
3 0.1296875 0.27578125 0.153125 0.315625
3 0.8671875 0.36875 0.0984375 0.253125
3 0.896875 0.753125 0.196875 0.25
3 0.5390625 0.3046875 0.20625 0.209375
0 0.521875 0.44296875 0.259375 0.34375
3 0.14609375 0.79765625 0.2734375 0.403125
4 0.63203125 0.18671875 0.0875 0.221875
3 0.90859375 0.55546875 0.11875 0.175
4 0.078125 0.6671875 0.15625 0.5296875
3 0.86796875 0.95078125 0.125 0.0921875