2 0.3609375 0.11328125 0.16875 0.20390625
1 0.5625 0.12265625 0.18125 0.15703125
3 0.3046875 0.4234375 0.159375 0.44453125
0 0.49375 0.7484375 0.24296875 0.45703125
3 0.75 0.15390625 0.1765625 0.21875
4 0.6109375 0.8859375 0.14453125 0.228125
4 0.884375 0.14765625 0.140625 0.18125
3 0.1296875 0.27734375 0.15390625 0.3203125
3 0.89765625 0.75234375 0.19609375 0.246875
3 0.8671875 0.37109375 0.0984375 0.2515625
3 0.53828125 0.30390625 0.2046875 0.209375
0 0.521875 0.44296875 0.26015625 0.3453125
4 0.63203125 0.190625 0.0875 0.2265625
3 0.1453125 0.79921875 0.275 0.4015625
3 0.90859375 0.55703125 0.11953125 0.17578125
4 0.07890625 0.67578125 0.15703125 0.540625