2 0.1140625 0.63984375 0.203125 0.175
1 0.12265625 0.43828125 0.1578125 0.18125
3 0.4234375 0.6953125 0.44375 0.1625
0 0.74765625 0.50625 0.45625 0.246875
4 0.88515625 0.38984375 0.2296875 0.1453125
4 0.14765625 0.115625 0.18125 0.1390625
3 0.27734375 0.871875 0.3203125 0.1515625
3 0.153125 0.25078125 0.215625 0.178125
3 0.37265625 0.13125 0.2546875 0.096875
3 0.74296875 0.1 0.246875 0.1953125
3 0.30390625 0.4609375 0.2109375 0.2078125
0 0.43984375 0.47890625 0.3375 0.2609375
3 0.79921875 0.8625 0.4015625 0.275
4 0.1875 0.3671875 0.21875 0.0859375
3 0.55703125 0.09609375 0.178125 0.1125
4 0.67109375 0.921875 0.534375 0.15625