2 0.35859375 0.1140625 0.17578125 0.2046875
1 0.5625 0.12265625 0.1828125 0.15703125
3 0.3046875 0.4203125 0.1625 0.4390625
3 0.86875 0.40234375 0.09375 0.240625
0 0.496875 0.74765625 0.25390625 0.45859375
4 0.61171875 0.884375 0.14453125 0.23125
3 0.8984375 0.74453125 0.2 0.24609375
3 0.12890625 0.27890625 0.1546875 0.31953125
4 0.88125 0.1484375 0.1515625 0.1875
3 0.74921875 0.15390625 0.18046875 0.2125
3 0.53828125 0.3 0.209375 0.20703125
3 0.1375 0.79921875 0.27421875 0.4015625
0 0.52109375 0.43125 0.25859375 0.3296875
3 0.9 0.5765625 0.1171875 0.20390625
4 0.6328125 0.18828125 0.0859375 0.221875
4 0.078125 0.671875 0.15625 0.5375