2 0.3578125 0.8859375 0.1796875 0.2046875
1 0.5625 0.87734375 0.18125 0.15625
3 0.30546875 0.58046875 0.1625 0.440625
0 0.49296875 0.2515625 0.246875 0.45625
3 0.12890625 0.7203125 0.1578125 0.321875
4 0.6125 0.1171875 0.14375 0.234375
3 0.871875 0.59296875 0.096875 0.2390625
3 0.75 0.84453125 0.18125 0.2109375
4 0.88125 0.8515625 0.1515625 0.1859375
3 0.89375 0.2515625 0.2046875 0.2375
3 0.89140625 0.409375 0.128125 0.2296875
3 0.1375 0.20078125 0.275 0.4015625
3 0.5390625 0.69921875 0.209375 0.2125
4 0.634375 0.80703125 0.0859375 0.2265625
0 0.52109375 0.5703125 0.2609375 0.3296875