2 0.8859375 0.6421875 0.2046875 0.1796875
1 0.87734375 0.4375 0.15625 0.18125
3 0.58046875 0.69453125 0.440625 0.1625
0 0.2515625 0.50703125 0.45625 0.246875
3 0.7203125 0.87109375 0.321875 0.1578125
4 0.1171875 0.3875 0.234375 0.14375
3 0.59296875 0.128125 0.2390625 0.096875
3 0.84453125 0.25 0.2109375 0.18125
4 0.8515625 0.11875 0.1859375 0.1515625
3 0.2515625 0.10625 0.2375 0.203125
3 0.409375 0.10859375 0.228125 0.128125
3 0.20078125 0.8625 0.4 0.275
3 0.69921875 0.4609375 0.2125 0.209375
4 0.80703125 0.365625 0.2265625 0.084375
0 0.5703125 0.47890625 0.3296875 0.2609375