2 0.3578125 0.11484375 0.178125 0.20703125
1 0.56171875 0.12265625 0.18046875 0.15703125
3 0.3046875 0.4203125 0.1625 0.44296875
0 0.49296875 0.7484375 0.24765625 0.45546875
4 0.61171875 0.8828125 0.14296875 0.23359375
3 0.1296875 0.27890625 0.159375 0.31875
3 0.8953125 0.74296875 0.20546875 0.24140625
3 0.7515625 0.15234375 0.17890625 0.21953125
3 0.87265625 0.40859375 0.09765625 0.2421875
4 0.88125 0.146875 0.15078125 0.18515625
3 0.89140625 0.590625 0.12890625 0.2296875
3 0.1375 0.79921875 0.27421875 0.4015625
3 0.5390625 0.3 0.21015625 0.21484375
4 0.634375 0.190625 0.08671875 0.23359375
0 0.52109375 0.42890625 0.26171875 0.3296875
4 0.07890625 0.67109375 0.1578125 0.540625