2 0.6421875 0.88515625 0.178125 0.20625
1 0.4390625 0.87734375 0.18125 0.15625
0 0.5046875 0.25546875 0.2546875 0.4625
3 0.69453125 0.578125 0.1625 0.44375
4 0.3875 0.11796875 0.14375 0.2359375
3 0.10390625 0.2328125 0.203125 0.278125
3 0.24609375 0.846875 0.175 0.2140625
4 0.1203125 0.853125 0.1515625 0.1875
3 0.12734375 0.5921875 0.0984375 0.2203125
3 0.8625 0.20078125 0.275 0.4015625
3 0.86796875 0.7265625 0.159375 0.315625
3 0.46171875 0.7015625 0.209375 0.21875
0 0.48046875 0.571875 0.259375 0.334375
4 0.365625 0.81484375 0.0890625 0.24375
3 0.10625 0.40546875 0.1265625 0.234375
4 0.92109375 0.3234375 0.1578125 0.5453125