2 0.88671875 0.64140625 0.20625 0.1765625
3 0.5765625 0.69453125 0.446875 0.1609375
0 0.25234375 0.503125 0.45625 0.25625
4 0.11953125 0.38828125 0.2390625 0.1421875
1 0.88359375 0.43671875 0.16875 0.184375
3 0.846875 0.2421875 0.2125 0.16875
4 0.85234375 0.11875 0.184375 0.15
3 0.2421875 0.1046875 0.2984375 0.2046875
3 0.20078125 0.8625 0.4015625 0.275
3 0.41015625 0.103125 0.2171875 0.1203125
3 0.57734375 0.128125 0.2171875 0.090625
3 0.71875 0.86953125 0.31875 0.15625
3 0.70078125 0.46171875 0.2234375 0.215625
0 0.571875 0.484375 0.3375 0.25
4 0.3265625 0.921875 0.55 0.15625