2 0.1140625 0.64140625 0.20625 0.1765625
3 0.41875 0.69375 0.4390625 0.165625
0 0.75234375 0.503125 0.4484375 0.25625
4 0.87734375 0.3875 0.2453125 0.134375
3 0.146875 0.23828125 0.228125 0.1609375
3 0.77734375 0.1078125 0.2625 0.2109375
4 0.14921875 0.11875 0.1875 0.15
3 0.44375 0.121875 0.175 0.1
1 0.1078125 0.4296875 0.184375 0.196875
3 0.27734375 0.875 0.31875 0.1578125
3 0.5921875 0.10859375 0.2375 0.1265625
3 0.7984375 0.8625 0.4 0.275
3 0.18671875 0.93125 0.3734375 0.1375
0 0.4328125 0.49375 0.334375 0.24375
3 0.3140625 0.4625 0.2375 0.221875
4 0.671875 0.92109375 0.546875 0.1578125
2 0.16640625 0.36796875 0.278125 0.09375