2 0.359375 0.11328125 0.175 0.2046875
0 0.496875 0.7546875 0.2578125 0.4421875
3 0.3109375 0.4140625 0.1703125 0.4375
4 0.6125 0.878125 0.134375 0.24375
4 0.88203125 0.14921875 0.15 0.1859375
3 0.8890625 0.7765625 0.2171875 0.2578125
1 0.5640625 0.1078125 0.1859375 0.1859375
3 0.7609375 0.14609375 0.1609375 0.228125
3 0.8796875 0.4421875 0.1 0.175
2 0.63203125 0.16328125 0.0953125 0.284375
3 0.89140625 0.590625 0.125 0.2375
3 0.13671875 0.79921875 0.2734375 0.4015625
3 0.12578125 0.271875 0.1578125 0.3140625
0 0.50546875 0.4328125 0.24375 0.3375
3 0.5390625 0.31171875 0.221875 0.23125
3 0.87109375 0.9453125 0.13125 0.1