2 0.1140625 0.640625 0.209375 0.175
3 0.40625 0.67578125 0.4171875 0.196875
0 0.7546875 0.503125 0.440625 0.2546875
4 0.87890625 0.38984375 0.2421875 0.134375
3 0.77734375 0.1109375 0.259375 0.215625
3 0.590625 0.109375 0.2375 0.128125
4 0.15 0.11796875 0.18125 0.146875
2 0.16171875 0.36953125 0.29375 0.1015625
3 0.13828125 0.2390625 0.240625 0.1625
3 0.271875 0.88203125 0.3046875 0.178125
3 0.79921875 0.8625 0.4015625 0.275
3 0.43828125 0.1203125 0.1734375 0.103125
3 0.21015625 0.93125 0.4 0.1375
1 0.1078125 0.446875 0.1875 0.159375
0 0.434375 0.49609375 0.3375 0.2453125
3 0.32109375 0.45859375 0.2421875 0.215625
3 0.953125 0.12890625 0.0875 0.1390625