2 0.35859375 0.11484375 0.175 0.2078125
3 0.3234375 0.403125 0.2 0.41875
0 0.49765625 0.7546875 0.25625 0.440625
4 0.6109375 0.87890625 0.1328125 0.240625
2 0.63046875 0.16171875 0.1015625 0.29375
3 0.8890625 0.778125 0.215625 0.2609375
4 0.88203125 0.15078125 0.1484375 0.18125
3 0.7625 0.13671875 0.1625 0.25
3 0.890625 0.590625 0.128125 0.2390625
3 0.1375 0.79921875 0.275 0.4015625
0 0.49375 0.4296875 0.25 0.3421875
3 0.1203125 0.27421875 0.178125 0.30625
1 0.54921875 0.1109375 0.1546875 0.18125
3 0.88203125 0.44140625 0.103125 0.175
3 0.06875 0.209375 0.1375 0.403125
3 0.540625 0.32109375 0.215625 0.2421875
3 0.86796875 0.95234375 0.134375 0.0875