2 0.35859375 0.11484375 0.17421875 0.2078125
3 0.3234375 0.403125 0.2 0.41796875
0 0.49765625 0.7546875 0.25546875 0.44140625
4 0.6109375 0.87890625 0.1328125 0.24140625
2 0.63046875 0.16171875 0.1015625 0.29453125
3 0.8890625 0.778125 0.21640625 0.26015625
4 0.88203125 0.15078125 0.1484375 0.18046875
3 0.7625 0.13671875 0.16171875 0.24921875
3 0.890625 0.590625 0.128125 0.2390625
3 0.1375 0.79921875 0.27421875 0.4015625
0 0.49375 0.4296875 0.24921875 0.3421875
3 0.1203125 0.27421875 0.178125 0.30625
1 0.54921875 0.1109375 0.15390625 0.18203125
3 0.88203125 0.44140625 0.103125 0.175
3 0.06875 0.209375 0.1375 0.403125
3 0.540625 0.32109375 0.21640625 0.2421875
3 0.86796875 0.95234375 0.13359375 0.08671875