2 0.1140625 0.63828125 0.2046875 0.16875
3 0.403125 0.6765625 0.4125 0.2015625
0 0.753125 0.50234375 0.44375 0.2546875
4 0.878125 0.3890625 0.24375 0.134375
3 0.27578125 0.8625 0.315625 0.1734375
4 0.15 0.11796875 0.18125 0.146875
3 0.77890625 0.1109375 0.2609375 0.2171875
2 0.16171875 0.37109375 0.296875 0.103125
3 0.58984375 0.109375 0.2390625 0.128125
3 0.146875 0.240625 0.228125 0.1671875
0 0.42890625 0.50625 0.340625 0.259375
3 0.7984375 0.8625 0.403125 0.275
3 0.44140625 0.11796875 0.175 0.1015625
3 0.2125 0.93125 0.40625 0.1375
1 0.11171875 0.45625 0.178125 0.146875
3 0.31953125 0.46328125 0.2390625 0.20625
3 0.95234375 0.1328125 0.0875 0.13125
1 0.67734375 0.92109375 0.540625 0.1578125