2 0.115625 0.63828125 0.209375 0.1703125
3 0.403125 0.67578125 0.409375 0.203125
0 0.75234375 0.50234375 0.446875 0.253125
4 0.87890625 0.3890625 0.240625 0.13125
3 0.27109375 0.86015625 0.3125 0.171875
3 0.778125 0.1109375 0.2625 0.215625
4 0.15078125 0.11796875 0.18125 0.15
3 0.5890625 0.109375 0.2390625 0.128125
3 0.146875 0.240625 0.228125 0.1671875
3 0.2109375 0.93046875 0.403125 0.1390625
1 0.11953125 0.4546875 0.16875 0.140625
0 0.4265625 0.50703125 0.3375 0.25625
3 0.7984375 0.8625 0.403125 0.275
2 0.16171875 0.37109375 0.2953125 0.103125
3 0.44140625 0.11875 0.175 0.1015625
3 0.32109375 0.46171875 0.2390625 0.209375