2 0.63828125 0.8859375 0.1703125 0.2046875
3 0.67890625 0.61015625 0.2046875 0.4046875
0 0.5015625 0.24921875 0.2546875 0.446875
4 0.3890625 0.121875 0.1359375 0.24375
3 0.11015625 0.409375 0.1296875 0.2421875
3 0.1109375 0.22265625 0.2171875 0.259375
3 0.86015625 0.73515625 0.178125 0.3390625
4 0.11875 0.85 0.15 0.18125
3 0.2390625 0.85390625 0.165625 0.23125
2 0.371875 0.8421875 0.1046875 0.2859375
3 0.1203125 0.559375 0.103125 0.1734375
0 0.50703125 0.57265625 0.259375 0.340625
3 0.8625 0.2 0.275 0.4
3 0.93125 0.78671875 0.1375 0.4078125
1 0.45 0.8953125 0.1546875 0.196875
3 0.46015625 0.68125 0.215625 0.23125