2 0.36015625 0.115625 0.17265625 0.20859375
3 0.321875 0.38984375 0.20703125 0.40625
0 0.4984375 0.75078125 0.25390625 0.44765625
4 0.61328125 0.8765625 0.1359375 0.246875
3 0.8890625 0.7796875 0.21640625 0.26484375
3 0.88984375 0.59140625 0.12734375 0.24296875
3 0.12578125 0.2625 0.19296875 0.33359375
2 0.628125 0.15859375 0.10390625 0.28828125
4 0.88125 0.1484375 0.14921875 0.18359375
3 0.7609375 0.146875 0.1640625 0.23046875
3 0.1375 0.79921875 0.275 0.4015625
0 0.49921875 0.43359375 0.259375 0.33671875
3 0.88046875 0.43984375 0.1015625 0.171875
1 0.55859375 0.10546875 0.17421875 0.19453125
3 0.06796875 0.21484375 0.1359375 0.41015625
3 0.53984375 0.31796875 0.21484375 0.2296875