2 0.8859375 0.36171875 0.2046875 0.16875
3 0.61171875 0.3234375 0.403125 0.2078125
0 0.25 0.49765625 0.45 0.253125
4 0.12109375 0.61171875 0.240625 0.1359375
3 0.7375 0.13046875 0.325 0.2
4 0.85078125 0.88125 0.184375 0.15
3 0.221875 0.8890625 0.2578125 0.2171875
2 0.83984375 0.62890625 0.2890625 0.103125
3 0.559375 0.8796875 0.171875 0.103125
0 0.57421875 0.49453125 0.340625 0.2625
3 0.409375 0.8921875 0.2375 0.121875
3 0.85625 0.75859375 0.2359375 0.1703125
3 0.20078125 0.1375 0.4015625 0.275
1 0.890625 0.5609375 0.190625 0.171875
3 0.78515625 0.06796875 0.40625 0.1359375
3 0.68125 0.53984375 0.225 0.2125