2 0.63671875 0.8859375 0.165625 0.20625
3 0.6765625 0.6125 0.2078125 0.403125
0 0.50234375 0.25 0.2546875 0.45
4 0.3859375 0.1234375 0.1375 0.246875
3 0.85625 0.7265625 0.19375 0.3265625
3 0.1109375 0.22109375 0.215625 0.259375
4 0.11875 0.85 0.15 0.184375
3 0.1203125 0.559375 0.103125 0.171875
3 0.109375 0.4078125 0.128125 0.2421875
3 0.23984375 0.85546875 0.165625 0.234375
2 0.37109375 0.83984375 0.103125 0.2890625
0 0.5 0.56796875 0.2625 0.334375
3 0.9328125 0.78359375 0.134375 0.403125
3 0.8625 0.20078125 0.275 0.4015625
1 0.44375 0.8875 0.1625 0.18125
3 0.459375 0.68046875 0.2125 0.2234375
3 0.13359375 0.046875 0.134375 0.0875
4 0.92109375 0.32890625 0.15625 0.521875