2 0.8859375 0.6390625 0.203125 0.1703125
3 0.6109375 0.6765625 0.4 0.20625
0 0.2515625 0.503125 0.453125 0.253125
4 0.121875 0.38671875 0.24375 0.1375
3 0.72890625 0.85 0.328125 0.1984375
3 0.22109375 0.11015625 0.2625 0.215625
4 0.85078125 0.11640625 0.178125 0.1421875
3 0.40625 0.11015625 0.240625 0.128125
3 0.55859375 0.1203125 0.1734375 0.103125
3 0.86171875 0.2390625 0.2484375 0.165625
0 0.56796875 0.4984375 0.3375 0.265625
3 0.20078125 0.86171875 0.4015625 0.2765625
3 0.7828125 0.93671875 0.4078125 0.1265625
1 0.88984375 0.45546875 0.184375 0.1453125
2 0.8390625 0.371875 0.2859375 0.103125
3 0.68125 0.459375 0.2234375 0.2140625
3 0.0453125 0.1296875 0.0828125 0.134375