2 0.8859375 0.6390625 0.2046875 0.171875
3 0.6 0.67578125 0.39375 0.2125
0 0.2515625 0.5015625 0.453125 0.25625
4 0.121875 0.3875 0.24375 0.134375
4 0.85078125 0.11796875 0.184375 0.15
3 0.7484375 0.8484375 0.35625 0.196875
3 0.21953125 0.1109375 0.265625 0.215625
0 0.56953125 0.496875 0.340625 0.26875
3 0.40625 0.109375 0.2390625 0.128125
3 0.55859375 0.11953125 0.175 0.103125
3 0.20078125 0.8625 0.4015625 0.275
2 0.83984375 0.3734375 0.2875 0.10625
3 0.86328125 0.240625 0.246875 0.16875
1 0.88515625 0.453125 0.1796875 0.14375
3 0.76953125 0.9375 0.409375 0.125
3 0.68046875 0.459375 0.221875 0.2125