2 0.3609375 0.1140625 0.171875 0.2046875
3 0.32421875 0.4 0.2125 0.39375
0 0.4984375 0.7484375 0.25625 0.453125
4 0.6125 0.878125 0.134375 0.24375
4 0.88203125 0.14921875 0.15 0.184375
3 0.1515625 0.2515625 0.196875 0.3578125
3 0.8890625 0.78046875 0.215625 0.265625
0 0.503125 0.43046875 0.26875 0.340625
3 0.890625 0.59375 0.128125 0.2390625
3 0.88046875 0.44140625 0.103125 0.175
3 0.1375 0.79921875 0.275 0.4015625
2 0.6265625 0.16015625 0.10625 0.2875
3 0.759375 0.13671875 0.16875 0.246875
1 0.546875 0.11484375 0.14375 0.1796875
3 0.0625 0.23046875 0.125 0.409375
3 0.540625 0.31953125 0.2125 0.221875