2 0.63828125 0.88359375 0.171875 0.2078125
3 0.840625 0.75 0.2078125 0.35
3 0.6765625 0.61484375 0.2109375 0.396875
0 0.5015625 0.2515625 0.2578125 0.453125
4 0.38515625 0.1234375 0.1375 0.246875
4 0.11875 0.8515625 0.15 0.1828125
3 0.1109375 0.22109375 0.2171875 0.2625
3 0.11953125 0.55703125 0.1015625 0.18125
0 0.49765625 0.571875 0.265625 0.3375
3 0.8625 0.20078125 0.275 0.4015625
2 0.371875 0.8390625 0.103125 0.2921875
3 0.10859375 0.4046875 0.125 0.240625
3 0.240625 0.8640625 0.165625 0.246875
1 0.44453125 0.890625 0.1609375 0.190625
3 0.459375 0.6828125 0.2125 0.221875
3 0.9375 0.76171875 0.125 0.3734375
4 0.92109375 0.31953125 0.1578125 0.5453125