2 0.63828125 0.1140625 0.1703125 0.2046875
3 0.67578125 0.39921875 0.2125 0.4
0 0.50234375 0.7484375 0.25625 0.453125
4 0.384375 0.8765625 0.1390625 0.246875
3 0.11171875 0.78203125 0.21875 0.265625
1 0.45078125 0.11796875 0.1484375 0.171875
3 0.11953125 0.44296875 0.103125 0.1796875
3 0.85546875 0.25703125 0.20625 0.35
4 0.11796875 0.15078125 0.1515625 0.18125
3 0.8625 0.79921875 0.275 0.4015625
0 0.49765625 0.42890625 0.265625 0.3390625
3 0.23828125 0.1375 0.1625 0.253125
3 0.109375 0.59375 0.128125 0.2390625
2 0.37109375 0.1609375 0.1 0.2875
3 0.45859375 0.3203125 0.2125 0.221875
3 0.128125 0.946875 0.1375 0.1
3 0.93828125 0.253125 0.121875 0.375
4 0.921875 0.68125 0.15625 0.54375