2 0.36171875 0.1140625 0.1703125 0.20546875
3 0.32890625 0.39765625 0.21484375 0.40078125
0 0.49765625 0.75 0.25703125 0.4515625
4 0.6140625 0.878125 0.134375 0.24375
3 0.8875 0.7828125 0.21953125 0.253125
4 0.88203125 0.1515625 0.14921875 0.1796875
3 0.15390625 0.25703125 0.20859375 0.35859375
3 0.88046875 0.44296875 0.103125 0.1796875
1 0.54453125 0.11328125 0.14609375 0.17890625
0 0.5 0.42890625 0.26015625 0.3390625
3 0.1375 0.7984375 0.275 0.403125
3 0.76328125 0.1359375 0.16015625 0.25234375
3 0.89609375 0.5875 0.12578125 0.21796875
3 0.875 0.94453125 0.13984375 0.103125
3 0.53828125 0.32109375 0.21015625 0.2234375
2 0.63125 0.16171875 0.09609375 0.2828125
1 0.078125 0.6765625 0.15625 0.534375