2 0.63984375 0.88515625 0.171875 0.20625
3 0.678125 0.6109375 0.209375 0.40625
0 0.50390625 0.25 0.2546875 0.4515625
4 0.3875 0.121875 0.134375 0.24375
3 0.834375 0.75 0.20625 0.33125
3 0.11953125 0.55625 0.103125 0.1828125
4 0.1171875 0.8484375 0.146875 0.18125
1 0.45 0.8875 0.15625 0.18125
3 0.10859375 0.203125 0.2140625 0.2578125
0 0.4984375 0.56875 0.2625 0.3421875
3 0.23671875 0.86484375 0.1578125 0.253125
3 0.8625 0.20078125 0.275 0.4015625
3 0.1046875 0.409375 0.1328125 0.228125
3 0.128125 0.0546875 0.13125 0.103125
3 0.4609375 0.6796875 0.209375 0.228125
3 0.94140625 0.74375 0.115625 0.36875
2 0.36953125 0.83515625 0.096875 0.284375
4 0.92109375 0.32265625 0.15625 0.5375