2 0.63984375 0.11640625 0.1734375 0.209375
3 0.67109375 0.39765625 0.2140625 0.40625
0 0.503125 0.75078125 0.25625 0.45
4 0.3859375 0.878125 0.1359375 0.24375
3 0.834375 0.25 0.203125 0.3328125
4 0.11796875 0.1515625 0.1484375 0.1796875
1 0.4546875 0.115625 0.1484375 0.1734375
3 0.11875 0.4453125 0.103125 0.1859375
3 0.10703125 0.79921875 0.2109375 0.25
3 0.2359375 0.1359375 0.1546875 0.253125
3 0.8625 0.7984375 0.275 0.403125
0 0.490625 0.43203125 0.259375 0.34375
3 0.10078125 0.5875 0.1296875 0.2171875
3 0.12421875 0.94296875 0.1359375 0.10625
3 0.4609375 0.32109375 0.2109375 0.228125
3 0.06328125 0.634375 0.1265625 0.15625
3 0.94375 0.25703125 0.1125 0.3640625
4 0.921875 0.675 0.15625 0.53125