2 0.3609375 0.8859375 0.16875 0.203125
3 0.16640625 0.7484375 0.1984375 0.35625
3 0.3234375 0.6078125 0.2109375 0.4015625
0 0.496875 0.24921875 0.25625 0.45
4 0.61328125 0.121875 0.13125 0.24375
1 0.559375 0.88515625 0.175 0.171875
4 0.8828125 0.84921875 0.1484375 0.1828125
3 0.90546875 0.4375 0.115625 0.1625
3 0.89375 0.18828125 0.2078125 0.234375
3 0.88125 0.55703125 0.103125 0.18125
0 0.5015625 0.56953125 0.259375 0.3421875
3 0.1375 0.2 0.275 0.4
3 0.76171875 0.86484375 0.159375 0.253125
3 0.92421875 0.36796875 0.15 0.1625
3 0.87265625 0.0578125 0.13125 0.1078125
3 0.5390625 0.67734375 0.2078125 0.23125
4 0.63125 0.828125 0.09375 0.265625
3 0.0515625 0.74296875 0.103125 0.346875
4 0.078125 0.321875 0.15625 0.546875