2 0.36171875 0.115625 0.1703125 0.2046875
3 0.165625 0.240625 0.1890625 0.35703125
3 0.3234375 0.39140625 0.209375 0.40234375
0 0.49609375 0.7515625 0.25703125 0.44765625
4 0.61640625 0.8765625 0.13359375 0.246875
1 0.55546875 0.11796875 0.1671875 0.16953125
3 0.921875 0.6390625 0.15625 0.171875
3 0.89765625 0.80546875 0.20078125 0.246875
4 0.88203125 0.15078125 0.1484375 0.18125
3 0.88125 0.44140625 0.103125 0.17890625
3 0.90390625 0.56328125 0.12109375 0.16171875
3 0.75703125 0.134375 0.16875 0.25859375
3 0.1375 0.79921875 0.275 0.40078125
0 0.5015625 0.43125 0.26015625 0.34453125
4 0.63203125 0.1796875 0.09140625 0.2578125
3 0.53984375 0.3203125 0.2078125 0.22421875
3 0.8734375 0.94453125 0.1375 0.103125
4 0.07890625 0.67265625 0.1578125 0.540625