2 0.36171875 0.1140625 0.17109375 0.20234375
3 0.1703125 0.2390625 0.1828125 0.35234375
3 0.3265625 0.40078125 0.2140625 0.40546875
0 0.496875 0.75078125 0.25859375 0.45
4 0.615625 0.87578125 0.13359375 0.2484375
1 0.55546875 0.11875 0.165625 0.1671875
4 0.88359375 0.15234375 0.146875 0.178125
3 0.8921875 0.81171875 0.2125 0.2375
3 0.88046875 0.440625 0.103125 0.17578125
4 0.6328125 0.17734375 0.0921875 0.2546875
3 0.9203125 0.640625 0.15859375 0.178125
0 0.51171875 0.4328125 0.26171875 0.34375
3 0.13671875 0.7984375 0.2734375 0.403125
3 0.7578125 0.134375 0.165625 0.25390625
3 0.90234375 0.56171875 0.11796875 0.15859375
3 0.86953125 0.94609375 0.1296875 0.1
3 0.540625 0.321875 0.20625 0.21953125
4 0.07890625 0.675 0.1578125 0.55859375