2 0.88515625 0.3609375 0.2046875 0.171875
3 0.6015625 0.33125 0.403125 0.215625
3 0.76484375 0.18359375 0.3328125 0.18125
0 0.25078125 0.49765625 0.453125 0.259375
4 0.12421875 0.61796875 0.2484375 0.134375
4 0.85078125 0.8828125 0.1859375 0.15
1 0.884375 0.55546875 0.165625 0.165625
3 0.56015625 0.88125 0.175 0.103125
3 0.18515625 0.88828125 0.2375 0.2203125
3 0.8703125 0.7578125 0.259375 0.1671875
0 0.56953125 0.50390625 0.34375 0.2625
3 0.35546875 0.91796875 0.175 0.1640625
3 0.2015625 0.1375 0.403125 0.275
3 0.6734375 0.54375 0.21875 0.2
3 0.0546875 0.87265625 0.103125 0.1328125
3 0.44140625 0.90078125 0.153125 0.11875
4 0.82578125 0.6328125 0.2578125 0.090625
3 0.75 0.0546875 0.3 0.109375
4 0.325 0.07890625 0.5390625 0.15625