2 0.359375 0.11484375 0.175 0.20546875
3 0.33125 0.39921875 0.21796875 0.40234375
0 0.496875 0.7484375 0.25703125 0.45546875
3 0.1859375 0.2328125 0.1765625 0.33515625
4 0.61796875 0.87578125 0.1359375 0.2484375
1 0.5609375 0.1171875 0.1765625 0.1671875
4 0.88359375 0.15078125 0.146875 0.184375
3 0.88046875 0.4421875 0.10390625 0.17734375
3 0.75625 0.1328125 0.1734375 0.259375
3 0.9015625 0.56796875 0.12109375 0.16953125
3 0.88828125 0.825 0.21953125 0.25
0 0.50234375 0.42890625 0.2625 0.3421875
3 0.1375 0.7984375 0.275 0.403125
3 0.5484375 0.325 0.196875 0.20625
3 0.87421875 0.95 0.13046875 0.09375
3 0.91015625 0.65625 0.16953125 0.196875
4 0.63359375 0.1703125 0.08828125 0.25625
3 0.0546875 0.246875 0.109375 0.28125
4 0.07734375 0.6765625 0.1546875 0.54140625