2 0.359375 0.8859375 0.1765625 0.2046875
3 0.33046875 0.6 0.21875 0.4
0 0.49765625 0.25234375 0.2578125 0.45625
4 0.6171875 0.12421875 0.1375 0.2484375
4 0.8828125 0.85 0.146875 0.184375
3 0.1859375 0.76875 0.1796875 0.334375
1 0.56015625 0.8828125 0.175 0.1671875
3 0.89921875 0.428125 0.1234375 0.1765625
3 0.88125 0.5578125 0.103125 0.178125
3 0.8875 0.17109375 0.2203125 0.2484375
3 0.1375 0.20234375 0.275 0.4046875
0 0.503125 0.5703125 0.2609375 0.340625
3 0.75703125 0.86875 0.171875 0.2609375
3 0.55 0.67265625 0.196875 0.2078125
3 0.909375 0.34140625 0.171875 0.1921875
4 0.63359375 0.828125 0.0890625 0.25625
3 0.875 0.05 0.1359375 0.09375
3 0.0546875 0.7484375 0.109375 0.2859375
4 0.07734375 0.32734375 0.1546875 0.5328125