2 0.88671875 0.6390625 0.203125 0.171875
3 0.5984375 0.66875 0.4078125 0.2140625
0 0.2515625 0.50390625 0.4546875 0.25625
4 0.1234375 0.38203125 0.246875 0.134375
3 0.1609375 0.10625 0.25 0.209375
3 0.5546875 0.11875 0.184375 0.1046875
4 0.84921875 0.11640625 0.1828125 0.1453125
3 0.3171875 0.09375 0.209375 0.178125
3 0.77734375 0.8125 0.35 0.1796875
3 0.86953125 0.24296875 0.259375 0.1734375
0 0.578125 0.50625 0.35 0.259375
3 0.2015625 0.8625 0.403125 0.275
2 0.8453125 0.36875 0.290625 0.0921875
3 0.42890625 0.09453125 0.175 0.1171875
3 0.66875 0.45 0.209375 0.19375
4 0.321875 0.921875 0.540625 0.15625
3 0.02734375 0.12734375 0.053125 0.1515625