2 0.11484375 0.63828125 0.203125 0.1734375
3 0.39609375 0.6703125 0.3953125 0.215625
0 0.75 0.50390625 0.453125 0.25625
4 0.8765625 0.3828125 0.246875 0.1375
4 0.1515625 0.11640625 0.184375 0.146875
3 0.44609375 0.11875 0.184375 0.103125
3 0.8359375 0.10625 0.2546875 0.209375
3 0.6828125 0.09453125 0.2140625 0.1796875
0 0.4234375 0.5046875 0.3515625 0.259375
3 0.13046875 0.23984375 0.259375 0.16875
3 0.79921875 0.8625 0.4015625 0.275
3 0.21640625 0.809375 0.33125 0.16875
3 0.57578125 0.0953125 0.184375 0.1203125
3 0.33203125 0.45078125 0.209375 0.19375
2 0.159375 0.36796875 0.284375 0.0921875
4 0.67890625 0.921875 0.5453125 0.15625
3 0.975 0.1265625 0.05 0.153125