2 0.3640625 0.11328125 0.16328125 0.2046875
3 0.3265625 0.384375 0.21484375 0.38984375
0 0.49609375 0.75234375 0.25625 0.446875
4 0.61484375 0.87578125 0.1390625 0.2484375
3 0.88125 0.44453125 0.103125 0.18046875
3 0.9078125 0.57109375 0.1078125 0.17578125
4 0.88515625 0.1484375 0.1375 0.18125
3 0.9046875 0.67578125 0.18125 0.20703125
1 0.5625 0.11015625 0.18125 0.18515625
3 0.75703125 0.13984375 0.16796875 0.23671875
0 0.4953125 0.42109375 0.25546875 0.353125
3 0.89296875 0.83125 0.209375 0.2609375
3 0.19921875 0.20703125 0.15859375 0.31953125
3 0.1375 0.7984375 0.27421875 0.403125
3 0.54921875 0.32890625 0.196875 0.2
3 0.87109375 0.97421875 0.15 0.0515625
4 0.078125 0.67734375 0.15625 0.5453125
4 0.6328125 0.16328125 0.09140625 0.26875