2 0.1140625 0.3625 0.203125 0.165625
3 0.37890625 0.328125 0.375 0.2203125
0 0.74921875 0.49609375 0.453125 0.25625
4 0.8765625 0.615625 0.246875 0.1375
3 0.14296875 0.75859375 0.2328125 0.1671875
3 0.44453125 0.88125 0.1796875 0.103125
4 0.14765625 0.884375 0.1828125 0.1421875
3 0.67578125 0.9046875 0.20625 0.18125
3 0.20546875 0.20234375 0.3234375 0.1578125
0 0.42578125 0.50078125 0.340625 0.253125
3 0.57109375 0.9078125 0.1765625 0.109375
1 0.10859375 0.5625 0.18125 0.1796875
3 0.8296875 0.89296875 0.2625 0.209375
3 0.7984375 0.1375 0.403125 0.275
3 0.32890625 0.54765625 0.203125 0.1984375
3 0.115625 0.053125 0.23125 0.10625
4 0.16796875 0.63203125 0.2734375 0.0921875
4 0.67890625 0.078125 0.546875 0.15625
3 0.975 0.87421875 0.05 0.1609375