2 0.3625 0.1140625 0.165625 0.20390625
3 0.328125 0.37890625 0.2203125 0.37578125
0 0.49609375 0.74921875 0.25625 0.45390625
4 0.615625 0.8765625 0.1375 0.246875
3 0.75859375 0.14296875 0.1671875 0.2328125
3 0.88125 0.44453125 0.10390625 0.1796875
4 0.884375 0.14765625 0.1421875 0.1828125
3 0.9046875 0.67578125 0.18125 0.20546875
3 0.20234375 0.20546875 0.1578125 0.3234375
0 0.50078125 0.42578125 0.25234375 0.33984375
3 0.9078125 0.57109375 0.10859375 0.1765625
1 0.5625 0.10859375 0.1796875 0.18203125
3 0.89296875 0.8296875 0.20859375 0.26328125
3 0.1375 0.7984375 0.275 0.403125
3 0.54765625 0.32890625 0.1984375 0.203125
3 0.053125 0.115625 0.10625 0.23125
4 0.63203125 0.16796875 0.0921875 0.2734375
4 0.078125 0.67890625 0.15546875 0.546875
3 0.87421875 0.975 0.1609375 0.05