2 0.11328125 0.6375 0.203125 0.165625
3 0.37734375 0.67109375 0.3765625 0.221875
3 0.14609375 0.24296875 0.2328125 0.1625
0 0.74921875 0.503125 0.4515625 0.2546875
4 0.8765625 0.3859375 0.246875 0.140625
4 0.1515625 0.11328125 0.175 0.140625
1 0.11328125 0.43515625 0.175 0.184375
3 0.44453125 0.11875 0.18125 0.10625
3 0.67578125 0.0953125 0.20625 0.18125
0 0.42578125 0.4984375 0.34375 0.253125
3 0.5703125 0.0921875 0.1734375 0.109375
3 0.834375 0.1046875 0.26875 0.203125
3 0.79765625 0.86171875 0.4046875 0.2765625
3 0.1890625 0.796875 0.321875 0.153125
3 0.325 0.453125 0.2 0.196875
4 0.171875 0.3671875 0.26875 0.090625
3 0.975 0.12890625 0.05 0.146875
4 0.6765625 0.921875 0.5375 0.15625
3 0.1171875 0.94609375 0.234375 0.1078125