2 0.11328125 0.6359375 0.203125 0.1671875
3 0.37578125 0.67109375 0.3734375 0.221875
1 0.1109375 0.4359375 0.178125 0.1828125
4 0.1546875 0.11328125 0.16875 0.1375
0 0.7515625 0.503125 0.446875 0.2546875
4 0.87890625 0.38828125 0.2421875 0.1390625
3 0.1515625 0.24375 0.21875 0.165625
3 0.4453125 0.11796875 0.18125 0.1046875
3 0.20234375 0.796875 0.321875 0.1578125
3 0.67734375 0.09453125 0.2046875 0.18125
3 0.840625 0.10390625 0.29375 0.203125
3 0.5703125 0.0921875 0.171875 0.1109375
3 0.7890625 0.85234375 0.40625 0.28125
3 0.32421875 0.45234375 0.2015625 0.196875
0 0.42890625 0.4921875 0.3484375 0.2515625
4 0.1734375 0.3671875 0.2625 0.090625
3 0.12265625 0.9421875 0.2453125 0.115625
3 0.97578125 0.12578125 0.0484375 0.1578125
4 0.67265625 0.921875 0.5328125 0.15625
4 0.07265625 0.209375 0.075 0.08125