2 0.8859375 0.63671875 0.20625 0.165625
3 0.84453125 0.2421875 0.2125 0.165625
3 0.61953125 0.67109375 0.384375 0.221875
0 0.2484375 0.503125 0.446875 0.2546875
4 0.12109375 0.3875 0.240625 0.14375
4 0.84375 0.1125 0.1640625 0.1359375
1 0.89140625 0.4328125 0.184375 0.190625
3 0.553125 0.11875 0.18125 0.10625
3 0.79765625 0.79609375 0.3171875 0.15625
3 0.32421875 0.09375 0.203125 0.178125
3 0.16171875 0.10390625 0.2875 0.203125
3 0.21015625 0.85234375 0.40625 0.2796875
0 0.5734375 0.49921875 0.346875 0.2515625
3 0.43046875 0.090625 0.171875 0.1125
3 0.6734375 0.45234375 0.2046875 0.2
3 0.87421875 0.940625 0.2515625 0.11875
3 0.02421875 0.115625 0.0484375 0.178125
4 0.33046875 0.921875 0.525 0.15625
4 0.93125 0.20703125 0.084375 0.08125
4 0.8296875 0.36640625 0.25625 0.0890625