2 0.3625 0.8875 0.1671875 0.203125
3 0.32890625 0.61640625 0.2234375 0.3875
3 0.7578125 0.84375 0.165625 0.2125
0 0.496875 0.2484375 0.2546875 0.446875
4 0.8875 0.84296875 0.134375 0.1625
4 0.6125 0.11875 0.14375 0.2375
3 0.2046875 0.79609375 0.159375 0.3203125
1 0.56796875 0.8921875 0.1921875 0.18125
3 0.88125 0.55390625 0.1046875 0.18125
3 0.90625 0.32265625 0.178125 0.2171875
3 0.89453125 0.16171875 0.20625 0.2921875
0 0.50078125 0.5734375 0.2515625 0.346875
3 0.1375 0.20234375 0.275 0.4046875
3 0.5484375 0.6765625 0.2 0.2
3 0.06015625 0.875 0.1203125 0.25
3 0.90859375 0.43125 0.1125 0.1703125
3 0.8703125 0.025 0.15 0.05
4 0.078125 0.31875 0.15625 0.54375
4 0.63359375 0.83046875 0.090625 0.2546875
4 0.7921875 0.93046875 0.0796875 0.0859375