2 0.63671875 0.1140625 0.165625 0.203125
3 0.67421875 0.38984375 0.215625 0.4
3 0.24140625 0.15546875 0.16875 0.2109375
0 0.50390625 0.7515625 0.25625 0.4484375
4 0.38984375 0.8859375 0.1484375 0.228125
3 0.11875 0.446875 0.1046875 0.1828125
4 0.1109375 0.15546875 0.134375 0.165625
1 0.4296875 0.1078125 0.1953125 0.184375
0 0.5 0.428125 0.2546875 0.346875
3 0.09375 0.67578125 0.178125 0.203125
3 0.80078125 0.20625 0.153125 0.328125
3 0.1078125 0.83671875 0.2109375 0.2703125
3 0.453125 0.32421875 0.203125 0.196875
4 0.22578125 0.07578125 0.13125 0.0859375
3 0.0984375 0.57890625 0.13125 0.196875
3 0.8625 0.79921875 0.275 0.4015625
3 0.9375 0.125 0.125 0.25
4 0.921875 0.678125 0.15625 0.540625
4 0.36640625 0.171875 0.090625 0.25