2 0.88671875 0.6359375 0.203125 0.16875
3 0.596875 0.6734375 0.409375 0.2078125
0 0.2484375 0.503125 0.45 0.25625
4 0.11328125 0.390625 0.225 0.146875
3 0.8421875 0.24296875 0.203125 0.171875
3 0.55390625 0.11875 0.184375 0.1046875
1 0.89296875 0.4296875 0.184375 0.196875
3 0.1578125 0.1109375 0.278125 0.215625
3 0.42265625 0.09765625 0.196875 0.128125
4 0.84921875 0.11171875 0.175 0.134375
3 0.325 0.09296875 0.203125 0.178125
0 0.57734375 0.50625 0.35625 0.259375
3 0.79296875 0.7984375 0.321875 0.1609375
4 0.92734375 0.228125 0.08125 0.1359375
3 0.67734375 0.45703125 0.19375 0.2015625
3 0.2015625 0.8625 0.403125 0.275
4 0.32578125 0.92109375 0.53125 0.1578125
4 0.821875 0.36640625 0.24375 0.090625
3 0.02890625 0.1296875 0.0578125 0.140625
3 0.87890625 0.9390625 0.2421875 0.121875