3 0.3234375 0.4046875 0.19296875 0.4328125
0 0.4953125 0.4265625 0.25 0.353125
0 0.496875 0.7546875 0.253125 0.44609375
4 0.14296875 0.80078125 0.27890625 0.3984375
4 0.084375 0.63828125 0.1640625 0.4859375
3 0.19765625 0.1953125 0.1453125 0.31953125
2 0.36875 0.11015625 0.17109375 0.19609375
1 0.56796875 0.1078125 0.19453125 0.184375
4 0.8875 0.15390625 0.13203125 0.153125
3 0.76640625 0.159375 0.17421875 0.1921875
3 0.8875 0.8453125 0.22421875 0.2421875
3 0.91015625 0.67265625 0.1796875 0.1828125
3 0.89765625 0.58046875 0.140625 0.2125
3 0.8796875 0.440625 0.10625 0.190625
4 0.76875 0.07265625 0.14765625 0.09296875
4 0.6 0.88671875 0.14609375 0.221875