2 0.6375 0.11328125 0.171875 0.20625
3 0.6671875 0.4359375 0.16875 0.4625
1 0.4375 0.11015625 0.18125 0.178125
4 0.3921875 0.8859375 0.1484375 0.228125
0 0.503125 0.74921875 0.25625 0.4546875
3 0.2359375 0.17578125 0.178125 0.190625
4 0.11015625 0.159375 0.1328125 0.1609375
3 0.79296875 0.2046875 0.1578125 0.325
3 0.11171875 0.83671875 0.21875 0.259375
3 0.11875 0.4453125 0.10625 0.1828125
3 0.09375 0.578125 0.1203125 0.1859375
3 0.09453125 0.68203125 0.18125 0.221875
0 0.50703125 0.43046875 0.2609375 0.33125
3 0.93671875 0.12265625 0.1265625 0.2453125
3 0.85234375 0.7890625 0.2796875 0.4078125
4 0.921875 0.66640625 0.15625 0.5171875
3 0.46328125 0.2875 0.196875 0.2359375
4 0.3640625 0.20234375 0.0828125 0.2625
3 0.1234375 0.96015625 0.1375 0.078125