2 0.63671875 0.8859375 0.16875 0.20625
1 0.43828125 0.88671875 0.18125 0.175
3 0.65859375 0.534375 0.18125 0.465625
4 0.1125 0.84609375 0.134375 0.171875
4 0.390625 0.11484375 0.146875 0.2296875
3 0.23203125 0.82109375 0.175 0.184375
0 0.503125 0.2515625 0.25625 0.4546875
3 0.09453125 0.32109375 0.18125 0.215625
3 0.79453125 0.79765625 0.159375 0.325
3 0.1109375 0.16953125 0.215625 0.2609375
3 0.11875 0.5546875 0.103125 0.18125
0 0.50625 0.57109375 0.2625 0.3328125
3 0.09140625 0.4265625 0.1125 0.178125
3 0.85234375 0.2109375 0.278125 0.409375
3 0.9328125 0.87578125 0.134375 0.2484375
3 0.1265625 0.0375 0.13125 0.075
4 0.921875 0.33046875 0.15625 0.528125
3 0.46328125 0.73203125 0.1828125 0.25625