3 0.6484375 0.48125 0.190625 0.4859375
3 0.8609375 0.79453125 0.278125 0.4109375
0 0.50078125 0.7546875 0.2578125 0.446875
0 0.5 0.4296875 0.2609375 0.34375
3 0.46015625 0.2578125 0.175 0.253125
2 0.6328125 0.1109375 0.1671875 0.209375
3 0.79765625 0.20078125 0.1640625 0.3296875
3 0.93671875 0.1328125 0.125 0.265625
4 0.91875 0.64296875 0.1625 0.4828125
4 0.3984375 0.88515625 0.15 0.228125
3 0.10859375 0.83125 0.215625 0.23125
3 0.09296875 0.68828125 0.1859375 0.20625
3 0.1203125 0.44453125 0.1078125 0.1828125
3 0.09375 0.58359375 0.125 0.190625
3 0.22734375 0.17265625 0.171875 0.190625
4 0.24609375 0.09140625 0.190625 0.146875
4 0.1140625 0.15078125 0.134375 0.1796875
1 0.43671875 0.11171875 0.184375 0.184375
4 0.36796875 0.21328125 0.078125 0.2875