2 0.88671875 0.3640625 0.2078125 0.165625
3 0.51015625 0.3421875 0.475 0.1875
4 0.8421875 0.88828125 0.165625 0.134375
4 0.115625 0.609375 0.23125 0.1453125
1 0.88984375 0.56171875 0.18125 0.18125
3 0.41875 0.90390625 0.175 0.121875
3 0.79765625 0.20703125 0.31875 0.159375
3 0.55546875 0.88125 0.1796875 0.103125
0 0.2484375 0.496875 0.4484375 0.25625
3 0.82734375 0.778125 0.190625 0.1625
3 0.16875 0.88828125 0.26875 0.2171875
3 0.31328125 0.90078125 0.225 0.1875
3 0.20234375 0.146875 0.403125 0.2734375
0 0.57109375 0.49453125 0.34375 0.2625
3 0.7546875 0.53515625 0.246875 0.1640625
4 0.32734375 0.078125 0.5328125 0.15625
3 0.86484375 0.06015625 0.265625 0.1203125
4 0.79296875 0.6359375 0.31875 0.084375
3 0.0375 0.878125 0.075 0.140625
4 0.9203125 0.7609375 0.14375 0.1609375