2 0.3640625 0.11328125 0.16640625 0.2078125
3 0.3421875 0.48984375 0.18828125 0.47421875
4 0.88828125 0.1578125 0.13359375 0.16484375
4 0.609375 0.884375 0.14453125 0.23046875
1 0.56171875 0.11015625 0.18046875 0.18203125
3 0.90390625 0.58125 0.12109375 0.17578125
3 0.20703125 0.20234375 0.159375 0.31875
3 0.88125 0.44453125 0.10390625 0.1796875
0 0.496875 0.7515625 0.25546875 0.4484375
3 0.778125 0.17265625 0.16171875 0.18984375
3 0.88828125 0.83125 0.2171875 0.26796875
3 0.90078125 0.68671875 0.1875 0.225
3 0.146875 0.79765625 0.2734375 0.40390625
0 0.49453125 0.42890625 0.26171875 0.34296875
3 0.53515625 0.2453125 0.1640625 0.246875
4 0.078125 0.67265625 0.15625 0.5328125
3 0.06015625 0.13515625 0.1203125 0.26640625
4 0.6359375 0.20703125 0.08515625 0.31875
3 0.878125 0.9625 0.14140625 0.075
4 0.7609375 0.0796875 0.1609375 0.14453125