2 0.1140625 0.6375 0.20625 0.1671875
3 0.496875 0.6546875 0.478125 0.1859375
3 0.190625 0.221875 0.1953125 0.1515625
4 0.15859375 0.11171875 0.165625 0.140625
4 0.88359375 0.3890625 0.23125 0.14375
3 0.20546875 0.79609375 0.3296875 0.1546875
3 0.2421875 0.4640625 0.253125 0.153125
3 0.678125 0.09609375 0.196875 0.18125
3 0.8375 0.11171875 0.25 0.21875
0 0.75546875 0.5046875 0.4421875 0.2515625
3 0.43828125 0.11875 0.19375 0.10625
3 0.56875 0.09140625 0.1796875 0.1140625
0 0.43125 0.5109375 0.3453125 0.25
1 0.1125 0.4390625 0.178125 0.1765625
3 0.7890625 0.85234375 0.40625 0.2796875
4 0.6640625 0.921875 0.515625 0.15625
3 0.134375 0.97734375 0.26875 0.0453125