2 0.6375 0.1140625 0.1671875 0.20625
3 0.6546875 0.496875 0.1859375 0.478125
3 0.221875 0.190625 0.1515625 0.1953125
4 0.11171875 0.15859375 0.140625 0.165625
4 0.3890625 0.88359375 0.14375 0.23125
3 0.79609375 0.20546875 0.153125 0.3296875
3 0.4640625 0.2421875 0.153125 0.253125
3 0.09609375 0.678125 0.18125 0.196875
3 0.11171875 0.8375 0.21875 0.25
0 0.5046875 0.75546875 0.2515625 0.4421875
3 0.11875 0.43828125 0.10625 0.19375
3 0.09140625 0.56875 0.1140625 0.1796875
0 0.5109375 0.43125 0.25 0.3453125
1 0.4390625 0.1125 0.1765625 0.178125
3 0.85234375 0.7890625 0.2796875 0.40625
4 0.921875 0.6640625 0.15625 0.515625
3 0.97734375 0.134375 0.0453125 0.26875