2 0.11484375 0.36484375 0.2078125 0.1671875
3 0.4921875 0.3484375 0.46875 0.190625
4 0.15703125 0.8859375 0.165625 0.14375
3 0.19375 0.778125 0.1984375 0.1484375
4 0.87890625 0.61171875 0.2421875 0.1359375
3 0.23984375 0.53671875 0.2375 0.15
3 0.83828125 0.8875 0.2375 0.2203125
3 0.20625 0.203125 0.3265625 0.15625
3 0.43046875 0.88359375 0.2 0.109375
3 0.66171875 0.90703125 0.171875 0.178125
0 0.75625 0.4953125 0.4421875 0.25
1 0.11171875 0.5609375 0.1828125 0.178125
3 0.559375 0.9109375 0.1609375 0.11875
0 0.4296875 0.4875 0.34375 0.25
3 0.7890625 0.14765625 0.40625 0.278125
4 0.67109375 0.078125 0.5296875 0.15625
3 0.9609375 0.8734375 0.078125 0.1375