2 0.36484375 0.11484375 0.1671875 0.2078125
3 0.3484375 0.4921875 0.19140625 0.46796875
4 0.8859375 0.15703125 0.14375 0.165625
3 0.778125 0.19375 0.1484375 0.1984375
4 0.61171875 0.87890625 0.1359375 0.2421875
3 0.53671875 0.23984375 0.15 0.2375
3 0.8875 0.83828125 0.21953125 0.23828125
3 0.203125 0.20625 0.15625 0.3265625
3 0.88359375 0.43046875 0.10859375 0.2
3 0.90703125 0.66171875 0.17734375 0.17265625
0 0.4953125 0.75625 0.25 0.4421875
1 0.5609375 0.11171875 0.178125 0.1828125
3 0.9109375 0.559375 0.11953125 0.1609375
0 0.4875 0.4296875 0.25 0.34453125
3 0.14765625 0.7890625 0.27890625 0.40625
4 0.078125 0.67109375 0.15625 0.5296875
3 0.8734375 0.9609375 0.1375 0.078125