2 0.6359375 0.11484375 0.16875 0.2078125
3 0.65 0.49453125 0.196875 0.4703125
4 0.3875 0.8765625 0.128125 0.246875
3 0.2234375 0.19140625 0.14375 0.2
4 0.1109375 0.15703125 0.1375 0.1625
3 0.46328125 0.24296875 0.14375 0.24375
3 0.1109375 0.8359375 0.215625 0.246875
3 0.7953125 0.20625 0.159375 0.325
3 0.11796875 0.42890625 0.1125 0.2015625
0 0.50546875 0.75546875 0.246875 0.44375
3 0.0875 0.5546875 0.1171875 0.1515625
3 0.08828125 0.66484375 0.1703125 0.1734375
0 0.51328125 0.42890625 0.25 0.340625
1 0.43984375 0.11015625 0.178125 0.171875
3 0.853125 0.78828125 0.278125 0.40625
4 0.921875 0.6640625 0.15625 0.515625