2 0.3640625 0.11484375 0.16875 0.2078125
3 0.35078125 0.49375 0.1953125 0.46796875
4 0.6125 0.87578125 0.13046875 0.2484375
3 0.7734375 0.19375 0.146875 0.20546875
3 0.5375 0.24296875 0.14296875 0.24453125
3 0.88984375 0.83984375 0.215625 0.24140625
4 0.88984375 0.15859375 0.1375 0.1625
3 0.203125 0.2078125 0.159375 0.32734375
3 0.8828125 0.43046875 0.11328125 0.2015625
0 0.49453125 0.75546875 0.24765625 0.4421875
3 0.9109375 0.55625 0.115625 0.159375
3 0.91484375 0.66328125 0.1703125 0.1765625
1 0.56015625 0.1109375 0.17890625 0.17421875
3 0.14765625 0.7890625 0.2796875 0.40625
0 0.4859375 0.42890625 0.2484375 0.33828125
4 0.078125 0.665625 0.15625 0.521875