2 0.11484375 0.6359375 0.2078125 0.16875
3 0.49375 0.64921875 0.46875 0.1953125
4 0.87578125 0.3875 0.2484375 0.13125
3 0.19375 0.2265625 0.20625 0.146875
3 0.24296875 0.4625 0.24375 0.14375
3 0.83984375 0.11015625 0.240625 0.215625
4 0.15859375 0.11015625 0.1625 0.1375
3 0.2078125 0.796875 0.328125 0.159375
3 0.43046875 0.1171875 0.2015625 0.1125
0 0.75546875 0.50546875 0.4421875 0.246875
3 0.55625 0.0890625 0.159375 0.115625
3 0.66328125 0.08515625 0.1765625 0.1703125
1 0.1109375 0.43984375 0.175 0.178125
3 0.7890625 0.85234375 0.40625 0.2796875
0 0.42890625 0.5140625 0.3375 0.2484375
4 0.665625 0.921875 0.521875 0.15625