2 0.36328125 0.115625 0.1671875 0.209375
3 0.35234375 0.5 0.1953125 0.478125
4 0.8875 0.1578125 0.140625 0.16484375
4 0.6125 0.8765625 0.128125 0.24609375
3 0.203125 0.2078125 0.16015625 0.32578125
3 0.78125 0.19609375 0.1359375 0.20390625
3 0.9171875 0.67109375 0.165625 0.1859375
3 0.54296875 0.240625 0.1328125 0.25234375
3 0.89140625 0.8265625 0.2109375 0.2578125
3 0.8796875 0.4328125 0.11015625 0.209375
3 0.909375 0.559375 0.11796875 0.15234375
0 0.49453125 0.753125 0.24375 0.4484375
3 0.14765625 0.7890625 0.278125 0.40546875
1 0.5609375 0.11484375 0.17734375 0.17734375
3 0.484375 0.44296875 0.24296875 0.3375
4 0.078125 0.66796875 0.15625 0.5234375
3 0.87265625 0.95859375 0.1421875 0.0828125