2 0.3640625 0.88515625 0.16875 0.209375
3 0.35078125 0.4921875 0.1984375 0.478125
4 0.8875 0.84296875 0.140625 0.1640625
4 0.6125 0.1234375 0.13125 0.246875
3 0.77890625 0.80234375 0.1375 0.20625
3 0.20546875 0.7921875 0.1625 0.3203125
3 0.90546875 0.43515625 0.125 0.159375
3 0.9203125 0.32734375 0.159375 0.1875
3 0.8796875 0.56875 0.109375 0.209375
3 0.54453125 0.759375 0.1296875 0.2578125
3 0.9 0.1921875 0.1953125 0.284375
0 0.49453125 0.246875 0.24375 0.4453125
3 0.14765625 0.21171875 0.278125 0.40625
1 0.56015625 0.884375 0.1765625 0.175
0 0.48515625 0.57265625 0.246875 0.328125
4 0.078125 0.33515625 0.15625 0.5140625
3 0.875 0.040625 0.1421875 0.08125
2 0.75625 0.921875 0.1578125 0.15625