2 0.3640625 0.11484375 0.1671875 0.209375
3 0.35078125 0.51171875 0.2015625 0.478125
4 0.61484375 0.8765625 0.1296875 0.24609375
4 0.8890625 0.159375 0.1375 0.159375
3 0.2078125 0.2046875 0.1609375 0.32109375
3 0.903125 0.5765625 0.1328125 0.18828125
3 0.87890625 0.4234375 0.10703125 0.2203125
3 0.89296875 0.815625 0.20703125 0.26953125
3 0.91875 0.6796875 0.1625 0.1859375
0 0.4984375 0.75 0.2515625 0.45078125
3 0.7671875 0.19296875 0.1609375 0.1984375
3 0.14765625 0.78828125 0.27890625 0.40625
0 0.50078125 0.4296875 0.24765625 0.32734375
3 0.55546875 0.2234375 0.109375 0.28984375
4 0.078125 0.6671875 0.15625 0.528125
2 0.7640625 0.07734375 0.16875 0.153125