2 0.36328125 0.11484375 0.16875 0.209375
3 0.3484375 0.51171875 0.196875 0.478125
4 0.88671875 0.1578125 0.140625 0.1625
4 0.615625 0.8765625 0.13125 0.246875
3 0.90234375 0.57734375 0.134375 0.1890625
3 0.88125 0.4265625 0.109375 0.21875
3 0.20859375 0.2015625 0.1609375 0.31875
3 0.77265625 0.19375 0.1546875 0.196875
3 0.89453125 0.81640625 0.20625 0.26875
3 0.9171875 0.678125 0.165625 0.1875
0 0.49609375 0.75078125 0.2484375 0.4515625
3 0.55703125 0.2265625 0.109375 0.29375
1 0.5625 0.11015625 0.1734375 0.1578125
3 0.14765625 0.78828125 0.2796875 0.40625
0 0.49140625 0.42734375 0.2640625 0.334375
4 0.078125 0.66953125 0.15625 0.5296875
2 0.765625 0.08046875 0.16875 0.146875
3 0.87265625 0.959375 0.134375 0.08125