2 0.36328125 0.11484375 0.16875 0.20859375
3 0.3484375 0.51171875 0.19609375 0.478125
4 0.88671875 0.1578125 0.140625 0.1625
4 0.615625 0.8765625 0.13125 0.246875
3 0.90234375 0.57734375 0.13359375 0.18828125
3 0.88125 0.4265625 0.109375 0.21875
3 0.20859375 0.2015625 0.16015625 0.31875
3 0.77265625 0.19375 0.15390625 0.196875
3 0.89453125 0.81640625 0.20546875 0.26875
3 0.9171875 0.678125 0.165625 0.1875
0 0.49609375 0.75078125 0.24765625 0.4515625
3 0.55703125 0.2265625 0.10859375 0.29453125
1 0.5625 0.11015625 0.1734375 0.1578125
3 0.14765625 0.78828125 0.27890625 0.40546875
0 0.49140625 0.42734375 0.26328125 0.33359375
4 0.078125 0.66953125 0.15625 0.5296875
2 0.765625 0.08046875 0.16796875 0.146875
3 0.87265625 0.959375 0.13515625 0.08125