2 0.36328125 0.88515625 0.16875 0.209375
3 0.3484375 0.48828125 0.196875 0.478125
4 0.88671875 0.8421875 0.140625 0.1625
4 0.615625 0.1234375 0.13125 0.246875
3 0.90234375 0.42265625 0.134375 0.1890625
3 0.88125 0.5734375 0.109375 0.21875
3 0.20859375 0.7984375 0.1609375 0.31875
3 0.77265625 0.80625 0.153125 0.196875
3 0.89453125 0.18359375 0.20625 0.26875
3 0.9171875 0.321875 0.165625 0.1875
0 0.49609375 0.24921875 0.2484375 0.4515625
3 0.55703125 0.7734375 0.109375 0.29375
1 0.5625 0.88984375 0.1734375 0.1578125
3 0.14765625 0.21171875 0.2796875 0.40625
0 0.49140625 0.57265625 0.2625 0.334375
4 0.078125 0.33046875 0.15625 0.5296875
2 0.765625 0.91953125 0.16875 0.146875
3 0.87265625 0.040625 0.134375 0.08125