2 0.88515625 0.6359375 0.209375 0.1671875
3 0.48359375 0.653125 0.484375 0.19375
4 0.84140625 0.11484375 0.1625 0.1421875
4 0.1234375 0.3828125 0.246875 0.13125
3 0.421875 0.096875 0.19375 0.1328125
3 0.8046875 0.22734375 0.196875 0.15625
3 0.5765625 0.11796875 0.2125 0.1125
3 0.8 0.79375 0.31875 0.1578125
3 0.1828125 0.10625 0.271875 0.20625
0 0.25078125 0.50390625 0.453125 0.25
3 0.31953125 0.0828125 0.1859375 0.165625
3 0.775 0.4421875 0.296875 0.1078125
0 0.56796875 0.49296875 0.33125 0.2625
1 0.89140625 0.4390625 0.1578125 0.171875
3 0.2109375 0.853125 0.40625 0.2796875
4 0.33203125 0.921875 0.5265625 0.15625
2 0.9203125 0.234375 0.146875 0.165625
3 0.04140625 0.125 0.08125 0.1375