2 0.1140625 0.3640625 0.2125 0.1671875
3 0.521875 0.34375 0.496875 0.184375
4 0.8765625 0.61640625 0.246875 0.1328125
3 0.19609375 0.77421875 0.2046875 0.1546875
3 0.203125 0.209375 0.321875 0.1625
4 0.1609375 0.88515625 0.1625 0.14375
3 0.42421875 0.88359375 0.2125 0.115625
3 0.2234375 0.5578125 0.296875 0.1046875
3 0.67734375 0.91640625 0.184375 0.1671875
3 0.81640625 0.89375 0.271875 0.2078125
3 0.55625 0.9109375 0.171875 0.11875
0 0.74765625 0.4890625 0.45625 0.2515625
0 0.43203125 0.5078125 0.33125 0.265625
3 0.78828125 0.14765625 0.40625 0.2796875
1 0.1078125 0.56171875 0.165625 0.171875
4 0.67109375 0.078125 0.528125 0.15625
3 0.95234375 0.875 0.0875 0.134375
2 0.07890625 0.765625 0.1515625 0.165625