2 0.3640625 0.1140625 0.1671875 0.2125
3 0.34375 0.521875 0.184375 0.496875
4 0.61640625 0.8765625 0.1328125 0.246875
3 0.77421875 0.19609375 0.1546875 0.2046875
3 0.209375 0.203125 0.1625 0.321875
4 0.88515625 0.1609375 0.14375 0.1625
3 0.88359375 0.42421875 0.115625 0.2125
3 0.5578125 0.2234375 0.103125 0.296875
3 0.91640625 0.67734375 0.1671875 0.184375
3 0.89375 0.81640625 0.20625 0.271875
3 0.9109375 0.55625 0.11875 0.171875
0 0.4890625 0.74765625 0.2515625 0.45625
0 0.5078125 0.43203125 0.265625 0.33125
3 0.14765625 0.78828125 0.2796875 0.40625
1 0.56171875 0.1078125 0.171875 0.165625
4 0.078125 0.67109375 0.15625 0.528125
3 0.875 0.95234375 0.134375 0.0875
2 0.765625 0.07890625 0.165625 0.1515625