2 0.11328125 0.36328125 0.215625 0.16875
3 0.51328125 0.34375 0.5 0.18125
4 0.87578125 0.61796875 0.2484375 0.134375
3 0.19609375 0.76953125 0.2046875 0.1578125
3 0.2265625 0.55859375 0.29375 0.1015625
4 0.16015625 0.87890625 0.16875 0.159375
3 0.20390625 0.20546875 0.321875 0.153125
3 0.415625 0.8859375 0.2078125 0.1203125
3 0.81640625 0.8921875 0.275 0.2109375
3 0.66953125 0.9171875 0.184375 0.165625
3 0.55390625 0.9109375 0.165625 0.125
0 0.7484375 0.49375 0.459375 0.253125
0 0.4328125 0.5109375 0.3328125 0.271875
3 0.7890625 0.14765625 0.40625 0.278125
1 0.10703125 0.56171875 0.1640625 0.1734375
4 0.6640625 0.078125 0.5140625 0.15625
2 0.078125 0.7640625 0.15 0.159375
3 0.95390625 0.875 0.0859375 0.134375