2 0.63671875 0.11328125 0.16875 0.215625
3 0.65625 0.51328125 0.18125 0.5
4 0.38203125 0.87578125 0.1359375 0.2484375
3 0.23046875 0.19609375 0.1578125 0.2046875
3 0.44140625 0.2265625 0.1015625 0.29375
4 0.12109375 0.16015625 0.159375 0.16875
3 0.79453125 0.20390625 0.153125 0.321875
3 0.1140625 0.415625 0.1203125 0.2078125
3 0.1078125 0.81640625 0.2109375 0.275
3 0.0828125 0.66953125 0.165625 0.184375
3 0.0890625 0.55390625 0.125 0.165625
0 0.50625 0.7484375 0.2546875 0.459375
0 0.4890625 0.4328125 0.271875 0.3328125
3 0.85234375 0.7890625 0.278125 0.40625
1 0.43828125 0.10703125 0.1734375 0.1640625
4 0.921875 0.6640625 0.15625 0.5140625
2 0.2359375 0.078125 0.159375 0.15
3 0.125 0.95390625 0.134375 0.0859375