2 0.36328125 0.1125 0.1703125 0.21953125
3 0.3421875 0.5140625 0.18125 0.49921875
4 0.61875 0.87578125 0.1328125 0.2484375
3 0.55859375 0.22578125 0.1 0.29375
3 0.20625 0.20390625 0.15625 0.31953125
3 0.77109375 0.19765625 0.15703125 0.19921875
3 0.8921875 0.815625 0.209375 0.27265625
3 0.9171875 0.6671875 0.16484375 0.18515625
3 0.8859375 0.41328125 0.11953125 0.2078125
4 0.878125 0.1609375 0.16015625 0.16953125
3 0.91015625 0.5515625 0.12734375 0.159375
0 0.49453125 0.7484375 0.2515625 0.45859375
3 0.1484375 0.7890625 0.2796875 0.40546875
0 0.5109375 0.43203125 0.27265625 0.33125
1 0.56171875 0.10859375 0.17578125 0.16640625
4 0.078125 0.66328125 0.15625 0.51796875
3 0.871875 0.95859375 0.134375 0.0828125
2 0.76328125 0.07890625 0.15859375 0.15078125