2 0.63671875 0.88671875 0.165625 0.215625
3 0.64375 0.49140625 0.1875 0.4984375
4 0.38125 0.12421875 0.134375 0.2484375
3 0.44140625 0.775 0.1 0.296875
3 0.0890625 0.33203125 0.1671875 0.184375
3 0.7890625 0.7953125 0.15625 0.321875
3 0.22890625 0.8046875 0.1625 0.20625
3 0.10703125 0.18359375 0.209375 0.2703125
3 0.1140625 0.5875 0.11875 0.20625
0 0.5125 0.253125 0.2515625 0.4625
4 0.121875 0.8390625 0.1609375 0.16875
0 0.4890625 0.56953125 0.271875 0.328125
3 0.85234375 0.2109375 0.2796875 0.4046875
3 0.08984375 0.45078125 0.128125 0.1578125
3 0.1265625 0.04609375 0.134375 0.0875
4 0.921875 0.32890625 0.15625 0.5265625
1 0.4390625 0.89140625 0.175 0.165625
2 0.23828125 0.921875 0.159375 0.153125