2 0.6375 0.88671875 0.16875 0.21875
3 0.64921875 0.48828125 0.175 0.50625
4 0.38359375 0.12265625 0.1328125 0.2453125
3 0.225 0.80390625 0.1625 0.2
3 0.0890625 0.33828125 0.16875 0.1859375
3 0.4421875 0.77890625 0.1 0.29375
3 0.79453125 0.79375 0.1546875 0.325
3 0.10703125 0.17890625 0.209375 0.2625
3 0.09140625 0.45234375 0.1296875 0.15
3 0.11640625 0.59140625 0.1171875 0.203125
0 0.5125 0.25625 0.2515625 0.46875
4 0.1171875 0.8390625 0.15 0.1625
3 0.853125 0.2109375 0.278125 0.40625
0 0.4875 0.56875 0.275 0.33125
3 0.125 0.04765625 0.1328125 0.0890625
4 0.921875 0.33046875 0.15625 0.5265625
1 0.4390625 0.89296875 0.175 0.1625