2 0.36015625 0.88515625 0.171875 0.221875
3 0.346875 0.48984375 0.16875 0.503125
3 0.77421875 0.80703125 0.1625 0.190625
3 0.91015625 0.34375 0.1703125 0.190625
3 0.5578125 0.778125 0.103125 0.29375
4 0.61640625 0.12265625 0.134375 0.24375
3 0.20546875 0.79765625 0.153125 0.325
3 0.89296875 0.17734375 0.209375 0.259375
3 0.90859375 0.45546875 0.1265625 0.1421875
3 0.88515625 0.5921875 0.1203125 0.2015625
0 0.48828125 0.25703125 0.25 0.471875
4 0.884375 0.83828125 0.146875 0.1625
3 0.87265625 0.04765625 0.134375 0.090625
0 0.51328125 0.56875 0.275 0.33125
3 0.14765625 0.2109375 0.278125 0.4046875
4 0.078125 0.334375 0.15625 0.521875
1 0.56171875 0.89296875 0.175 0.1625