2 0.36015625 0.11328125 0.1734375 0.21953125
3 0.3453125 0.5140625 0.1640625 0.5109375
3 0.7734375 0.19296875 0.15625 0.2015625
4 0.61640625 0.87734375 0.13203125 0.2453125
3 0.91015625 0.6640625 0.1703125 0.1765625
3 0.8921875 0.82421875 0.2109375 0.2609375
3 0.2046875 0.20625 0.153125 0.32265625
3 0.88671875 0.415625 0.12734375 0.20078125
3 0.9109375 0.54453125 0.1265625 0.14609375
0 0.5125 0.42578125 0.271875 0.31953125
0 0.4890625 0.74296875 0.253125 0.47421875
4 0.8796875 0.16171875 0.16015625 0.1671875
3 0.56015625 0.21796875 0.09921875 0.28671875
3 0.87265625 0.9515625 0.13515625 0.090625
3 0.146875 0.7890625 0.278125 0.4046875
4 0.078125 0.66796875 0.15625 0.5265625
1 0.5609375 0.10703125 0.175 0.16015625