2 0.63828125 0.1109375 0.178125 0.21875
3 0.6546875 0.515625 0.1625 0.515625
4 0.38359375 0.87734375 0.13125 0.2453125
4 0.11640625 0.159375 0.1484375 0.1625
3 0.22578125 0.19375 0.15625 0.1953125
3 0.79765625 0.20625 0.15625 0.328125
3 0.10859375 0.81640625 0.2125 0.296875
0 0.509375 0.7421875 0.2625 0.478125
3 0.08984375 0.553125 0.1234375 0.1625
3 0.43515625 0.21875 0.09375 0.2875
3 0.1125 0.41328125 0.1375 0.2
0 0.4875 0.428125 0.271875 0.325
3 0.85390625 0.78828125 0.2765625 0.403125
3 0.090625 0.66640625 0.171875 0.175
4 0.921875 0.665625 0.15625 0.521875
1 0.43828125 0.10703125 0.175 0.159375
3 0.1265625 0.95078125 0.134375 0.0921875