2 0.11171875 0.3609375 0.21875 0.175
3 0.51640625 0.34609375 0.51875 0.1625
4 0.8765625 0.61796875 0.246875 0.1296875
4 0.159375 0.8828125 0.1640625 0.15
3 0.20859375 0.2 0.328125 0.153125
3 0.83046875 0.8890625 0.26875 0.2171875
3 0.19453125 0.771875 0.1953125 0.1609375
3 0.409375 0.88671875 0.203125 0.1375
0 0.740625 0.49140625 0.478125 0.2625
3 0.55546875 0.909375 0.165625 0.125
0 0.42578125 0.51171875 0.3203125 0.271875
3 0.78828125 0.14609375 0.4046875 0.2765625
3 0.6640625 0.90859375 0.175 0.1734375
4 0.66953125 0.078125 0.5265625 0.15625
3 0.21484375 0.5671875 0.2875 0.0890625
1 0.10859375 0.5609375 0.15625 0.175